cells	chrMT:263:A/G	chrMT:750:A/G	chrMT:1438:A/G	chrMT:1747:G/A	chrMT:3693:G/A	chrMT:4071:C/T	chrMT:4339:G/A	chrMT:4769:A/G	chrMT:5351:A/G	chrMT:6351:T/C	chrMT:6680:T/C	chrMT:7853:G/A	chrMT:8162:T/C	chrMT:8519:G/A	chrMT:9468:A/G	chrMT:9824:T/C	chrMT:10400:C/T	chrMT:10873:T/C	chrMT:10939:C/T	chrMT:12121:T/C	chrMT:12705:C/T	chrMT:13678:C/T	chrMT:14783:T/C	chrMT:15289:T/C	chrMT:15326:A/G	chrMT:15849:C/T	chrMT:16129:G/A	chrMT:16324:T/C	chrMT:16362:T/C	depth
SRR6358540	4	7	2	0	0	1	0	1	0	5	1	6	0	0	2	2	3	6	0	5	2	0	3	0	5	0	4	10	0	3.78
SRR6358541	0	8	9	0	0	4	0	1	7	26	11	19	0	0	15	16	9	5	0	11	12	0	7	0	18	0	11	23	0	12.17
SRR6358542	3	0	1	0	0	1	0	0	1	6	1	2	0	0	4	0	2	1	0	0	0	0	1	0	2	0	0	0	0	2.18
SRR6358543	2	4	7	0	0	6	0	5	1	13	4	11	0	0	8	8	4	4	0	16	2	0	4	0	10	0	2	19	0	7.52
SRR6358544	23	54	36	0	0	19	0	11	34	57	56	56	0	0	45	69	40	38	0	46	45	0	44	0	49	0	28	69	0	49.01
SRR6358545	0	0	0	0	0	0	0	0	0	0	0	0	0	0	0	0	0	0	0	0	0	0	0	0	0	0	0	0	0	1.59
SRR6358546	12	35	44	0	0	23	0	5	13	41	50	56	0	0	44	40	46	35	0	44	44	0	36	0	43	0	17	35	0	37.42
SRR6358547	27	52	52	0	0	28	0	10	27	65	66	49	0	0	32	41	50	33	0	52	41	0	18	0	46	0	30	73	0	47.63
SRR6358548	1	10	12	0	0	5	0	5	8	31	28	17	0	0	8	5	19	7	0	9	19	0	6	0	17	0	2	22	0	15.03
SRR6358549	14	42	22	0	0	16	0	9	15	37	47	49	0	0	21	33	30	25	0	19	32	0	22	0	41	0	27	38	0	34.4
SRR6358550	4	22	13	0	0	18	0	5	13	35	28	20	0	0	21	13	18	9	0	19	12	0	18	0	13	0	16	32	0	18.27
SRR6358551	2	4	10	0	0	7	0	2	2	9	6	11	0	0	3	11	11	7	0	8	7	0	3	0	7	0	6	10	0	5.99
SRR6358552	0	0	0	0	0	0	0	0	0	0	0	0	0	0	0	0	0	1	0	0	0	0	0	0	0	0	0	0	0	1.42
SRR6358553	0	1	0	0	0	0	0	0	0	0	1	2	0	0	0	0	0	0	0	0	0	0	0	0	0	0	0	1	0	1.39
SRR6358554	4	9	8	0	0	4	0	4	10	28	24	14	0	0	6	9	11	8	0	13	2	0	8	0	7	0	10	18	0	10.75
SRR6358555	9	42	36	0	0	28	0	3	16	45	37	36	0	0	34	29	26	17	0	42	26	0	28	0	38	0	12	31	0	33.95
SRR6358556	0	1	0	0	0	0	0	0	0	0	0	0	0	0	0	0	0	0	0	0	0	0	0	0	0	0	0	1	0	1.42
SRR6358557	25	53	49	0	0	20	0	7	30	78	69	95	29	0	57	58	44	59	0	52	52	0	38	0	55	0	39	50	52	52.86
SRR6358558	2	1	5	0	0	3	0	3	3	6	6	5	0	0	2	0	2	5	0	5	3	0	1	0	4	0	2	2	0	4.01
SRR6358559	0	0	0	0	0	0	0	0	0	0	0	0	0	0	0	0	1	0	0	0	0	0	0	0	0	0	0	1	0	1.2
SRR6358560	21	61	57	50	0	30	6	9	28	58	44	64	0	0	42	54	37	20	0	49	40	0	34	0	53	0	28	73	0	53.21
SRR6358561	0	0	1	0	0	0	0	0	0	2	0	0	0	0	0	0	0	0	0	1	0	0	0	0	0	0	0	0	0	1.23
SRR6358562	3	18	6	0	0	4	0	3	8	15	17	11	0	0	18	10	8	10	0	5	14	0	4	0	12	0	7	7	0	12
SRR6358563	66	38	42	0	0	31	0	13	17	64	63	55	0	0	28	29	39	35	0	47	41	0	23	0	55	0	15	59	0	45.69
SRR6358564	0	0	1	0	0	0	0	0	2	3	0	0	0	0	1	0	0	0	0	0	0	0	0	0	0	0	0	1	0	1.36
SRR6358565	9	26	34	0	0	15	0	9	11	47	34	31	0	0	26	14	35	16	0	38	26	0	21	0	15	0	13	45	0	27.51
SRR6358566	6	16	5	0	0	3	0	0	7	27	11	15	0	0	9	6	16	3	0	14	11	0	7	0	10	0	3	20	0	10.72
SRR6358567	0	0	0	0	0	0	0	0	0	0	0	0	0	0	0	0	0	0	0	0	0	0	0	0	0	0	0	0	0	1.39
SRR6358568	6	22	23	0	0	9	0	5	14	37	25	20	0	0	32	21	15	8	0	28	8	0	11	0	26	0	9	31	0	20.24
SRR6358569	0	0	0	0	0	0	0	0	0	2	0	0	0	0	0	0	0	0	0	0	0	0	0	0	1	0	0	0	0	1.18
SRR6358570	29	61	38	0	0	40	0	15	30	73	74	83	0	0	41	38	43	37	0	66	66	0	48	0	54	0	24	64	0	56.47
SRR6358571	21	43	37	0	0	27	0	14	16	58	34	52	0	0	27	29	42	21	0	58	57	0	33	0	41	0	11	56	0	42.98
SRR6358572	20	49	54	0	0	40	0	18	32	85	58	82	0	0	44	61	58	43	0	51	52	0	42	0	60	0	39	70	0	57.82
SRR6358573	7	36	24	0	0	11	0	8	9	38	24	29	0	0	25	18	14	21	0	26	19	0	24	0	29	0	8	20	0	21.7
SRR6358574	19	57	48	0	0	31	0	19	24	75	59	51	0	0	73	53	42	27	0	59	46	0	42	0	47	63	27	108	0	52.6
SRR6358575	20	57	47	0	0	16	0	10	29	54	74	57	0	0	60	48	45	33	0	43	39	0	40	0	54	0	22	71	0	47.77
SRR6358576	16	45	35	0	0	24	0	8	15	46	47	68	0	0	37	38	38	22	0	36	30	0	28	0	43	0	20	56	0	41.38
SRR6358577	1	0	1	0	0	1	0	0	0	0	0	0	0	0	0	0	0	0	0	1	0	0	0	0	0	0	0	0	0	1.64
SRR6358578	3	26	32	0	0	8	0	8	12	27	27	19	0	0	22	17	18	16	0	28	25	0	14	0	26	0	12	18	0	20.17
SRR6358579	0	0	0	0	0	0	0	0	0	0	0	0	0	0	0	0	0	0	0	0	0	0	0	0	0	0	0	0	0	1.21
SRR6358580	5	16	12	0	0	5	0	3	6	18	11	9	0	0	8	9	7	4	0	10	7	0	3	0	15	0	2	10	0	8.95
SRR6358581	17	36	37	0	0	23	0	5	19	57	34	50	0	0	34	35	33	42	0	46	32	0	43	0	44	0	16	23	0	40.88
SRR6358582	2	3	3	0	0	1	0	0	3	18	8	13	0	0	5	11	7	1	0	10	1	0	5	0	10	0	1	7	6	6.49
SRR6358583	5	26	18	0	0	12	0	6	11	27	36	33	0	0	24	26	19	18	0	27	27	0	21	0	26	0	8	34	0	24.23
SRR6358584	2	7	8	0	0	3	0	2	3	26	14	14	0	0	10	5	5	2	0	12	12	0	5	0	14	0	9	6	0	9.96
SRR6358585	7	16	12	0	0	4	0	7	17	25	13	20	0	0	19	10	13	9	0	24	17	0	10	0	18	0	14	29	0	14.7
SRR6358586	35	33	43	0	0	25	0	9	19	51	47	58	0	0	45	54	44	29	0	34	44	0	40	0	51	0	21	57	0	44.24
SRR6358587	20	44	40	0	16	31	0	9	23	68	75	85	0	0	52	52	51	40	0	53	50	0	40	0	40	0	35	53	0	51.95
SRR6358588	0	0	0	0	0	0	0	0	0	0	0	0	0	0	0	0	0	0	0	0	0	0	0	0	0	0	0	0	0	1.61
SRR6358589	5	25	23	0	0	16	0	11	10	43	25	28	0	11	20	16	22	17	0	27	24	0	18	0	34	0	15	25	0	25.3
SRR6358590	0	4	2	0	0	6	0	3	3	12	8	16	0	0	9	3	5	3	0	7	2	0	3	0	3	0	2	7	0	6.65
SRR6358591	13	39	47	0	0	27	0	9	19	64	53	50	0	0	40	37	24	25	0	33	35	0	35	0	54	0	24	60	0	42.07
SRR6358592	7	23	16	0	0	9	0	7	10	35	32	32	0	0	36	21	27	12	0	30	20	0	18	0	22	0	14	38	0	25.45
SRR6358593	9	27	22	0	0	10	0	7	18	47	25	43	0	0	14	19	18	18	0	30	30	0	13	8	29	0	18	40	0	26.38
SRR6358594	12	17	18	0	0	13	0	2	15	35	21	35	0	0	23	23	19	17	0	26	20	0	24	0	33	0	10	47	0	26.35
SRR6358595	1	1	3	0	0	1	0	1	0	7	1	2	0	0	3	0	0	1	0	2	0	0	2	0	2	0	1	7	0	3.51
SRR6358596	0	0	0	0	0	0	0	0	0	0	0	0	0	0	0	0	0	0	0	0	0	0	0	0	0	0	0	0	0	1.16
SRR6358597	12	30	23	0	0	25	0	13	9	33	36	33	0	0	26	29	19	18	0	27	42	0	22	0	39	0	12	38	0	32.54
SRR6358598	0	0	0	0	0	0	0	0	0	0	0	0	0	0	0	0	0	0	0	2	0	0	0	0	0	0	0	0	0	1.13
SRR6358599	10	18	22	0	0	8	0	5	11	40	28	34	0	0	22	15	34	20	0	22	23	0	13	0	17	0	16	32	0	25.45
SRR6358600	28	60	54	0	0	27	0	9	20	67	47	64	0	0	37	48	41	33	0	64	41	0	49	0	65	0	34	60	0	54.51
SRR6358601	22	41	44	0	0	28	0	10	30	65	56	59	0	0	45	59	46	41	0	64	45	0	50	0	58	0	20	69	0	49.91
SRR6358602	7	23	25	0	0	16	0	6	18	36	26	45	0	0	31	22	29	18	0	29	15	0	24	0	30	0	12	35	0	27.54
SRR6358603	0	0	0	0	0	0	0	0	0	0	0	0	0	0	0	0	0	0	0	0	0	0	0	0	0	0	0	0	0	1.33
SRR6358604	0	0	0	0	0	0	0	0	0	0	0	0	0	0	0	0	0	0	0	0	0	0	0	0	0	0	0	0	0	1.51
SRR6358605	10	24	26	0	0	16	0	9	14	66	26	42	0	0	28	33	27	25	0	31	18	0	23	0	35	0	22	55	0	32.14
SRR6358606	3	2	3	0	0	4	0	1	2	6	4	6	0	0	3	4	3	2	0	6	2	0	6	0	3	0	3	9	0	4.35
SRR6358607	0	10	2	0	0	5	0	5	1	16	5	19	0	0	11	6	12	5	0	16	5	0	6	0	7	0	9	6	0	8.33
SRR6358608	19	36	12	0	0	22	0	5	21	49	53	53	0	0	35	26	37	21	0	32	44	0	29	0	35	0	21	37	0	37.14
SRR6358609	0	0	0	0	0	0	0	0	0	1	0	0	0	0	0	0	0	0	0	0	0	0	0	0	0	0	0	1	0	1.45
SRR6358610	12	26	11	0	0	7	0	4	6	20	22	20	0	0	26	19	16	12	0	29	12	0	17	0	17	0	10	15	0	18.09
SRR6358611	0	0	0	0	0	0	0	0	0	0	0	0	0	0	0	0	0	0	0	0	0	0	0	0	0	0	0	0	0	1.73
SRR6358612	0	0	0	0	0	0	0	0	0	0	0	0	0	0	0	0	0	0	0	0	0	0	0	0	0	0	0	0	0	1.52
SRR6358613	0	6	0	0	0	0	0	1	1	1	2	1	0	0	1	2	0	1	0	4	0	0	0	0	1	0	2	3	0	2.26
SRR6358614	21	43	47	0	0	37	0	13	30	72	49	59	0	0	43	42	36	34	0	56	37	33	31	0	42	0	26	57	0	48.87
SRR6358615	0	0	0	0	0	0	0	0	0	0	0	0	0	0	0	0	0	0	0	0	0	0	0	0	0	0	0	0	0	1.42
SRR6358616	0	0	0	0	0	0	0	0	0	0	0	0	0	0	0	0	0	0	0	0	0	0	0	0	2	0	0	0	0	1.46
SRR6358617	0	0	0	0	0	0	0	0	0	2	0	0	0	0	0	0	0	0	0	0	1	0	0	0	0	0	0	0	0	1.67
SRR6358618	0	1	0	0	0	0	0	0	0	1	1	0	0	0	0	1	1	0	0	2	2	0	1	0	2	0	0	0	0	2.16
SRR6358619	0	3	14	0	0	6	0	1	8	26	15	9	0	0	11	13	4	6	0	10	7	0	2	0	14	0	4	23	0	10.36
SRR6358620	0	4	1	0	0	1	0	0	5	6	6	5	0	0	6	4	3	0	0	4	5	0	8	0	6	0	1	10	0	3.79
SRR6358621	0	0	0	0	0	0	0	0	0	0	0	0	0	0	0	0	0	0	0	0	0	0	0	0	0	0	0	0	0	1.37
SRR6358622	0	0	0	0	0	0	0	0	0	3	2	1	0	0	0	0	0	0	0	0	2	0	0	0	0	0	1	0	0	1.41
SRR6358623	0	0	0	0	0	0	0	0	0	3	0	0	0	0	0	0	0	0	0	0	0	0	1	0	0	0	0	0	0	1.77
SRR6358624	0	3	1	0	0	0	0	0	0	1	0	0	0	0	0	0	0	0	0	0	1	0	0	0	2	0	1	0	0	1.34
SRR6358625	0	2	1	0	0	0	0	0	1	0	0	0	0	0	0	2	2	5	0	0	2	0	0	0	3	0	2	0	0	4.13
SRR6358626	9	24	14	0	0	8	0	6	10	32	30	25	0	0	13	16	26	10	0	18	14	0	11	0	32	0	16	18	0	17.41
SRR6358627	0	1	0	0	0	0	0	1	0	3	2	3	0	0	1	0	1	1	0	1	0	0	0	0	1	0	2	3	0	2.01
SRR6358628	0	0	0	0	0	0	0	0	0	0	0	0	0	0	0	0	0	0	0	0	0	0	0	0	0	0	0	0	0	1.67
SRR6358629	8	49	46	0	0	14	0	7	23	97	46	65	0	0	60	51	41	30	0	63	32	0	33	0	47	0	25	41	0	48.5
SRR6358630	2	0	1	0	0	0	0	0	0	2	1	0	0	0	1	3	2	2	0	0	0	0	2	0	0	0	0	2	0	1.93
SRR6358631	8	16	19	0	0	6	0	2	8	27	12	16	0	0	14	15	9	14	0	15	17	0	15	0	17	0	14	20	0	17.75
SRR6358632	4	29	16	0	0	18	0	6	11	42	25	44	0	0	26	21	23	16	0	17	27	0	5	0	23	0	6	27	0	23.47
SRR6358633	3	2	3	0	0	1	0	0	4	12	3	6	0	0	2	5	4	4	0	6	1	0	4	0	5	0	2	8	0	4.74
SRR6358634	19	55	41	0	0	21	0	6	16	44	43	48	0	0	50	29	35	29	0	42	24	0	35	0	50	0	29	45	0	39.35
SRR6358635	13	54	34	0	0	25	0	9	15	51	44	55	0	0	45	38	37	21	4	43	33	0	35	0	41	0	22	40	0	41.8
