cells	chrMT:199:T/C	chrMT:489:T/C	chrMT:750:A/G	chrMT:822:G/A	chrMT:927:G/A	chrMT:1438:A/G	chrMT:2706:A/G	chrMT:3091:G/A	chrMT:3688:G/A	chrMT:4164:A/G	chrMT:5460:G/A	chrMT:6455:C/T	chrMT:7028:C/T	chrMT:7144:T/C	chrMT:7853:G/A	chrMT:9540:T/C	chrMT:10400:C/T	chrMT:10873:T/C	chrMT:12121:T/C	chrMT:12705:C/T	chrMT:13444:T/C	chrMT:13635:T/C	chrMT:14466:T/C	chrMT:14783:T/C	chrMT:15301:G/A	chrMT:15657:T/C	chrMT:16129:G/A	chrMT:16324:T/C	depth
SRR6358348	1	1	1	0	0	0	1	0	0	0	0	1	1	0	1	1	0	1	1	0	0	0	0	1	1	0	0	1	2.04
SRR6358349	1	1	1	0	0	1	1	0	0	1	1	1	1	0	1	1	1	1	1	1	0	0	0	1	1	0	1	1	29.25
SRR6358350	0	0	0	0	0	0	0	0	0	0	0	0	0	0	0	0	0	0	0	0	0	0	0	0	0	0	0	0	1.84
SRR6358351	0	0	0	0	0	0	0	0	0	0	0	0	0	0	0	0	0	0	0	0	0	0	0	0	0	0	0	0	1.25
SRR6358352	0	1	0	0	0	0	0	0	0	0	0	1	0	0	1	1	1	1	0	0	0	0	0	0	0	0	0	1	1.56
SRR6358353	0	0	0	0	0	0	0	0	0	0	0	1	0	0	0	0	0	0	0	0	0	0	0	0	0	0	0	0	1
SRR6358354	1	1	0	0	0	1	0	0	0	0	0	1	0	0	1	1	0	1	0	1	0	0	0	0	1	0	1	1	1.71
SRR6358355	1	1	1	0	0	1	1	0	0.103448275862069	1	1	1	1	0	1	1	1	1	1	1	0	0	0	1	1	0	1	1	47.69
SRR6358356	1	1	1	0	0	1	1	0	0	1	1	1	1	0	1	1	1	1	1	1	0	0	0	1	1	0	1	1	16.2
SRR6358357	1	1	1	0	0	1	1	0	0	1	1	1	1	0	1	1	1	1	1	1	0	0.379310344827586	0	1	1	0	1	1	25.92
SRR6358358	1	1	1	0	0	1	1	0	0	1	1	1	1	0	1	1	1	1	1	1	0	0	0	1	1	0	1	1	32.52
SRR6358359	0	0	0	0	0	0	0	0	0	0	0	0	0	0	0	0	0	0	0	0	0	0	0	0	0	0	0	0	1
SRR6358360	0	0	0	0	0	0	0	0	0	0	1	0	0	0	0	0	0	0	0	0	0	0	0	0	1	0	0	1	1.31
SRR6358361	1	1	1	0	0	1	1	0	0	1	1	1	1	0	1	1	1	1	1	1	0	0	0	1	1	0	1	1	37.27
SRR6358362	0	0	0	0	0	0	0	0	0	0	0	0	0	0	0	0	0	0	0	0	0	0	0	0	0	0	0	0	1.49
SRR6358363	1	1	1	0	0	1	1	0	0	1	1	1	1	0.680412371134021	1	1	1	1	1	1	0	0	0	1	1	0	1	1	96.32
SRR6358364	1	1	1	0	0	1	1	0	0	1	1	1	1	0	1	1	1	1	1	1	0	0	0	1	1	0	1	1	14.83
SRR6358365	0	0	0	0	0	0	1	0	0	0	1	0	1	0	0	0	0	0	0	1	0	0	0	0	0	0	0	0	1.45
SRR6358366	1	1	1	0	0	0	0	0	0	0	1	1	1	0	1	0	1	1	1	1	0	0	0	1	0	0	1	1	2.62
SRR6358367	1	1	1	0	0	1	1	0	0	1	1	1	1	0	0.977011494252874	1	1	1	1	1	0.329545454545455	0	0	1	1	0	1	1	65.61
SRR6358368	1	1	1	0	0	1	1	0	0	1	1	1	1	0	1	1	1	1	1	1	0	0	0	1	1	0	1	1	55.63
SRR6358369	1	1	1	0	0	1	1	0	0	1	1	1	1	0	1	1	1	1	1	1	0	0	0	1	1	0	1	1	49.71
SRR6358370	1	1	1	0	0	1	1	0	0	1	1	1	1	0	1	1	1	1	1	1	0	0	0	1	1	0	1	1	34.53
SRR6358371	0	0	0	0	0	0	0	0	0	0	0	0	0	0	0	0	0	0	0	0	0	0	0	0	0	0	0	0	1.42
SRR6358372	1	1	1	0	0	1	1	0	0	1	1	1	1	0	1	1	1	1	1	1	0	0	0	1	1	0	1	1	21.73
SRR6358373	1	1	1	0	0	1	1	0	0	1	1	1	1	0	1	1	0.976744186046512	1	1	1	0	0	0	1	1	0	1	1	48.38
SRR6358374	0	1	1	0	0	1	1	0	0	0	0	1	0	0	1	1	1	0	0	1	0	0	0	0	1	0	1	1	2.34
SRR6358375	1	1	0.971428571428571	0	0	1	1	0	0	1	1	1	1	0	1	1	1	1	1	1	0	0	0	0.977272727272727	1	0	1	1	42.38
SRR6358376	1	1	1	0	0	1	1	0	0	1	1	1	1	0	1	1	1	1	1	1	0	0	0	1	1	0.65	1	1	12.16
SRR6358377	1	1	1	0	0	1	1	0	0	1	1	1	1	0	1	1	1	1	1	1	0	0	0	1	1	0	1	1	11.54
SRR6358378	1	1	0	0	0	0	0	0	0	0	0	0	1	0	1	0	1	1	0	1	0	0	0	0	1	0	0	0	1.46
SRR6358379	1	1	1	0	0	1	1	0	0	1	1	1	1	0	1	1	1	1	1	0.75	0	0	0	1	1	0	1	1	6.28
SRR6358380	1	1	1	0	0	1	1	0	0	1	1	1	1	0	1	1	1	1	1	1	0	0	0	1	1	0	1	1	36.67
SRR6358381	0	0	0	0	0	0	0	0	0	0	0	0	0	0	0	0	0	0	0	0	0	0	0	0	0	0	0	0	1.72
SRR6358382	1	1	1	0	1	1	1	0	0	1	1	0.986666666666667	1	0	1	1	1	1	1	1	0	0	0	1	1	0	1	1	70.11
SRR6358383	1	1	1	0	0	1	1	0	0	1	1	1	1	0	1	1	1	1	1	1	0	0	0	1	1	0	1	1	24.52
SRR6358384	1	1	1	0	0	1	1	0	0	1	1	1	1	0	1	1	1	1	1	1	0	0	0	1	1	0	1	1	39.66
SRR6358385	1	1	1	0	0	1	1	0	0	1	1	1	1	0	1	1	1	1	1	1	0	0	0	1	1	0	1	1	17.56
SRR6358386	0	0	0	0	0	0	0	0	0	0	0	0	0	0	1	1	0	0	0	0	0	0	0	1	0	0	0	1	1.31
SRR6358387	1	1	1	0	0	1	1	0	0	1	1	1	1	0	1	1	1	1	1	1	0	0	0	1	1	0.0256410256410256	1	1	31.02
SRR6358388	1	1	1	0	0	1	1	0	0	1	1	1	1	0	1	1	1	1	1	1	0	0	0	1	1	0	1	1	18.64
SRR6358389	1	1	1	0	0	1	1	0	0	1	1	1	1	0	1	1	1	1	1	1	0	0	0	1	1	0	1	1	55.01
SRR6358390	1	1	1	0	0	1	1	0	0	1	1	1	1	0	1	1	1	1	1	1	0	0	0	1	1	0	1	1	35.12
SRR6358391	1	1	1	0	0	1	1	0	0	1	1	1	1	0	1	1	1	1	1	1	0	0	0	1	1	0	1	1	77.6
SRR6358392	0	0	0	0	0	0	0	0	0	0	0	0	0	0	0	1	0	1	0	0	0	0	0	0	0	0	0	0	1.32
SRR6358393	0	0	0	0	0	0	0	0	0	0	0	0	0	0	0	0	0	0	0	0	0	0	0	0	0	0	0	0	1.32
SRR6358394	0	0	0	0	0	0	0	0	0	0	0	0	0	0	0	0	0	1	0	0	0	0	0	0	0	0	0	1	1.31
SRR6358395	1	1	1	0	0	1	1	0	0	1	1	1	1	0.0185185185185185	1	1	1	1	1	1	0	0	0	1	1	0	1	1	51.77
SRR6358396	0	0	1	0	0	0	0	0	0	0	0	0	0	0	0	0	1	0	0	0	0	0	0	0	0	0	0	0	1.12
SRR6358397	1	1	1	0	0	1	1	0	0	1	1	1	1	0	1	1	1	1	1	1	0	0	0	1	1	0	1	1	42.19
SRR6358398	1	1	1	0	0	1	1	0	0	1	1	1	1	0	1	1	1	1	1	1	0	0	0	1	1	0	1	1	45.26
SRR6358399	1	1	1	0	0	1	1	0	0	1	1	1	1	0	1	1	1	1	1	1	0	0	0	1	1	0	1	1	39.9
SRR6358400	1	1	1	0	0	1	1	0	0	1	1	1	1	0	1	1	1	1	1	1	0	0	0	1	1	0	1	1	16.47
SRR6358401	0	1	0	0	0	0	1	0	0	0	0	1	0	0	1	1	0	0	1	1	0	0	0	0	0	0	0	0	1.43
SRR6358402	0.973684210526316	1	1	0	0	1	0.96969696969697	0	0	1	1	1	1	0	1	1	1	1	1	1	0	0	0	1	1	0	1	1	55.03
SRR6358403	1	1	1	0	0	1	1	0	0	1	1	1	1	0	1	1	1	1	1	1	0	0	0	1	1	0	1	1	41.72
SRR6358404	1	1	1	0	0	1	1	0	0	0	1	1	1	0	1	1	1	0	1	1	0	0	0	1	1	0	1	1	3.03
SRR6358405	1	1	0.987341772151899	0	0	1	1	0	0	1	1	1	1	0	1	1	1	1	1	1	0	0	0	1	1	0	1	1	66.36
SRR6358406	1	1	1	0	0	1	1	0	0	1	1	1	1	0	1	1	1	1	1	1	0	0	0	1	1	0	1	1	19.57
SRR6358407	1	1	1	0	0	1	1	0	0	1	1	1	1	0	1	1	1	1	1	1	0	0.146341463414634	0	1	1	0	1	1	41.26
SRR6358408	1	1	1	0	0	1	1	0	0	1	1	1	1	0	1	1	1	1	1	1	0	0	0	1	1	0	1	1	50.35
SRR6358409	1	1	1	0	0	1	1	0	0	1	1	1	1	0	1	1	1	1	1	1	0	0	0	1	1	0	1	1	26.53
SRR6358410	1	1	1	0	0	1	1	0	0	1	1	1	1	0	1	1	1	1	1	1	0	0	0	1	1	0	1	1	8.38
SRR6358411	1	1	0	0	0	1	1	0	0	0	1	0	0	0	0	1	1	1	1	1	0	0	0	1	1	0	0	1	2.19
SRR6358412	0	0	0	0	0	0	0	0	0	0	0	0	0	0	0	0	0	0	0	0	0	0	0	0	0	0	0	0	1.35
SRR6358413	1	1	1	0	0	0	1	0	0	0	1	1	0	0	1	0	0	1	1	0	0	0	0	0	1	0	1	1	1.79
SRR6358414	0	0	0	0	0	0	0	0	0	0	0	0	0	0	0	0	0	0	0	0	0	0	0	0	0	0	0	0	1.79
SRR6358415	1	1	1	0	0	1	1	0	0	1	1	1	1	0	0.954545454545455	1	1	1	1	1	0	0	0	1	1	0	1	1	17.41
SRR6358416	1	1	1	0	0	1	1	0	0	1	1	0.962962962962963	1	0	1	0.983050847457627	1	1	1	0.981818181818182	0	0	0	1	1	0	0.966666666666667	0.962962962962963	60
SRR6358417	1	1	1	0	0	1	1	0	0	1	1	1	1	0	1	1	1	1	0.972972972972973	1	0	0	0	1	1	0	1	1	35.6
SRR6358418	1	1	1	0	0	1	1	0	0	0	1	1	1	0	1	1	1	1	1	1	0	0	0	1	1	0	1	1	5.33
SRR6358419	0	0	0	0	0	0	0	0	0	0	0	0	0	0	0	0	0	1	1	1	0	0	0	1	1	0	0	0	1.57
SRR6358420	1	1	1	0	0	1	1	0	0	1	1	1	1	0	1	1	1	1	1	1	0	0	1	1	1	0	1	1	58.93
SRR6358421	1	1	1	0	0	1	1	0	0	1	1	1	1	0.0149253731343284	1	1	1	1	1	1	0	0	0	1	1	0	1	1	51.87
SRR6358422	1	1	1	0	0	1	1	0	0	1	1	1	1	0	1	1	1	1	1	1	0	0	0	1	1	0	1	1	28.13
SRR6358423	1	1	1	0	0	1	1	0	0	1	1	1	1	0	1	1	1	1	1	1	0	0.0294117647058824	0	1	1	0	1	1	43.01
SRR6358424	0	0	1	0	0	1	0	0	0	0	0	0	0	0	0	1	0	0	1	1	0	0	0	0	0	0	0	0	1.42
SRR6358425	0	1	1	0	0	1	0	0	0	0	1	0	0	0	1	1	1	1	0	1	0	0	0	0	0	0	0	1	1.61
SRR6358426	0	0	0	0	0	0	0	0	0	0	0	0	0	0	0	0	0	0	0	0	0	0	0	0	0	0	0	0	1.3
SRR6358427	1	0	1	0	0	1	1	0	0	0	0	0	1	0	1	0	1	1	1	1	0	0	0	0	1	0	1	1	2.54
SRR6358428	0	0	0	0	0	0	0	0	0	0	0	1	0	0	0	0	0	0	0	0	0	0	0	0	1	0	0	0	1.66
SRR6358429	1	1	1	0	0	1	1	0	0	1	1	1	1	0	1	1	1	1	1	1	0	0	0	1	1	0	1	1	16.88
SRR6358430	1	1	1	0	0	1	1	0	0	1	1	1	1	0	1	1	1	1	0.928571428571429	1	0	0	0	1	1	0	1	1	12.11
SRR6358431	1	1	1	0	0	1	1	0	0	1	0.976190476190476	1	1	0	1	1	1	1	1	1	0	0	0	1	1	0	1	1	41.41
SRR6358432	0	0	0	0	0	0	0	0	0	0	0	0	0	0	0	0	0	0	0	0	0	0	0	0	0	0	0	0	1.42
SRR6358433	1	1	1	0	0	1	1	0	0.0121951219512195	1	1	1	1	0	1	1	1	1	1	1	0	0	0	1	1	0	1	1	55.72
SRR6358434	1	0	0	0	0	0	0	0	0	0	1	1	1	0	1	1	1	0	1	1	0	0	0	0	1	0	1	1	2.29
SRR6358435	1	1	1	0	0	1	1	0	0	1	0.975	1	1	0	1	1	1	1	1	1	0	0	0	1	1	0	1	1	40.56
SRR6358436	1	1	1	0.702127659574468	0	1	1	0	0	1	0.980392156862745	1	1	0	1	1	1	1	1	1	0	0	0	1	1	0	1	1	36.46
SRR6358437	1	1	1	0	0	1	1	0	0	1	1	1	1	0	1	0.923076923076923	1	1	1	1	0	0	0	1	1	0	1	1	11.47
SRR6358438	0	1	0	0	0	0	0	0	0	0	0	0	1	0	0	0	0	0	1	1	0	0	0	1	0	0	0	0	1.66
SRR6358439	1	1	1	0	0	1	1	0	0	1	1	1	1	0	1	1	1	1	1	1	0	0	0	1	1	0	1	1	47.35
SRR6358440	1	1	1	0	0	1	1	1	0	1	1	1	1	0	1	1	1	1	1	1	0	0	0	1	1	0	1	1	43.74
SRR6358441	1	0	0	0	0	0	1	0	0	0	1	1	0	0	0	1	0	0	0	0	0	0	0	1	1	0	0	0	1.52
SRR6358442	1	1	1	0	0	1	1	0	0	1	1	1	1	0	1	1	1	1	1	1	0	0	0	1	1	0	1	1	49.03
SRR6358443	1	1	1	0	0	1	1	0	0	1	1	1	1	0	1	1	1	1	1	1	0	0	0	1	1	0	1	1	9.11
