cells	chrMT:263:A/G	chrMT:750:A/G	chrMT:1438:A/G	chrMT:1747:G/A	chrMT:3693:G/A	chrMT:4071:C/T	chrMT:4339:G/A	chrMT:4769:A/G	chrMT:5351:A/G	chrMT:6351:T/C	chrMT:6680:T/C	chrMT:7853:G/A	chrMT:8162:T/C	chrMT:8519:G/A	chrMT:9468:A/G	chrMT:9824:T/C	chrMT:10400:C/T	chrMT:10873:T/C	chrMT:10939:C/T	chrMT:12121:T/C	chrMT:12705:C/T	chrMT:13678:C/T	chrMT:14783:T/C	chrMT:15289:T/C	chrMT:15326:A/G	chrMT:15849:C/T	chrMT:16129:G/A	chrMT:16324:T/C	chrMT:16362:T/C	depth
SRR6358540	1	1	1	0	0	1	0	1	0	1	1	1	0	0	1	1	1	1	0	1	1	0	1	0	1	0	1	1	0	3.78
SRR6358541	0	1	1	0	0	1	0	1	1	1	0.916666666666667	1	0	0	1	1	1	1	0	1	1	0	1	0	1	0	1	1	0	12.17
SRR6358542	1	0	1	0	0	1	0	0	1	1	1	1	0	0	1	0	1	1	0	0	0	0	1	0	1	0	0	0	0	2.18
SRR6358543	1	1	1	0	0	1	0	1	1	1	1	1	0	0	1	1	1	1	0	1	1	0	1	0	1	0	1	1	0	7.52
SRR6358544	1	1	1	0	0	1	0	0.846153846153846	0.918918918918919	1	1	1	0	0	1	1	0.952380952380952	0.974358974358974	0	1	1	0	1	0	1	0	1	1	0	49.01
SRR6358545	0	0	0	0	0	0	0	0	0	0	0	0	0	0	0	0	0	0	0	0	0	0	0	0	0	0	0	0	0	1.59
SRR6358546	1	1	1	0	0	1	0	0.555555555555556	0.866666666666667	1	1	1	0	0	1	1	1	1	0	1	1	0	1	0	1	0	1	1	0	37.42
SRR6358547	1	1	1	0	0	1	0	0.909090909090909	1	1	1	1	0	0	1	1	1	0.970588235294118	0	1	1	0	1	0	1	0	1	1	0	47.63
SRR6358548	1	1	1	0	0	1	0	1	1	1	1	1	0	0	1	1	1	1	0	1	1	0	1	0	1	0	1	1	0	15.03
SRR6358549	1	1	1	0	0	1	0	1	1	1	1	1	0	0	1	1	1	1	0	1	1	0	1	0	1	0	1	1	0	34.4
SRR6358550	1	1	1	0	0	1	0	1	1	1	1	1	0	0	1	1	1	1	0	1	1	0	1	0	1	0	1	1	0	18.27
SRR6358551	1	1	1	0	0	1	0	1	1	1	1	1	0	0	1	1	1	1	0	1	1	0	1	0	1	0	1	1	0	5.99
SRR6358552	0	0	0	0	0	0	0	0	0	0	0	0	0	0	0	0	0	1	0	0	0	0	0	0	0	0	0	0	0	1.42
SRR6358553	0	1	0	0	0	0	0	0	0	0	1	1	0	0	0	0	0	0	0	0	0	0	0	0	0	0	0	1	0	1.39
SRR6358554	1	1	1	0	0	1	0	0.8	1	1	1	1	0	0	1	0.818181818181818	1	1	0	1	1	0	1	0	1	0	1	1	0	10.75
SRR6358555	1	1	1	0	0	1	0	1	0.842105263157895	1	1	1	0	0	1	1	1	1	0	1	1	0	1	0	1	0	1	1	0	33.95
SRR6358556	0	1	0	0	0	0	0	0	0	0	0	0	0	0	0	0	0	0	0	0	0	0	0	0	0	0	0	1	0	1.42
SRR6358557	1	1	1	0	0	1	0	1	0.909090909090909	1	1	1	0.5	0	1	1	1	1	0	1	1	0	1	0	1	0	1	1	1	52.86
SRR6358558	1	1	1	0	0	1	0	1	1	1	1	1	0	0	1	0	1	1	0	1	1	0	1	0	1	0	1	1	0	4.01
SRR6358559	0	0	0	0	0	0	0	0	0	0	0	0	0	0	0	0	1	0	0	0	0	0	0	0	0	0	0	1	0	1.2
SRR6358560	1	1	1	1	0	1	0.15	1	1	0.983050847457627	1	1	0	0	1	1	1	1	0	1	1	0	1	0	1	0	1	0.986486486486487	0	53.21
SRR6358561	0	0	1	0	0	0	0	0	0	1	0	0	0	0	0	0	0	0	0	1	0	0	0	0	0	0	0	0	0	1.23
SRR6358562	1	1	1	0	0	1	0	0.6	1	1	1	1	0	0	1	1	1	1	0	1	1	0	1	0	1	0	1	1	0	12
SRR6358563	1	1	1	0	0	0.96875	0	0.866666666666667	0.894736842105263	1	1	1	0	0	1	1	1	1	0	1	1	0	1	0	1	0	1	1	0	45.69
SRR6358564	0	0	1	0	0	0	0	0	1	1	0	0	0	0	1	0	0	0	0	0	0	0	0	0	0	0	0	1	0	1.36
SRR6358565	1	1	1	0	0	1	0	1	1	1	1	1	0	0	1	1	1	1	0	1	1	0	1	0	1	0	1	1	0	27.51
SRR6358566	1	1	1	0	0	1	0	0	1	1	1	1	0	0	1	1	1	1	0	1	1	0	1	0	1	0	1	1	0	10.72
SRR6358567	0	0	0	0	0	0	0	0	0	0	0	0	0	0	0	0	0	0	0	0	0	0	0	0	0	0	0	0	0	1.39
SRR6358568	1	1	1	0	0	1	0	1	1	1	1	1	0	0	1	1	1	1	0	1	1	0	1	0	1	0	1	1	0	20.24
SRR6358569	0	0	0	0	0	0	0	0	0	1	0	0	0	0	0	0	0	0	0	0	0	0	0	0	1	0	0	0	0	1.18
SRR6358570	1	1	1	0	0	1	0	0.833333333333333	0.967741935483871	1	1	1	0	0	1	1	1	1	0	1	1	0	1	0	1	0	0.96	1	0	56.47
SRR6358571	1	1	1	0	0	1	0	0.933333333333333	1	1	1	1	0	0	1	1	1	1	0	1	1	0	1	0	1	0	1	1	0	42.98
SRR6358572	1	1	1	0	0	1	0	0.947368421052632	1	1	0.983050847457627	1	0	0	1	1	1	1	0	1	1	0	1	0	1	0	1	1	0	57.82
SRR6358573	1	1	1	0	0	1	0	0.888888888888889	1	1	1	1	0	0	1	1	1	1	0	1	1	0	1	0	1	0	1	1	0	21.7
SRR6358574	1	1	1	0	0	1	0	0.863636363636364	1	0.974025974025974	1	1	0	0	1	1	1	0.964285714285714	0	1	1	0	1	0	1	1	1	1	0	52.6
SRR6358575	1	1	1	0	0	1	0	0.769230769230769	0.935483870967742	1	1	1	0	0	1	0.96	1	1	0	1	1	0	1	0	1	0	1	1	0	47.77
SRR6358576	1	1	1	0	0	1	0	1	1	1	1	1	0	0	1	1	1	1	0	1	1	0	1	0	1	0	1	1	0	41.38
SRR6358577	1	0	1	0	0	1	0	0	0	0	0	0	0	0	0	0	0	0	0	1	0	0	0	0	0	0	0	0	0	1.64
SRR6358578	1	1	1	0	0	1	0	1	0.857142857142857	1	1	1	0	0	1	1	0.9	1	0	1	1	0	1	0	1	0	1	1	0	20.17
SRR6358579	0	0	0	0	0	0	0	0	0	0	0	0	0	0	0	0	0	0	0	0	0	0	0	0	0	0	0	0	0	1.21
SRR6358580	1	1	1	0	0	1	0	1	1	1	1	1	0	0	1	1	1	1	0	1	1	0	1	0	1	0	1	1	0	8.95
SRR6358581	1	1	1	0	0	1	0	1	0.95	1	1	1	0	0	1	1	1	1	0	1	1	0	1	0	1	0	1	1	0	40.88
SRR6358582	1	1	1	0	0	1	0	0	1	1	1	1	0	0	1	1	1	1	0	1	1	0	1	0	1	0	1	1	1	6.49
SRR6358583	1	1	1	0	0	1	0	1	1	1	1	1	0	0	1	1	1	1	0	1	1	0	1	0	1	0	1	1	0	24.23
SRR6358584	1	1	1	0	0	1	0	1	0.6	1	1	1	0	0	1	1	1	1	0	1	1	0	1	0	1	0	1	1	0	9.96
SRR6358585	1	1	1	0	0	1	0	1	1	1	1	1	0	0	1	1	1	1	0	1	1	0	1	0	1	0	1	1	0	14.7
SRR6358586	1	1	1	0	0	1	0	0.75	1	1	1	1	0	0	1	1	1	1	0	1	0.956521739130435	0	1	0	1	0	1	1	0	44.24
SRR6358587	1	1	1	0	0.347826086956522	0.96875	0	1	1	1	1	1	0	0	1	1	1	1	0	1	1	0	1	0	1	0	1	1	0	51.95
SRR6358588	0	0	0	0	0	0	0	0	0	0	0	0	0	0	0	0	0	0	0	0	0	0	0	0	0	0	0	0	0	1.61
SRR6358589	1	1	1	0	0	1	0	1	0.833333333333333	1	1	1	0	0.407407407407407	1	1	1	1	0	1	1	0	1	0	1	0	1	1	0	25.3
SRR6358590	0	1	1	0	0	1	0	1	1	1	1	1	0	0	1	1	1	1	0	1	1	0	1	0	1	0	1	1	0	6.65
SRR6358591	1	1	1	0	0	1	0	1	1	1	1	1	0	0	1	1	1	1	0	1	1	0	1	0	1	0	1	1	0	42.07
SRR6358592	1	1	1	0	0	1	0	0.777777777777778	1	1	1	1	0	0	1	1	1	1	0	1	1	0	1	0	1	0	1	1	0	25.45
SRR6358593	1	1	1	0	0	1	0	1	1	1	1	1	0	0	1	1	1	1	0	1	1	0	1	0.275862068965517	1	0	0.947368421052632	1	0	26.38
SRR6358594	1	1	1	0	0	1	0	1	1	1	1	1	0	0	1	1	1	1	0	1	1	0	1	0	1	0	1	1	0	26.35
SRR6358595	1	1	1	0	0	1	0	1	0	1	1	1	0	0	1	0	0	1	0	1	0	0	1	0	1	0	1	1	0	3.51
SRR6358596	0	0	0	0	0	0	0	0	0	0	0	0	0	0	0	0	0	0	0	0	0	0	0	0	0	0	0	0	0	1.16
SRR6358597	1	1	1	0	0	1	0	0.8125	1	1	1	1	0	0	1	1	1	1	0	1	1	0	1	0	1	0	1	1	0	32.54
SRR6358598	0	0	0	0	0	0	0	0	0	0	0	0	0	0	0	0	0	0	0	1	0	0	0	0	0	0	0	0	0	1.13
SRR6358599	1	1	1	0	0	1	0	1	0.916666666666667	1	1	1	0	0	1	1	1	1	0	1	1	0	1	0	1	0	1	1	0	25.45
SRR6358600	1	1	1	0	0	1	0	0.75	1	0.985294117647059	1	1	0	0	1	1	1	1	0	1	1	0	1	0	1	0	1	1	0	54.51
SRR6358601	1	1	1	0	0	1	0	0.769230769230769	1	1	1	1	0	0	1	1	1	1	0	1	1	0	1	0	1	0	1	1	0	49.91
SRR6358602	1	1	1	0	0	1	0	0.75	1	0.947368421052632	1	1	0	0	1	1	1	1	0	1	1	0	1	0	1	0	1	1	0	27.54
SRR6358603	0	0	0	0	0	0	0	0	0	0	0	0	0	0	0	0	0	0	0	0	0	0	0	0	0	0	0	0	0	1.33
SRR6358604	0	0	0	0	0	0	0	0	0	0	0	0	0	0	0	0	0	0	0	0	0	0	0	0	0	0	0	0	0	1.51
SRR6358605	1	1	1	0	0	1	0	1	0.933333333333333	1	1	1	0	0	1	1	1	1	0	1	1	0	1	0	1	0	1	1	0	32.14
SRR6358606	1	1	1	0	0	1	0	1	1	1	1	1	0	0	1	1	1	1	0	1	1	0	1	0	1	0	1	1	0	4.35
SRR6358607	0	1	1	0	0	1	0	1	1	1	1	1	0	0	1	1	1	1	0	1	1	0	1	0	1	0	1	1	0	8.33
SRR6358608	1	1	1	0	0	0.956521739130435	0	0.833333333333333	1	0.98	1	1	0	0	1	0.928571428571429	1	0.954545454545455	0	1	1	0	1	0	1	0	1	1	0	37.14
SRR6358609	0	0	0	0	0	0	0	0	0	1	0	0	0	0	0	0	0	0	0	0	0	0	0	0	0	0	0	1	0	1.45
SRR6358610	1	1	1	0	0	1	0	1	1	1	1	1	0	0	1	1	1	1	0	1	1	0	1	0	1	0	1	1	0	18.09
SRR6358611	0	0	0	0	0	0	0	0	0	0	0	0	0	0	0	0	0	0	0	0	0	0	0	0	0	0	0	0	0	1.73
SRR6358612	0	0	0	0	0	0	0	0	0	0	0	0	0	0	0	0	0	0	0	0	0	0	0	0	0	0	0	0	0	1.52
SRR6358613	0	1	0	0	0	0	0	1	1	1	1	1	0	0	1	1	0	1	0	1	0	0	0	0	1	0	1	1	0	2.26
SRR6358614	1	1	1	0	0	1	0	0.866666666666667	1	1	1	1	0	0	1	1	1	1	0	1	1	1	1	0	1	0	1	1	0	48.87
SRR6358615	0	0	0	0	0	0	0	0	0	0	0	0	0	0	0	0	0	0	0	0	0	0	0	0	0	0	0	0	0	1.42
SRR6358616	0	0	0	0	0	0	0	0	0	0	0	0	0	0	0	0	0	0	0	0	0	0	0	0	1	0	0	0	0	1.46
SRR6358617	0	0	0	0	0	0	0	0	0	1	0	0	0	0	0	0	0	0	0	0	1	0	0	0	0	0	0	0	0	1.67
SRR6358618	0	1	0	0	0	0	0	0	0	1	1	0	0	0	0	1	1	0	0	1	1	0	1	0	1	0	0	0	0	2.16
SRR6358619	0	1	1	0	0	1	0	1	1	1	1	1	0	0	1	1	1	1	0	1	1	0	1	0	1	0	1	1	0	10.36
SRR6358620	0	1	1	0	0	1	0	0	1	1	1	1	0	0	1	1	1	0	0	1	1	0	1	0	1	0	1	1	0	3.79
SRR6358621	0	0	0	0	0	0	0	0	0	0	0	0	0	0	0	0	0	0	0	0	0	0	0	0	0	0	0	0	0	1.37
SRR6358622	0	0	0	0	0	0	0	0	0	1	1	1	0	0	0	0	0	0	0	0	1	0	0	0	0	0	1	0	0	1.41
SRR6358623	0	0	0	0	0	0	0	0	0	1	0	0	0	0	0	0	0	0	0	0	0	0	1	0	0	0	0	0	0	1.77
SRR6358624	0	1	1	0	0	0	0	0	0	1	0	0	0	0	0	0	0	0	0	0	1	0	0	0	1	0	1	0	0	1.34
SRR6358625	0	1	1	0	0	0	0	0	1	0	0	0	0	0	0	1	1	1	0	0	1	0	0	0	1	0	1	0	0	4.13
SRR6358626	1	1	1	0	0	1	0	0.857142857142857	1	1	1	1	0	0	1	1	1	1	0	1	1	0	1	0	1	0	1	1	0	17.41
SRR6358627	0	1	0	0	0	0	0	1	0	1	1	1	0	0	1	0	1	1	0	1	0	0	0	0	1	0	1	1	0	2.01
SRR6358628	0	0	0	0	0	0	0	0	0	0	0	0	0	0	0	0	0	0	0	0	0	0	0	0	0	0	0	0	0	1.67
SRR6358629	1	0.98	1	0	0	1	0	0.875	1	1	1	1	0	0	1	1	1	0.9375	0	1	1	0	1	0	1	0	1	1	0	48.5
SRR6358630	1	0	1	0	0	0	0	0	0	1	1	0	0	0	1	1	1	1	0	0	0	0	1	0	0	0	0	1	0	1.93
SRR6358631	1	1	1	0	0	1	0	1	1	1	1	1	0	0	1	1	1	1	0	1	1	0	1	0	1	0	1	1	0	17.75
SRR6358632	1	1	1	0	0	1	0	0.75	1	1	1	1	0	0	1	1	1	0.941176470588235	0	1	1	0	1	0	1	0	1	1	0	23.47
SRR6358633	1	1	1	0	0	1	0	0	1	1	1	1	0	0	1	1	1	1	0	1	1	0	1	0	1	0	1	1	0	4.74
SRR6358634	1	1	1	0	0	1	0	0.75	0.941176470588235	1	1	1	0	0	1	1	1	1	0	1	1	0	1	0	1	0	1	1	0	39.35
SRR6358635	1	1	1	0	0	1	0	1	1	1	1	1	0	0	1	1	1	1	0.137931034482759	1	0.970588235294118	0	1	0	1	0	1	1	0	41.8
