cells	chrMT:73:A/G	chrMT:143:G/A	chrMT:199:T/C	chrMT:498:C/T	chrMT:2122:A/T	chrMT:2706:A/G	chrMT:2742:T/C	chrMT:3453:C/T	chrMT:3571:C/T	chrMT:3715:G/A	chrMT:4071:C/T	chrMT:4454:T/C	chrMT:4831:G/A	chrMT:5460:G/A	chrMT:6455:C/T	chrMT:7684:T/C	chrMT:7814:G/A	chrMT:8701:A/G	chrMT:9540:T/C	chrMT:10400:C/T	chrMT:10873:T/C	chrMT:11465:T/C	chrMT:12121:T/C	chrMT:12385:C/T	chrMT:12705:C/T	chrMT:12869:G/A	chrMT:13069:G/A	chrMT:14766:C/T	chrMT:15043:G/A	chrMT:15326:A/G	chrMT:15456:T/C	chrMT:15487:A/G	chrMT:15607:A/G	chrMT:16129:G/A	chrMT:16324:T/C	chrMT:16362:T/C	depth
SRR6358444	0	0	0	0	0	0	0	0	0	0	0	0	0	0	0	0	0	0	0	0	0	0	0	0	0	0	0	0	0	0	0	0	0	0	0	0	1.51
SRR6358445	2	0	0	0	0	0	0	0	0	0	0	4	0	0	0	0	0	1	0	2	0	0	4	0	0	0	0	0	1	0	0	0	0	3	1	0	1.94
SRR6358446	0	0	0	0	0	0	0	0	0	0	0	0	0	0	0	0	0	0	0	0	0	0	0	0	0	0	0	0	0	0	0	0	0	0	0	0	1.95
SRR6358447	0	0	0	0	0	0	0	0	0	0	0	2	0	0	0	0	0	0	0	0	0	0	0	0	0	0	0	0	2	0	0	0	0	1	0	0	1.46
SRR6358448	32	17	41	0	0	29	0	0	1	0	20	66	0	35	36	43	0	26	50	43	39	0	50	1	47	0	0	42	42	42	0	0	0	21	49	0	41.62
SRR6358449	483	0	46	0	4	59	0	0	0	0	33	62	0	62	67	60	0	30	32	52	32	0	58	0	38	0	0	43	44	63	0	0	0	25	72	0	53.89
SRR6358450	0	0	1	0	0	3	0	0	0	0	0	3	0	0	1	4	0	0	1	0	0	0	1	0	0	0	0	1	2	1	0	0	0	2	4	0	1.73
SRR6358451	182	0	1	0	0	2	0	0	0	0	2	2	0	2	4	3	0	2	1	0	0	0	2	0	0	0	0	0	1	0	0	0	0	2	3	0	3.47
SRR6358452	1	0	2	0	0	3	0	0	0	0	0	0	0	0	0	2	0	0	1	0	0	0	1	0	2	0	0	0	2	0	0	0	0	0	2	0	2.08
SRR6358453	4	0	3	0	0	2	0	0	0	0	5	5	0	5	9	9	0	3	5	2	2	0	10	0	4	0	0	3	7	6	0	0	0	3	9	0	5.67
SRR6358454	30	0	41	0	0	52	0	0	1	0	28	44	0	35	60	45	52	32	54	44	27	0	48	0	42	0	0	35	56	58	0	0	48	30	65	53	46.59
SRR6358455	15	0	7	2	0	33	0	0	0	0	16	26	0	23	36	19	0	21	32	33	18	0	32	0	25	0	0	30	28	26	0	0	0	11	29	0	26.84
SRR6358456	5	0	5	0	0	10	0	0	0	0	7	7	0	10	12	6	0	12	5	6	6	5	16	0	4	0	0	5	14	11	0	0	0	3	11	0	9.66
SRR6358457	0	0	0	0	0	1	0	0	0	0	0	0	0	0	3	0	0	0	0	0	0	0	0	0	2	0	0	0	1	0	0	0	0	0	1	0	1.46
SRR6358458	0	0	0	0	0	0	0	0	0	0	0	1	0	0	0	0	0	0	2	0	0	0	0	0	0	0	0	0	1	0	0	0	0	0	0	0	1.49
SRR6358459	0	0	0	0	0	0	0	0	0	0	0	0	0	0	0	0	0	0	0	0	0	0	0	0	0	0	0	1	0	0	0	0	0	0	0	0	1.3
SRR6358460	0	0	0	0	0	0	0	0	0	0	0	0	0	0	0	0	0	0	0	0	0	0	0	0	0	0	0	0	0	0	0	0	0	0	1	0	1.57
SRR6358461	18	0	19	0	0	22	0	0	0	0	18	28	0	25	28	21	0	24	28	33	33	0	24	1	30	0	0	33	23	25	0	0	0	12	29	0	28.2
SRR6358462	1	0	0	0	0	0	0	0	0	0	0	0	0	0	1	0	0	0	0	0	0	0	0	0	0	0	0	0	0	0	0	0	0	0	0	0	1.61
SRR6358463	0	0	0	0	0	0	0	0	0	0	0	0	0	0	0	0	0	0	0	0	0	0	0	0	0	0	0	0	0	0	0	0	0	0	0	0	1.25
SRR6358464	32	0	32	2	0	44	0	0	0	0	20	48	0	43	64	43	0	37	56	45	34	0	53	1	41	0	0	35	32	45	0	0	0	17	44	0	43.48
SRR6358465	8	0	7	0	0	27	0	0	0	0	14	27	0	24	23	17	0	15	32	14	19	0	22	0	28	0	0	13	25	28	0	0	0	9	24	0	21.65
SRR6358466	0	0	0	0	0	0	0	0	0	0	0	0	0	0	0	0	0	0	0	0	0	0	0	0	0	0	0	0	0	0	0	0	0	0	0	0	1.32
SRR6358467	387	0	9	0	0	38	0	0	0	0	19	30	0	33	28	26	0	29	48	17	23	0	27	4	23	0	6	25	27	32	0	0	0	15	35	0	31.94
SRR6358468	18	0	21	0	0	54	0	0	0	0	24	36	0	36	41	22	0	36	46	25	25	0	49	3	52	0	0	45	45	41	0	0	0	17	32	0	40.81
SRR6358469	34	0	24	0	0	51	0	0	0	0	25	50	0	50	52	36	0	36	54	48	38	0	40	0	48	0	0	49	41	55	0	0	0	18	53	0	43.35
SRR6358470	23	0	13	0	0	34	0	0	0	0	10	25	6	17	31	16	0	14	28	25	14	0	25	0	31	0	0	13	17	21	0	0	0	16	31	0	21.85
SRR6358471	36	0	35	1	0	49	0	0	0	53	26	68	0	45	61	44	0	36	42	31	40	0	44	1	29	0	0	30	58	51	0	0	0	32	56	0	47.36
SRR6358472	0	0	0	0	0	2	0	0	0	0	0	0	0	0	0	0	0	0	0	0	0	0	0	0	0	0	0	0	0	0	0	0	0	0	0	0	1.27
SRR6358473	6	0	8	0	0	7	0	0	0	0	6	4	0	13	13	8	0	17	12	22	5	0	12	0	12	0	0	7	10	10	0	4	0	19	13	0	11.56
SRR6358474	0	0	0	0	0	0	0	0	0	0	0	0	0	0	1	1	0	0	0	0	0	0	1	0	0	0	0	0	0	0	0	0	0	0	0	0	1.58
SRR6358475	55	0	33	0	0	59	0	0	0	0	33	74	0	52	73	56	0	43	57	55	35	0	53	3	41	0	0	40	56	33	0	0	0	30	68	0	52.57
SRR6358476	0	0	0	0	0	0	0	0	0	0	1	0	0	1	0	0	0	0	0	0	0	0	0	0	0	0	0	0	0	1	0	0	0	0	1	0	1.31
SRR6358477	7	0	4	0	0	7	0	0	0	0	7	6	0	7	15	4	0	7	7	3	2	0	6	0	5	0	0	3	5	12	0	0	0	2	9	0	6.42
SRR6358478	11	0	6	0	0	5	0	0	0	0	9	8	0	11	13	11	0	10	7	16	3	0	10	1	14	0	0	6	16	19	0	0	0	2	13	0	12.03
SRR6358479	2	0	0	0	0	0	0	0	0	0	1	0	0	3	2	0	0	0	1	1	0	0	3	0	1	0	0	0	1	0	0	0	0	2	0	0	2.28
SRR6358480	0	0	0	0	0	1	0	0	0	0	4	0	0	0	2	0	0	0	1	0	0	0	0	0	3	0	0	0	1	0	0	0	0	1	2	0	1.56
SRR6358481	19	0	15	0	0	14	0	0	0	0	13	25	0	21	27	29	0	24	38	21	23	0	21	0	18	0	0	25	33	34	0	0	0	17	21	0	26.44
SRR6358482	0	0	0	0	0	0	0	0	0	0	0	0	0	0	1	0	0	0	0	0	0	0	0	0	0	0	0	0	0	0	0	0	0	0	0	0	1.47
SRR6358483	1	0	0	0	0	4	0	0	0	0	0	3	0	1	3	2	0	0	1	2	1	0	3	0	1	0	0	1	3	4	0	0	0	0	0	0	2.31
SRR6358484	0	0	0	0	0	0	0	0	0	0	0	0	0	0	0	0	0	0	0	0	0	0	0	0	0	0	0	0	0	0	0	0	0	0	0	0	1.37
SRR6358485	0	0	0	0	0	0	0	0	0	0	0	0	0	0	0	0	0	0	0	1	1	0	0	0	0	0	0	0	0	0	0	0	0	0	0	0	1.44
SRR6358486	4	0	3	0	0	12	0	0	0	0	1	10	0	6	1	4	0	3	5	4	3	0	3	0	8	0	0	5	8	9	0	0	0	5	12	0	6.83
SRR6358487	3	0	3	0	0	11	0	0	0	0	5	14	0	11	21	4	0	9	20	4	8	0	15	0	5	0	0	6	15	14	0	0	0	6	22	0	12.11
SRR6358488	40	0	28	0	0	48	0	0	0	0	19	75	0	71	88	45	0	59	72	46	24	0	44	0	41	0	0	47	50	54	0	0	0	27	78	0	52.1
SRR6358489	17	0	8	0	0	29	0	0	0	0	10	24	0	24	34	21	0	23	25	19	12	0	15	0	27	0	0	18	26	25	0	0	0	13	33	0	23.57
SRR6358490	15	0	11	0	0	24	0	0	0	0	12	23	0	22	22	15	0	12	14	21	9	0	16	1	10	0	0	12	27	28	0	0	0	18	19	0	19.34
SRR6358491	3	0	0	0	0	0	0	0	0	0	0	0	0	0	0	1	0	0	0	0	0	0	0	0	0	0	0	0	0	0	0	0	0	2	0	0	1.36
SRR6358492	44	0	14	0	0	49	0	0	0	0	22	44	0	34	40	43	0	30	50	38	24	0	39	1	44	5	0	28	40	42	0	0	0	19	62	0	42
SRR6358493	2	0	0	0	0	2	0	0	0	0	0	0	0	1	1	0	0	0	0	0	0	0	0	0	0	0	0	1	1	0	0	0	0	0	2	0	1.53
SRR6358494	241	0	14	0	0	37	0	0	0	0	10	20	0	23	21	19	0	19	47	21	22	0	43	0	21	0	0	13	22	20	0	0	0	7	39	0	28.02
SRR6358495	0	0	0	0	0	0	0	0	0	0	0	0	0	0	0	0	0	0	0	0	0	0	0	0	0	0	0	0	0	0	0	0	0	0	0	0	1.1
SRR6358496	21	0	15	0	0	36	0	0	0	0	17	43	0	46	33	24	0	22	36	30	22	0	43	1	20	0	0	32	31	24	0	0	0	19	37	0	33.44
SRR6358497	23	0	19	0	0	49	0	0	0	0	29	50	0	33	40	25	0	27	37	29	19	0	25	0	36	0	0	19	55	38	0	0	0	21	54	0	33.89
SRR6358498	3	0	1	0	0	4	0	0	0	0	0	3	0	0	2	1	0	2	5	0	4	0	4	1	0	0	0	0	2	5	0	0	0	0	5	0	3.21
SRR6358499	5	0	4	0	0	1	0	0	0	0	3	2	0	3	5	3	0	0	3	4	1	0	3	0	5	0	0	1	5	3	0	0	0	2	132	0	4.6
SRR6358500	28	0	20	0	0	39	0	0	1	0	24	32	0	48	49	26	0	24	44	24	21	0	49	5	31	0	0	28	35	42	0	0	0	19	52	0	39.87
SRR6358501	2	0	0	0	0	2	0	0	0	0	1	1	0	2	1	0	0	1	2	0	2	0	1	0	0	0	0	0	1	0	0	0	0	0	1	0	1.76
SRR6358502	3	0	2	0	0	5	0	0	0	0	5	4	0	8	7	6	0	4	8	3	3	0	8	0	1	0	0	5	2	3	0	0	0	3	136	0	6.13
SRR6358503	0	0	0	0	0	0	0	0	0	0	0	0	0	0	0	0	0	0	0	0	0	0	0	0	0	0	0	0	0	0	0	0	0	0	0	0	1.74
SRR6358504	14	0	6	0	0	10	0	0	0	0	7	22	0	21	29	9	0	12	16	14	19	0	11	0	15	0	0	9	9	13	0	0	0	5	12	0	15.26
SRR6358505	510	0	30	5	0	67	5	51	0	0	22	61	0	52	66	45	0	31	59	49	46	0	59	0	53	0	0	58	57	54	0	0	0	40	54	0	54.28
SRR6358506	0	0	2	0	0	0	0	0	0	0	1	0	0	3	3	2	0	2	1	2	1	0	1	0	4	0	0	2	0	0	0	0	0	0	7	0	2.27
SRR6358507	0	0	0	0	0	1	0	0	0	0	1	0	0	0	2	0	0	0	0	0	0	0	0	0	0	0	0	1	0	0	0	0	0	0	0	0	1.55
SRR6358508	0	0	0	0	0	0	0	0	0	0	0	0	0	0	0	0	0	0	0	0	0	0	0	0	0	0	0	1	0	0	0	0	0	0	0	0	1.25
SRR6358509	13	0	18	0	0	30	0	0	2	0	18	33	0	18	36	23	0	6	38	24	28	0	42	2	30	0	0	32	23	37	0	0	0	15	33	0	27.03
SRR6358510	27	0	35	0	0	43	0	0	0	0	23	42	0	51	46	38	0	28	45	43	29	0	46	0	45	0	0	35	41	35	0	0	0	34	65	0	46.47
SRR6358511	10	0	15	0	0	15	0	0	0	0	12	21	0	20	6	12	0	9	21	16	16	0	19	0	20	0	0	8	9	15	0	0	0	8	31	0	16.3
SRR6358512	391	0	169	0	0	50	0	0	0	0	39	72	0	29	70	48	0	30	60	48	45	0	63	3	53	0	0	31	57	40	0	0	0	29	65	0	50.85
SRR6358513	365	0	26	0	0	37	0	0	2	0	26	52	0	30	49	47	0	22	44	28	26	0	42	1	25	0	0	30	45	36	57	0	0	26	58	0	40.45
SRR6358514	0	0	0	0	0	0	0	0	0	0	0	0	0	0	2	0	0	0	0	0	0	0	1	0	0	0	0	0	0	0	0	0	0	0	2	0	1.28
SRR6358515	0	0	1	0	0	0	0	0	0	0	0	2	0	0	0	0	0	0	0	0	0	0	1	0	1	0	0	0	0	0	0	0	0	0	3	0	1.33
SRR6358516	13	0	12	0	0	18	0	0	0	0	7	14	0	15	22	9	0	10	26	11	6	0	17	0	12	0	0	7	21	20	0	0	0	14	29	0	14.3
SRR6358517	0	0	0	0	0	0	0	0	0	0	0	0	0	0	0	0	0	0	0	0	0	0	0	0	2	0	0	1	0	0	0	0	0	0	0	0	1.25
SRR6358518	0	0	0	0	0	1	0	0	0	0	0	0	0	0	0	0	0	0	0	0	0	0	0	0	0	0	0	0	0	0	0	0	0	0	0	0	1.31
SRR6358519	0	0	0	0	0	0	0	0	0	0	0	0	0	0	0	0	0	0	0	0	0	0	0	0	0	0	0	0	0	0	0	0	0	0	0	0	1.38
SRR6358520	21	0	20	0	0	54	0	0	0	0	24	39	0	30	41	24	0	26	37	33	30	0	35	0	35	0	0	32	38	48	0	0	0	23	28	0	37.37
SRR6358521	0	0	0	0	0	0	0	0	0	0	0	0	0	0	0	0	0	0	0	0	0	0	0	0	0	0	0	0	0	0	0	0	0	0	0	0	1.2
SRR6358522	16	0	20	0	0	18	0	0	2	0	10	26	0	10	20	17	0	13	22	20	8	0	27	1	14	0	0	17	17	26	0	0	0	7	32	0	21.04
SRR6358523	0	0	2	0	0	0	0	0	0	0	0	0	0	0	0	0	0	0	0	0	0	0	0	0	0	0	0	0	0	0	0	0	0	0	0	0	1.51
SRR6358524	0	0	3	0	0	1	0	0	0	0	3	7	0	3	3	1	0	6	3	5	1	0	2	0	5	0	0	3	2	5	0	0	0	1	5	0	3.59
SRR6358525	0	0	0	0	0	4	0	0	0	0	2	4	0	2	7	1	0	1	4	1	0	0	2	0	2	0	0	1	1	2	0	0	0	5	5	0	2.44
SRR6358526	0	0	1	0	0	0	0	0	0	0	0	0	0	0	1	0	0	1	1	0	0	0	0	0	0	0	0	0	0	1	0	0	0	0	1	0	1.63
SRR6358527	0	0	0	0	0	0	0	0	0	0	0	0	0	0	0	0	0	1	0	1	0	0	0	0	0	0	0	0	0	1	0	0	0	0	0	0	1.82
SRR6358528	0	0	0	0	0	4	0	0	0	0	0	1	0	0	1	0	0	0	2	2	1	0	4	0	2	0	0	0	1	0	0	0	0	3	2	0	2.27
SRR6358529	8	0	10	0	0	18	0	0	0	0	5	15	0	15	16	9	0	12	26	19	5	0	11	0	8	0	0	9	15	11	0	0	0	10	28	0	15.46
SRR6358530	0	0	0	0	0	0	0	0	0	0	0	0	0	0	0	0	0	0	0	0	0	0	0	0	0	0	0	0	0	0	0	0	0	1	0	0	1.21
SRR6358531	0	0	0	0	0	0	0	0	1	0	0	0	0	0	1	0	0	1	0	0	0	0	0	0	0	0	0	0	4	0	0	0	0	0	1	0	1.52
SRR6358532	31	0	16	0	0	26	0	0	0	0	10	35	0	21	27	17	0	27	21	21	16	0	31	1	21	0	0	22	26	30	0	0	0	12	30	0	26.34
SRR6358533	0	0	0	0	0	1	0	0	0	0	0	0	0	0	6	1	0	1	1	3	0	0	2	0	1	0	0	2	2	3	0	0	0	4	8	0	2.49
SRR6358534	0	0	0	0	0	0	0	0	0	0	0	0	0	0	0	0	0	1	0	0	0	0	0	0	2	0	0	0	0	2	0	0	0	0	0	0	1.51
SRR6358535	1	0	3	0	0	9	0	0	0	0	2	10	0	9	24	8	0	11	9	6	5	0	5	0	12	0	0	3	15	9	0	0	0	1	7	0	9.98
SRR6358536	45	0	32	0	0	59	0	0	0	0	38	70	0	44	82	37	0	53	61	69	41	0	68	2	46	0	0	44	68	54	0	0	0	28	62	0	56.51
SRR6358537	29	0	15	0	0	47	0	0	4	0	16	36	0	30	29	40	0	22	58	39	38	0	41	0	30	0	0	22	46	47	0	0	0	16	40	0	37.72
SRR6358538	5	0	10	2	0	16	0	0	1	0	13	20	0	10	12	5	0	8	12	11	10	0	13	0	13	0	0	12	21	16	0	0	0	17	26	0	13.63
SRR6358539	0	0	0	0	0	0	0	0	0	0	0	1	0	1	0	0	0	1	1	0	0	0	0	0	1	0	0	0	0	0	0	0	0	0	0	0	1.4
