cells	chrMT:73:A/G	chrMT:143:G/A	chrMT:199:T/C	chrMT:498:C/T	chrMT:2122:A/T	chrMT:2706:A/G	chrMT:2742:T/C	chrMT:3453:C/T	chrMT:3571:C/T	chrMT:3715:G/A	chrMT:4071:C/T	chrMT:4454:T/C	chrMT:4831:G/A	chrMT:5460:G/A	chrMT:6455:C/T	chrMT:7684:T/C	chrMT:7814:G/A	chrMT:8701:A/G	chrMT:9540:T/C	chrMT:10400:C/T	chrMT:10873:T/C	chrMT:11465:T/C	chrMT:12121:T/C	chrMT:12385:C/T	chrMT:12705:C/T	chrMT:12869:G/A	chrMT:13069:G/A	chrMT:14766:C/T	chrMT:15043:G/A	chrMT:15326:A/G	chrMT:15456:T/C	chrMT:15487:A/G	chrMT:15607:A/G	chrMT:16129:G/A	chrMT:16324:T/C	chrMT:16362:T/C	depth
SRR6358444	0	0	0	0	0	0	0	0	0	0	0	0	0	0	0	0	0	0	0	0	0	0	0	0	0	0	0	0	0	0	0	0	0	0	0	0	1.51
SRR6358445	1	0	0	0	0	0	0	0	0	0	0	1	0	0	0	0	0	1	0	1	0	0	1	0	0	0	0	0	1	0	0	0	0	1	1	0	1.94
SRR6358446	0	0	0	0	0	0	0	0	0	0	0	0	0	0	0	0	0	0	0	0	0	0	0	0	0	0	0	0	0	0	0	0	0	0	0	0	1.95
SRR6358447	0	0	0	0	0	0	0	0	0	0	0	1	0	0	0	0	0	0	0	0	0	0	0	0	0	0	0	0	1	0	0	0	0	1	0	0	1.46
SRR6358448	1	0.68	1	0	0	1	0	0	0.0333333333333333	0	1	1	0	0.972222222222222	1	1	0	0.962962962962963	1	1	1	0	1	0.027027027027027	1	0	0	1	1	1	0	0	0	1	1	0	41.62
SRR6358449	1	0	1	0	0.1	1	0	0	0	0	1	1	0	1	1	1	0	1	1	1	1	0	1	0	1	0	0	1	1	1	0	0	0	1	1	0	53.89
SRR6358450	0	0	1	0	0	1	0	0	0	0	0	1	0	0	1	1	0	0	1	0	0	0	1	0	0	0	0	1	1	1	0	0	0	1	1	0	1.73
SRR6358451	1	0	1	0	0	1	0	0	0	0	1	1	0	1	1	1	0	1	1	0	0	0	1	0	0	0	0	0	1	0	0	0	0	1	1	0	3.47
SRR6358452	1	0	1	0	0	1	0	0	0	0	0	0	0	0	0	1	0	0	1	0	0	0	1	0	0.666666666666667	0	0	0	1	0	0	0	0	0	1	0	2.08
SRR6358453	1	0	1	0	0	1	0	0	0	0	1	1	0	1	1	1	0	1	1	1	1	0	1	0	1	0	0	1	1	1	0	0	0	0.75	1	0	5.67
SRR6358454	1	0	1	0	0	1	0	0	0.0212765957446809	0	1	1	0	0.972222222222222	0.952380952380952	1	1	0.96969696969697	1	0.956521739130435	1	0	1	0	1	0	0	1	1	1	0	0	1	1	1	1	46.59
SRR6358455	1	0	1	0.0465116279069767	0	1	0	0	0	0	1	1	0	1	1	1	0	1	1	1	1	0	1	0	1	0	0	1	1	1	0	0	0	1	1	0	26.84
SRR6358456	1	0	1	0	0	1	0	0	0	0	1	1	0	1	1	1	0	1	1	1	1	0.2	1	0	1	0	0	1	1	1	0	0	0	1	1	0	9.66
SRR6358457	0	0	0	0	0	1	0	0	0	0	0	0	0	0	1	0	0	0	0	0	0	0	0	0	1	0	0	0	1	0	0	0	0	0	1	0	1.46
SRR6358458	0	0	0	0	0	0	0	0	0	0	0	1	0	0	0	0	0	0	1	0	0	0	0	0	0	0	0	0	1	0	0	0	0	0	0	0	1.49
SRR6358459	0	0	0	0	0	0	0	0	0	0	0	0	0	0	0	0	0	0	0	0	0	0	0	0	0	0	0	1	0	0	0	0	0	0	0	0	1.3
SRR6358460	0	0	0	0	0	0	0	0	0	0	0	0	0	0	0	0	0	0	0	0	0	0	0	0	0	0	0	0	0	0	0	0	0	0	0.5	0	1.57
SRR6358461	1	0	1	0	0	1	0	0	0	0	1	1	0	1	1	1	0	1	1	1	0.970588235294118	0	1	0.0277777777777778	1	0	0	1	1	1	0	0	0	1	1	0	28.2
SRR6358462	1	0	0	0	0	0	0	0	0	0	0	0	0	0	1	0	0	0	0	0	0	0	0	0	0	0	0	0	0	0	0	0	0	0	0	0	1.61
SRR6358463	0	0	0	0	0	0	0	0	0	0	0	0	0	0	0	0	0	0	0	0	0	0	0	0	0	0	0	0	0	0	0	0	0	0	0	0	1.25
SRR6358464	1	0	1	0.0350877192982456	0	1	0	0	0	0	1	1	0	1	1	1	0	0.973684210526316	1	1	1	0	1	0.0232558139534884	1	0	0	1	1	1	0	0	0	1	1	0	43.48
SRR6358465	1	0	1	0	0	1	0	0	0	0	1	1	0	1	1	1	0	1	1	1	1	0	1	0	1	0	0	1	1	1	0	0	0	1	1	0	21.65
SRR6358466	0	0	0	0	0	0	0	0	0	0	0	0	0	0	0	0	0	0	0	0	0	0	0	0	0	0	0	0	0	0	0	0	0	0	0	0	1.32
SRR6358467	1	0	1	0	0	1	0	0	0	0	1	1	0	1	1	1	0	0.966666666666667	1	1	1	0	1	0.114285714285714	1	0	0.153846153846154	1	0.931034482758621	1	0	0	0	1	1	0	31.94
SRR6358468	1	0	1	0	0	1	0	0	0	0	1	1	0	1	1	1	0	1	1	1	0.961538461538462	0	1	0.0681818181818182	1	0	0	1	1	1	0	0	0	1	1	0	40.81
SRR6358469	1	0	1	0	0	1	0	0	0	0	1	1	0	1	1	1	0	0.947368421052632	1	1	1	0	1	0	1	0	0	1	1	1	0	0	0	1	1	0	43.35
SRR6358470	1	0	1	0	0	1	0	0	0	0	1	1	0.3	1	1	1	0	0.933333333333333	1	1	1	0	1	0	1	0	0	1	1	1	0	0	0	1	1	0	21.85
SRR6358471	1	0	1	0.024390243902439	0	1	0	0	0	1	1	1	0	1	1	1	0	0.947368421052632	1	1	1	0	1	0.0263157894736842	1	0	0	1	1	1	0	0	0	1	1	0	47.36
SRR6358472	0	0	0	0	0	1	0	0	0	0	0	0	0	0	0	0	0	0	0	0	0	0	0	0	0	0	0	0	0	0	0	0	0	0	0	0	1.27
SRR6358473	1	0	1	0	0	1	0	0	0	0	1	1	0	1	1	1	0	1	1	1	1	0	1	0	1	0	0	1	1	1	0	0.153846153846154	0	1	0.866666666666667	0	11.56
SRR6358474	0	0	0	0	0	0	0	0	0	0	0	0	0	0	1	1	0	0	0	0	0	0	1	0	0	0	0	0	0	0	0	0	0	0	0	0	1.58
SRR6358475	1	0	1	0	0	1	0	0	0	0	1	1	0	1	1	1	0	1	1	1	1	0	1	0.0588235294117647	1	0	0	1	1	1	0	0	0	1	1	0	52.57
SRR6358476	0	0	0	0	0	0	0	0	0	0	1	0	0	1	0	0	0	0	0	0	0	0	0	0	0	0	0	0	0	1	0	0	0	0	1	0	1.31
SRR6358477	1	0	1	0	0	1	0	0	0	0	1	1	0	1	1	1	0	1	1	1	1	0	1	0	1	0	0	1	1	1	0	0	0	1	1	0	6.42
SRR6358478	1	0	1	0	0	1	0	0	0	0	1	1	0	1	1	1	0	1	1	1	1	0	1	0.0833333333333333	1	0	0	1	1	1	0	0	0	1	1	0	12.03
SRR6358479	1	0	0	0	0	0	0	0	0	0	0.5	0	0	0.75	1	0	0	0	1	1	0	0	1	0	1	0	0	0	1	0	0	0	0	0.666666666666667	0	0	2.28
SRR6358480	0	0	0	0	0	1	0	0	0	0	1	0	0	0	1	0	0	0	1	0	0	0	0	0	1	0	0	0	1	0	0	0	0	1	1	0	1.56
SRR6358481	1	0	1	0	0	1	0	0	0	0	1	1	0	1	0.964285714285714	1	0	1	1	1	1	0	1	0	1	0	0	0.961538461538462	1	1	0	0	0	1	1	0	26.44
SRR6358482	0	0	0	0	0	0	0	0	0	0	0	0	0	0	0.333333333333333	0	0	0	0	0	0	0	0	0	0	0	0	0	0	0	0	0	0	0	0	0	1.47
SRR6358483	1	0	0	0	0	1	0	0	0	0	0	1	0	1	1	1	0	0	1	1	1	0	1	0	1	0	0	1	1	1	0	0	0	0	0	0	2.31
SRR6358484	0	0	0	0	0	0	0	0	0	0	0	0	0	0	0	0	0	0	0	0	0	0	0	0	0	0	0	0	0	0	0	0	0	0	0	0	1.37
SRR6358485	0	0	0	0	0	0	0	0	0	0	0	0	0	0	0	0	0	0	0	1	1	0	0	0	0	0	0	0	0	0	0	0	0	0	0	0	1.44
SRR6358486	1	0	1	0	0	1	0	0	0	0	1	1	0	1	1	1	0	1	1	1	1	0	1	0	1	0	0	1	1	1	0	0	0	1	1	0	6.83
SRR6358487	1	0	1	0	0	1	0	0	0	0	1	1	0	1	1	1	0	1	1	1	1	0	1	0	1	0	0	1	1	1	0	0	0	1	1	0	12.11
SRR6358488	1	0	1	0	0	1	0	0	0	0	0.904761904761905	1	0	1	1	1	0	1	1	1	1	0	1	0	1	0	0	1	1	1	0	0	0	1	1	0	52.1
SRR6358489	1	0	1	0	0	1	0	0	0	0	1	1	0	1	1	1	0	1	1	1	1	0	1	0	1	0	0	1	1	1	0	0	0	1	1	0	23.57
SRR6358490	1	0	1	0	0	1	0	0	0	0	1	1	0	0.956521739130435	1	1	0	0.857142857142857	1	1	1	0	1	0.0526315789473684	1	0	0	1	1	1	0	0	0	1	1	0	19.34
SRR6358491	1	0	0	0	0	0	0	0	0	0	0	0	0	0	0	1	0	0	0	0	0	0	0	0	0	0	0	0	0	0	0	0	0	1	0	0	1.36
SRR6358492	1	0	1	0	0	1	0	0	0	0	1	1	0	1	1	1	0	1	1	1	1	0	1	0.0285714285714286	1	0.147058823529412	0	1	1	1	0	0	0	1	1	0	42
SRR6358493	1	0	0	0	0	1	0	0	0	0	0	0	0	1	1	0	0	0	0	0	0	0	0	0	0	0	0	1	1	0	0	0	0	0	1	0	1.53
SRR6358494	1	0	1	0	0	1	0	0	0	0	1	1	0	0.958333333333333	1	1	0	1	1	1	1	0	1	0	1	0	0	1	1	1	0	0	0	1	1	0	28.02
SRR6358495	0	0	0	0	0	0	0	0	0	0	0	0	0	0	0	0	0	0	0	0	0	0	0	0	0	0	0	0	0	0	0	0	0	0	0	0	1.1
SRR6358496	1	0	1	0	0	1	0	0	0	0	1	1	0	1	0.942857142857143	1	0	0.916666666666667	1	1	1	0	1	0.03125	1	0	0	1	1	1	0	0	0	1	1	0	33.44
SRR6358497	1	0	1	0	0	1	0	0	0	0	1	1	0	1	0.975609756097561	1	0	1	1	1	1	0	1	0	1	0	0	1	1	1	0	0	0	1	1	0	33.89
SRR6358498	1	0	1	0	0	1	0	0	0	0	0	1	0	0	1	1	0	1	1	0	1	0	1	0.125	0	0	0	0	1	1	0	0	0	0	1	0	3.21
SRR6358499	1	0	1	0	0	1	0	0	0	0	1	1	0	1	1	1	0	0	1	1	1	0	1	0	1	0	0	1	1	1	0	0	0	1	1	0	4.6
SRR6358500	1	0	1	0	0	1	0	0	0.0263157894736842	0	1	1	0	1	1	1	0	1	1	1	1	0	0.98	0.113636363636364	1	0	0	1	1	1	0	0	0	1	1	0	39.87
SRR6358501	1	0	0	0	0	1	0	0	0	0	1	1	0	1	1	0	0	1	1	0	1	0	1	0	0	0	0	0	1	0	0	0	0	0	1	0	1.76
SRR6358502	1	0	1	0	0	1	0	0	0	0	1	1	0	1	1	1	0	1	1	1	1	0	1	0	1	0	0	1	1	1	0	0	0	1	1	0	6.13
SRR6358503	0	0	0	0	0	0	0	0	0	0	0	0	0	0	0	0	0	0	0	0	0	0	0	0	0	0	0	0	0	0	0	0	0	0	0	0	1.74
SRR6358504	1	0	1	0	0	1	0	0	0	0	1	1	0	1	1	1	0	1	1	1	0.95	0	1	0	1	0	0	1	1	1	0	0	0	1	1	0	15.26
SRR6358505	0.998043052837573	0	1	0.111111111111111	0	1	0.1	0.784615384615385	0	0	1	1	0	1	1	1	0	1	1	0.98	1	0	1	0	1	0	0	1	1	1	0	0	0	1	1	0	54.28
SRR6358506	0	0	1	0	0	0	0	0	0	0	1	0	0	1	1	1	0	1	1	1	1	0	1	0	1	0	0	1	0	0	0	0	0	0	1	0	2.27
SRR6358507	0	0	0	0	0	1	0	0	0	0	1	0	0	0	0.666666666666667	0	0	0	0	0	0	0	0	0	0	0	0	1	0	0	0	0	0	0	0	0	1.55
SRR6358508	0	0	0	0	0	0	0	0	0	0	0	0	0	0	0	0	0	0	0	0	0	0	0	0	0	0	0	1	0	0	0	0	0	0	0	0	1.25
SRR6358509	1	0	1	0	0	1	0	0	0.125	0	1	1	0	1	1	1	0	1	1	1	1	0	1	0.0714285714285714	1	0	0	1	1	1	0	0	0	1	1	0	27.03
SRR6358510	1	0	1	0	0	1	0	0	0	0	1	1	0	1	1	1	0	1	1	1	1	0	1	0	1	0	0	1	1	1	0	0	0	1	1	0	46.47
SRR6358511	1	0	1	0	0	1	0	0	0	0	1	1	0	1	1	1	0	0.9	1	1	1	0	1	0	1	0	0	1	1	1	0	0	0	1	1	0	16.3
SRR6358512	1	0	1	0	0	1	0	0	0	0	1	1	0	1	1	1	0	1	1	0.979591836734694	1	0	1	0.0789473684210526	1	0	0	1	1	1	0	0	0	1	0.984848484848485	0	50.85
SRR6358513	1	0	1	0	0	1	0	0	0.0606060606060606	0	1	1	0	1	1	1	0	1	1	1	1	0	1	0.0277777777777778	1	0	0	1	1	1	1	0	0	1	1	0	40.45
SRR6358514	0	0	0	0	0	0	0	0	0	0	0	0	0	0	1	0	0	0	0	0	0	0	1	0	0	0	0	0	0	0	0	0	0	0	1	0	1.28
SRR6358515	0	0	1	0	0	0	0	0	0	0	0	1	0	0	0	0	0	0	0	0	0	0	1	0	1	0	0	0	0	0	0	0	0	0	1	0	1.33
SRR6358516	1	0	1	0	0	1	0	0	0	0	1	1	0	1	1	1	0	1	1	1	1	0	1	0	1	0	0	1	1	1	0	0	0	1	1	0	14.3
SRR6358517	0	0	0	0	0	0	0	0	0	0	0	0	0	0	0	0	0	0	0	0	0	0	0	0	1	0	0	1	0	0	0	0	0	0	0	0	1.25
SRR6358518	0	0	0	0	0	1	0	0	0	0	0	0	0	0	0	0	0	0	0	0	0	0	0	0	0	0	0	0	0	0	0	0	0	0	0	0	1.31
SRR6358519	0	0	0	0	0	0	0	0	0	0	0	0	0	0	0	0	0	0	0	0	0	0	0	0	0	0	0	0	0	0	0	0	0	0	0	0	1.38
SRR6358520	1	0	1	0	0	1	0	0	0	0	1	1	0	1	1	1	0	0.962962962962963	1	1	1	0	1	0	1	0	0	1	1	1	0	0	0	1	1	0	37.37
SRR6358521	0	0	0	0	0	0	0	0	0	0	0	0	0	0	0	0	0	0	0	0	0	0	0	0	0	0	0	0	0	0	0	0	0	0	0	0	1.2
SRR6358522	1	0	1	0	0	1	0	0	0.105263157894737	0	1	1	0	1	1	1	0	1	1	1	1	0	1	0.04	1	0	0	1	1	1	0	0	0	1	1	0	21.04
SRR6358523	0	0	1	0	0	0	0	0	0	0	0	0	0	0	0	0	0	0	0	0	0	0	0	0	0	0	0	0	0	0	0	0	0	0	0	0	1.51
SRR6358524	0	0	1	0	0	1	0	0	0	0	1	1	0	1	1	1	0	1	1	1	1	0	1	0	1	0	0	1	1	1	0	0	0	1	1	0	3.59
SRR6358525	0	0	0	0	0	1	0	0	0	0	1	1	0	1	1	1	0	1	1	1	0	0	1	0	1	0	0	1	1	1	0	0	0	1	1	0	2.44
SRR6358526	0	0	1	0	0	0	0	0	0	0	0	0	0	0	1	0	0	1	1	0	0	0	0	0	0	0	0	0	0	1	0	0	0	0	1	0	1.63
SRR6358527	0	0	0	0	0	0	0	0	0	0	0	0	0	0	0	0	0	1	0	1	0	0	0	0	0	0	0	0	0	1	0	0	0	0	0	0	1.82
SRR6358528	0	0	0	0	0	1	0	0	0	0	0	1	0	0	1	0	0	0	1	1	1	0	1	0	1	0	0	0	1	0	0	0	0	1	1	0	2.27
SRR6358529	1	0	1	0	0	1	0	0	0	0	1	1	0	1	0.941176470588235	1	0	1	1	1	1	0	1	0	1	0	0	1	1	1	0	0	0	1	1	0	15.46
SRR6358530	0	0	0	0	0	0	0	0	0	0	0	0	0	0	0	0	0	0	0	0	0	0	0	0	0	0	0	0	0	0	0	0	0	1	0	0	1.21
SRR6358531	0	0	0	0	0	0	0	0	0.5	0	0	0	0	0	1	0	0	1	0	0	0	0	0	0	0	0	0	0	1	0	0	0	0	0	1	0	1.52
SRR6358532	1	0	1	0	0	1	0	0	0	0	1	1	0	1	1	1	0	1	1	1	1	0	1	0.0476190476190476	1	0	0	1	1	1	0	0	0	0.923076923076923	1	0	26.34
SRR6358533	0	0	0	0	0	1	0	0	0	0	0	0	0	0	1	1	0	1	1	1	0	0	1	0	1	0	0	1	1	1	0	0	0	1	1	0	2.49
SRR6358534	0	0	0	0	0	0	0	0	0	0	0	0	0	0	0	0	0	1	0	0	0	0	0	0	1	0	0	0	0	1	0	0	0	0	0	0	1.51
SRR6358535	1	0	1	0	0	1	0	0	0	0	1	1	0	1	1	1	0	0.916666666666667	1	1	1	0	1	0	1	0	0	1	1	1	0	0	0	1	0.777777777777778	0	9.98
SRR6358536	1	0	1	0	0	1	0	0	0	0	1	1	0	1	1	1	0	1	1	1	1	0	1	0.0350877192982456	1	0	0	1	1	1	0	0	0	1	1	0	56.51
SRR6358537	1	0	1	0	0	1	0	0	0.125	0	1	1	0	1	1	1	0	1	1	1	1	0	1	0	1	0	0	1	1	1	0	0	0	1	1	0	37.72
SRR6358538	1	0	1	0.142857142857143	0	1	0	0	0.0555555555555556	0	1	1	0	1	1	1	0	1	1	1	1	0	1	0	1	0	0	1	1	1	0	0	0	1	1	0	13.63
SRR6358539	0	0	0	0	0	0	0	0	0	0	0	1	0	1	0	0	0	1	1	0	0	0	0	0	1	0	0	0	0	0	0	0	0	0	0	0	1.4
