cells	chrMT:199:T/C	chrMT:489:T/C	chrMT:750:A/G	chrMT:822:G/A	chrMT:927:G/A	chrMT:1438:A/G	chrMT:2706:A/G	chrMT:3091:G/A	chrMT:3688:G/A	chrMT:4164:A/G	chrMT:5460:G/A	chrMT:6455:C/T	chrMT:7028:C/T	chrMT:7144:T/C	chrMT:7853:G/A	chrMT:9540:T/C	chrMT:10400:C/T	chrMT:10873:T/C	chrMT:12121:T/C	chrMT:12705:C/T	chrMT:13444:T/C	chrMT:13635:T/C	chrMT:14466:T/C	chrMT:14783:T/C	chrMT:15301:G/A	chrMT:15657:T/C	chrMT:16129:G/A	chrMT:16324:T/C	depth
SRR6358348	1	1	1	0	0	0	1	0	0	0	0	2	1	0	2	3	0	1	3	0	0	0	0	1	1	0	0	1	2.04
SRR6358349	20	25	22	0	0	29	39	0	0	11	18	35	9	0	43	32	24	14	26	30	0	0	0	17	41	0	15	42	29.25
SRR6358350	0	0	0	0	0	0	0	0	0	0	0	0	0	0	0	0	0	0	0	0	0	0	0	0	0	0	0	0	1.84
SRR6358351	0	0	0	0	0	0	0	0	0	0	0	0	0	0	0	0	0	0	0	0	0	0	0	0	0	0	0	0	1.25
SRR6358352	0	2	0	0	0	0	0	0	0	0	0	2	0	0	2	1	2	1	0	0	0	0	0	0	0	0	0	2	1.56
SRR6358353	0	0	0	0	0	0	0	0	0	0	0	1	0	0	0	0	0	0	0	0	0	0	0	0	0	0	0	0	1
SRR6358354	1	1	0	0	0	3	0	0	0	0	0	1	0	0	2	1	0	1	0	1	0	0	0	0	1	0	3	3	1.71
SRR6358355	30	45	51	0	0	40	54	0	6	13	51	57	8	0	62	58	25	41	40	46	0	0	0	37	55	0	28	58	47.69
SRR6358356	20	25	19	0	0	19	12	0	0	8	16	13	5	0	24	18	17	9	13	17	0	0	0	10	25	0	13	29	16.2
SRR6358357	18	35	30	0	0	34	25	0	0	6	29	21	6	0	46	32	29	17	26	26	0	11	0	17	40	0	17	33	25.92
SRR6358358	28	33	37	0	0	28	34	0	0	14	40	27	11	0	48	43	31	27	35	24	0	0	0	24	49	0	15	40	32.52
SRR6358359	0	0	0	0	0	0	0	0	0	0	0	0	0	0	0	0	0	0	0	0	0	0	0	0	0	0	0	0	1
SRR6358360	0	0	0	0	0	0	0	0	0	0	1	0	0	0	0	0	0	0	0	0	0	0	0	0	1	0	0	2	1.31
SRR6358361	24	46	34	0	0	36	35	0	0	10	39	43	7	0	55	39	38	20	36	33	0	0	0	27	51	0	22	52	37.27
SRR6358362	0	0	0	0	0	0	0	0	0	0	0	0	0	0	0	0	0	0	0	0	0	0	0	0	0	0	0	0	1.49
SRR6358363	54	98	94	0	0	89	107	0	0	28	92	92	25	66	126	92	103	53	104	89	0	0	0	82	130	0	50	113	96.32
SRR6358364	5	19	10	0	0	22	17	0	0	5	16	24	3	0	18	21	17	11	22	16	0	0	0	8	21	0	6	21	14.83
SRR6358365	0	0	0	0	0	0	2	0	0	0	1	0	1	0	0	0	0	0	0	1	0	0	0	0	0	0	0	0	1.45
SRR6358366	4	3	5	0	0	0	0	0	0	0	1	3	1	0	3	0	1	1	3	3	0	0	0	2	0	0	3	8	2.62
SRR6358367	51	68	88	0	0	52	71	0	0	16	57	86	11	0	85	75	57	39	75	61	29	0	0	63	93	0	52	62	65.61
SRR6358368	43	56	60	0	0	48	74	0	0	18	49	64	16	0	84	62	59	33	46	48	0	0	0	44	71	0	34	57	55.63
SRR6358369	23	40	71	0	0	57	60	0	0	12	55	58	7	0	56	67	46	40	58	35	0	0	0	43	47	0	31	64	49.71
SRR6358370	24	29	27	0	0	22	44	0	0	13	33	36	9	0	50	47	42	27	33	39	0	0	0	26	32	0	15	29	34.53
SRR6358371	0	0	0	0	0	0	0	0	0	0	0	0	0	0	0	0	0	0	0	0	0	0	0	0	0	0	0	0	1.42
SRR6358372	11	20	18	0	0	20	20	0	0	10	24	29	7	0	29	23	25	7	17	20	0	0	0	20	31	0	8	15	21.73
SRR6358373	15	54	55	0	0	51	61	0	0	14	58	68	12	0	65	54	42	38	49	46	0	0	0	39	57	0	26	61	48.38
SRR6358374	0	1	4	0	0	5	1	0	0	0	0	1	0	0	2	1	2	0	0	3	0	0	0	0	5	0	1	1	2.34
SRR6358375	31	42	34	0	0	39	56	0	0	18	52	40	17	0	68	35	33	32	48	36	0	0	0	43	55	0	19	33	42.38
SRR6358376	5	18	9	0	0	8	16	0	0	4	5	10	5	0	17	15	13	6	8	8	0	0	0	21	24	13	10	12	12.16
SRR6358377	7	10	8	0	0	13	9	0	0	7	5	20	4	0	19	18	11	7	16	11	0	0	0	5	19	0	7	15	11.54
SRR6358378	2	2	0	0	0	0	0	0	0	0	0	0	2	0	1	0	1	1	0	2	0	0	0	0	1	0	0	0	1.46
SRR6358379	4	14	8	0	0	5	5	0	0	2	4	9	3	0	5	4	4	2	1	6	0	0	0	8	8	0	5	13	6.28
SRR6358380	18	30	35	0	0	35	54	0	0	17	45	38	9	0	61	54	33	33	37	39	0	0	0	30	47	0	19	50	36.67
SRR6358381	0	0	0	0	0	0	0	0	0	0	0	0	0	0	0	0	0	0	0	0	0	0	0	0	0	0	0	0	1.72
SRR6358382	60	71	72	0	63	59	93	0	0	23	78	74	16	0	79	76	68	51	78	54	0	0	0	67	94	0	50	95	70.11
SRR6358383	10	25	17	0	0	33	22	0	0	7	24	33	11	0	26	32	22	14	30	17	0	0	0	19	33	0	10	31	24.52
SRR6358384	26	53	50	0	0	26	54	0	0	13	52	38	9	0	59	39	34	23	53	39	0	0	0	45	41	0	24	44	39.66
SRR6358385	5	20	20	0	0	21	26	0	0	8	20	15	6	0	21	22	10	4	21	15	0	0	0	6	19	0	10	32	17.56
SRR6358386	0	0	0	0	0	0	0	0	0	0	0	0	0	0	1	1	0	0	0	0	0	0	0	1	0	0	0	1	1.31
SRR6358387	21	38	29	0	0	27	52	0	0	13	35	40	8	0	39	36	28	25	34	30	0	0	0	29	41	1	12	24	31.02
SRR6358388	6	9	14	0	0	17	23	0	0	4	15	20	3	0	26	17	25	11	14	14	0	0	0	17	23	0	6	19	18.64
SRR6358389	29	53	61	0	0	46	65	0	0	14	51	60	16	0	68	69	41	46	44	40	0	0	0	49	54	0	37	77	55.01
SRR6358390	18	39	35	0	0	28	36	0	0	13	28	30	6	0	43	36	49	26	38	39	0	0	0	23	43	0	25	41	35.12
SRR6358391	42	68	73	0	0	76	88	0	0	33	86	89	22	0	122	76	65	49	88	83	0	0	0	53	104	0	63	111	77.6
SRR6358392	0	0	0	0	0	0	0	0	0	0	0	0	0	0	0	1	0	1	0	0	0	0	0	0	0	0	0	0	1.32
SRR6358393	0	0	0	0	0	0	0	0	0	0	0	0	0	0	0	0	0	0	0	0	0	0	0	0	0	0	0	0	1.32
SRR6358394	0	0	0	0	0	0	0	0	0	0	0	0	0	0	0	0	0	1	0	0	0	0	0	0	0	0	0	2	1.31
SRR6358395	44	53	61	0	0	45	60	0	0	15	52	55	14	1	78	56	48	31	42	65	0	0	0	40	56	0	22	45	51.77
SRR6358396	0	0	1	0	0	0	0	0	0	0	0	0	0	0	0	0	1	0	0	0	0	0	0	0	0	0	0	0	1.12
SRR6358397	24	47	52	0	0	48	55	0	0	17	46	49	10	0	67	34	43	25	51	38	0	0	0	35	42	0	19	46	42.19
SRR6358398	21	50	51	0	0	37	45	0	0	12	53	71	14	0	66	43	33	31	46	50	0	0	0	37	57	0	34	68	45.26
SRR6358399	25	51	33	0	0	41	35	0	0	18	34	46	7	0	53	51	35	17	34	32	0	0	0	37	58	0	20	36	39.9
SRR6358400	4	16	19	0	0	12	14	0	0	10	24	19	6	0	23	11	15	13	18	12	0	0	0	17	18	0	5	22	16.47
SRR6358401	0	1	0	0	0	0	2	0	0	0	0	2	0	0	1	1	0	0	2	2	0	0	0	0	0	0	0	0	1.43
SRR6358402	37	55	58	0	0	50	64	0	0	28	64	76	8	0	74	61	45	34	58	62	0	0	0	45	59	0	27	37	55.03
SRR6358403	26	40	53	0	0	42	51	0	0	12	44	42	13	0	53	44	33	29	35	41	0	0	0	32	47	0	37	53	41.72
SRR6358404	2	2	6	0	0	5	4	0	0	0	3	4	1	0	3	1	1	0	5	1	0	0	0	1	6	0	3	7	3.03
SRR6358405	38	77	78	0	0	56	99	0	0	19	68	88	15	0	86	83	48	45	79	56	0	0	0	49	91	0	51	87	66.36
SRR6358406	8	19	20	0	0	22	28	0	0	11	29	23	5	0	24	18	14	16	25	19	0	0	0	12	19	0	6	22	19.57
SRR6358407	30	50	43	0	0	45	43	0	0	6	38	52	10	0	51	45	37	39	51	49	0	6	0	38	57	0	14	36	41.26
SRR6358408	41	46	47	0	0	49	44	0	0	12	55	67	11	0	71	44	54	24	39	39	0	0	0	43	68	0	15	102	50.35
SRR6358409	19	19	44	0	0	24	29	0	0	8	39	36	6	0	36	29	21	14	20	28	0	0	0	22	32	0	16	20	26.53
SRR6358410	5	8	12	0	0	4	12	0	0	6	8	15	4	0	19	10	9	3	7	7	0	0	0	11	11	0	1	11	8.38
SRR6358411	1	4	0	0	0	1	3	0	0	0	3	0	0	0	0	2	2	3	1	3	0	0	0	1	2	0	0	1	2.19
SRR6358412	0	0	0	0	0	0	0	0	0	0	0	0	0	0	0	0	0	0	0	0	0	0	0	0	0	0	0	0	1.35
SRR6358413	1	3	3	0	0	0	2	0	0	0	1	2	0	0	2	0	0	1	1	0	0	0	0	0	2	0	1	1	1.79
SRR6358414	0	0	0	0	0	0	0	0	0	0	0	0	0	0	0	0	0	0	0	0	0	0	0	0	0	0	0	0	1.79
SRR6358415	9	16	26	0	0	13	16	0	0	9	21	16	3	0	21	18	19	4	19	20	0	0	0	10	21	0	13	25	17.41
SRR6358416	38	57	62	0	0	44	64	0	0	18	65	52	11	0	75	58	62	37	49	54	0	0	0	49	73	0	29	52	60
SRR6358417	25	33	37	0	0	34	31	0	0	12	47	60	12	0	38	42	33	21	36	26	0	0	0	24	46	0	30	47	35.6
SRR6358418	3	4	7	0	0	4	4	0	0	0	2	4	2	0	10	10	4	3	10	4	0	0	0	1	8	0	2	11	5.33
SRR6358419	0	0	0	0	0	0	0	0	0	0	0	0	0	0	0	0	0	1	3	1	0	0	0	1	1	0	0	0	1.57
SRR6358420	31	42	55	0	0	32	80	0	0	25	71	72	25	0	101	61	54	48	63	70	0	0	62	56	63	0	34	82	58.93
SRR6358421	28	48	80	0	0	40	66	0	0	20	50	69	13	1	59	57	67	48	55	46	0	0	0	42	65	0	32	64	51.87
SRR6358422	18	23	28	0	0	17	35	0	0	5	29	29	4	0	43	35	17	19	26	24	0	0	0	32	21	0	14	27	28.13
SRR6358423	36	56	56	0	0	25	44	0	0	10	43	37	8	0	60	43	44	43	52	44	0	1	0	40	53	0	36	43	43.01
SRR6358424	0	0	1	0	0	1	0	0	0	0	0	0	0	0	0	1	0	0	1	1	0	0	0	0	0	0	0	0	1.42
SRR6358425	0	2	1	0	0	2	0	0	0	0	1	0	0	0	1	5	1	1	0	1	0	0	0	0	0	0	0	1	1.61
SRR6358426	0	0	0	0	0	0	0	0	0	0	0	0	0	0	0	0	0	0	0	0	0	0	0	0	0	0	0	0	1.3
SRR6358427	3	0	1	0	0	2	2	0	0	0	0	0	1	0	1	0	2	1	4	1	0	0	0	0	5	0	1	4	2.54
SRR6358428	0	0	0	0	0	0	0	0	0	0	0	3	0	0	0	0	0	0	0	0	0	0	0	0	1	0	0	0	1.66
SRR6358429	6	16	8	0	0	15	11	0	0	7	13	14	3	0	16	22	15	11	24	15	0	0	0	12	18	0	11	14	16.88
SRR6358430	4	6	8	0	0	9	15	0	0	3	10	10	4	0	16	9	6	9	13	9	0	0	0	6	18	0	10	15	12.11
SRR6358431	30	39	46	0	0	38	51	0	0	10	41	38	13	0	58	39	30	25	52	38	0	0	0	29	43	0	17	59	41.41
SRR6358432	0	0	0	0	0	0	0	0	0	0	0	0	0	0	0	0	0	0	0	0	0	0	0	0	0	0	0	0	1.42
SRR6358433	29	58	56	0	0	41	60	0	1	19	60	76	7	0	70	82	45	31	58	44	0	0	0	35	62	0	28	63	55.72
SRR6358434	2	0	0	0	0	0	0	0	0	0	2	2	2	0	4	1	2	0	1	2	0	0	0	0	3	0	2	7	2.29
SRR6358435	17	53	39	0	0	36	46	0	0	15	39	46	13	0	55	60	30	16	54	30	0	0	0	21	53	0	31	130	40.56
SRR6358436	58	43	41	33	0	33	42	0	0	10	50	46	18	0	63	32	30	18	36	27	0	0	0	33	30	0	18	103	36.46
SRR6358437	8	8	11	0	0	12	9	0	0	4	9	11	8	0	21	12	4	4	18	10	0	0	0	10	9	0	10	23	11.47
SRR6358438	0	1	0	0	0	0	0	0	0	0	0	0	1	0	0	0	0	0	1	2	0	0	0	1	0	0	0	0	1.66
SRR6358439	37	44	51	0	0	25	48	0	0	12	55	56	8	0	64	55	49	38	48	33	0	0	0	34	48	0	31	56	47.35
SRR6358440	22	44	51	0	0	44	55	36	0	12	54	64	5	0	57	33	33	30	45	46	0	0	0	47	41	0	25	43	43.74
SRR6358441	1	0	0	0	0	0	2	0	0	0	1	2	0	0	0	1	0	0	0	0	0	0	0	1	4	0	0	0	1.52
SRR6358442	41	47	46	0	0	42	53	0	0	21	54	53	15	0	63	55	46	42	57	38	0	0	0	27	51	0	41	47	49.03
SRR6358443	12	6	8	0	0	5	6	0	0	5	8	12	2	0	11	8	2	8	7	4	0	0	0	1	16	0	3	10	9.11
