cells	chrMT:73:A/G	chrMT:204:T/C	chrMT:513:G/A	chrMT:585:A/G	chrMT:642:T/C	chrMT:657:G/A	chrMT:865:A/G	chrMT:989:T/C	chrMT:1438:A/G	chrMT:1593:T/C	chrMT:1606:G/A	chrMT:1811:A/G	chrMT:2184:A/C	chrMT:2307:T/C	chrMT:2361:G/A	chrMT:2706:A/G	chrMT:2806:T/C	chrMT:3179:G/A	chrMT:3320:A/G	chrMT:3567:C/T	chrMT:4921:T/C	chrMT:5112:G/A	chrMT:5925:T/C	chrMT:6544:A/G	chrMT:7934:A/G	chrMT:8108:A/G	chrMT:8109:T/G	chrMT:8533:G/A	chrMT:9055:G/A	chrMT:9142:G/A	chrMT:9932:G/A	chrMT:10550:A/G	chrMT:10591:T/C	chrMT:10644:G/A	chrMT:11363:G/A	chrMT:11485:T/C	chrMT:11672:A/G	chrMT:11840:C/T	chrMT:11883:T/C	chrMT:12308:A/G	chrMT:12508:G/A	chrMT:12561:G/A	chrMT:12631:T/C	chrMT:12733:A/G	chrMT:12979:G/A	chrMT:13207:T/C	chrMT:13271:T/C	chrMT:13487:C/T	chrMT:13681:A/G	chrMT:13818:T/C	chrMT:14005:T/C	chrMT:14424:A/G	chrMT:14766:C/T	chrMT:14847:G/A	chrMT:15062:T/C	chrMT:15074:T/C	chrMT:16311:T/C	depth
SRR5355484	0	0	0	0	0	0	0	0	4	0	0	1	0	0	0	2	0	0	0	0	0	0	0	0	0	0	0	0	2	0	0	0	0	0	0	0	0	1	0	1	0	0	0	0	0	0	0	0	0	0	0	0	1	0	0	0	6	2.04
SRR5355485	6	0	0	0	0	0	0	0	4	0	0	6	0	0	0	4	0	0	0	5	1	0	0	0	0	0	0	0	9	0	0	4	0	0	0	5	0	3	0	2	0	0	0	0	0	0	0	0	0	0	0	0	2	0	0	0	7	3.88
SRR5355486	31	0	0	1	10	0	0	0	40	0	0	37	0	0	0	58	0	0	0	0	0	0	0	0	0	0	0	0	64	0	2	55	0	0	0	72	0	67	0	36	0	0	0	0	0	0	0	0	0	0	0	0	33	0	0	0	56	41.08
SRR5355487	64	33	0	0	0	0	0	0	81	0	0	65	0	0	0	70	0	0	0	0	0	0	0	1	0	0	0	0	96	0	0	87	0	0	0	92	0	91	0	81	0	0	0	0	0	0	0	0	0	0	0	0	48	0	0	0	86	74.93
SRR5355488	12	0	1	0	0	0	0	0	26	0	0	43	0	0	0	31	0	0	0	0	0	0	0	0	0	0	0	1	36	0	0	55	0	0	0	43	0	38	0	43	0	0	0	0	0	0	0	0	0	0	0	0	32	0	0	0	34	33.61
SRR5355489	23	0	0	0	0	0	0	0	26	0	0	10	0	0	0	19	0	0	0	1	0	0	0	0	0	0	0	0	22	0	1	19	0	0	0	26	0	34	0	21	0	0	0	0	0	0	0	0	0	0	0	0	10	0	0	0	19	18.89
SRR5355490	19	0	0	0	0	0	0	0	28	0	0	20	0	0	0	32	0	0	0	0	0	0	0	0	0	0	0	0	21	0	0	24	0	0	0	31	0	35	0	31	0	0	0	0	0	0	0	0	0	0	0	0	14	0	0	0	24	24.57
SRR5355491	55	0	0	0	0	0	0	0	62	0	0	57	0	0	0	62	0	0	0	49	42	0	0	0	0	0	0	0	77	0	0	75	0	0	0	67	0	82	0	63	0	0	10	0	0	0	0	0	0	0	0	0	38	0	0	0	71	62.09
SRR5355492	104	0	0	0	0	0	0	0	78	0	0	86	0	0	0	113	0	0	0	0	1	0	25	0	0	0	0	0	117	0	0	134	0	0	0	129	0	114	0	86	0	0	0	0	0	0	0	27	0	0	0	0	60	0	88	0	110	98.13
SRR5355493	0	0	0	0	0	0	0	0	1	0	0	1	0	0	0	8	0	0	0	0	0	0	0	0	0	0	0	0	3	0	0	1	0	0	0	6	0	3	0	4	0	0	0	1	0	0	0	0	0	0	0	0	4	0	0	0	3	2.69
SRR5355494	11	0	0	0	7	0	0	0	14	0	4	10	0	0	0	32	0	0	0	0	0	0	0	0	0	0	0	0	19	0	0	33	0	0	0	45	0	29	0	30	0	0	0	0	0	0	0	0	0	0	0	0	12	0	0	0	15	21.1
SRR5355495	10	0	0	0	2	0	0	0	15	0	0	19	0	0	0	14	0	0	0	0	0	0	0	0	0	0	0	0	18	0	0	21	0	0	0	18	0	20	0	9	0	0	0	1	0	0	0	0	0	0	0	0	12	0	0	0	15	16.45
SRR5355496	61	0	0	0	0	0	0	0	63	0	0	61	0	0	0	68	0	0	0	85	0	0	0	0	0	0	0	0	90	0	0	97	0	0	0	87	0	100	0	84	0	0	0	0	0	0	0	0	0	0	0	0	61	0	0	0	69	69.94
SRR5355497	18	0	0	0	0	0	0	0	41	0	0	42	0	0	0	40	0	0	0	0	0	0	0	0	0	0	0	0	39	0	0	48	0	0	0	42	0	40	0	34	5	0	0	0	0	0	0	0	0	0	0	0	30	0	0	0	31	35.2
SRR5355498	69	0	0	0	49	0	0	0	52	0	0	47	0	0	0	74	0	0	0	0	0	0	0	0	0	0	0	0	80	0	0	78	0	0	0	82	0	98	0	100	0	0	0	0	0	0	0	0	0	0	0	0	44	0	0	0	65	65.14
SRR5355499	85	0	0	0	0	0	0	0	151	0	0	154	0	0	1	168	0	0	0	1	0	0	0	0	0	41	0	0	176	0	0	179	0	0	0	228	0	182	0	211	0	0	0	0	0	0	0	0	0	0	0	0	110	0	0	0	151	156.48
SRR5355500	71	0	0	0	6	0	0	0	90	0	0	74	0	0	69	108	0	0	0	86	0	0	0	1	0	0	0	0	116	0	0	137	0	0	0	132	0	123	0	96	0	0	0	11	0	0	0	0	0	0	0	0	55	0	0	0	107	101.45
SRR5355501	68	0	0	0	0	0	0	0	112	0	0	103	0	0	0	164	0	0	0	0	0	0	0	0	0	0	0	0	162	0	0	150	0	0	0	154	0	148	0	135	0	0	0	0	0	0	0	0	0	0	0	0	99	0	0	0	142	127.13
SRR5355502	1	0	0	0	0	0	0	0	3	0	0	1	0	0	0	0	0	0	0	2	0	0	0	0	0	0	0	0	3	0	0	4	0	0	0	2	0	0	0	1	0	0	0	0	0	0	0	0	0	0	0	0	6	0	0	0	5	2.67
SRR5355503	30	0	0	0	0	0	0	0	20	0	0	16	0	0	0	35	0	0	0	0	0	0	0	0	0	0	0	0	33	0	0	34	0	0	0	41	0	27	0	41	0	0	0	0	0	0	0	0	0	2	0	0	22	0	0	0	30	29.72
SRR5355504	27	0	0	0	0	0	0	0	35	0	0	36	0	0	0	55	0	0	0	2	0	0	0	0	0	0	0	0	43	0	0	48	0	0	0	37	0	55	0	37	0	0	0	0	0	0	8	0	0	4	0	0	25	0	0	0	27	39.21
SRR5355505	0	0	0	0	0	0	0	0	0	0	0	0	0	0	0	0	0	0	0	0	0	0	0	0	0	0	0	0	0	0	0	0	0	0	0	0	0	0	0	0	0	0	0	0	0	0	0	0	0	0	0	0	0	0	0	0	0	1.24
SRR5355506	3	0	0	0	0	0	0	0	3	0	0	0	0	0	0	6	0	0	0	0	0	0	0	0	0	0	0	0	0	0	0	4	0	0	0	2	0	3	0	2	0	0	0	0	0	0	0	0	0	0	0	0	0	0	0	0	0	2.06
SRR5355507	24	0	0	0	0	0	0	0	30	0	0	20	0	0	0	31	0	0	0	35	1	0	0	0	0	0	0	0	33	0	0	40	0	0	0	29	0	38	0	48	0	0	0	0	0	0	0	0	0	0	0	0	18	0	0	0	31	29.8
SRR5355508	29	0	0	0	0	0	0	0	19	0	0	18	0	0	0	22	0	0	0	0	0	0	0	0	0	0	0	0	38	0	0	29	0	0	0	33	0	40	0	33	0	0	0	0	0	0	0	0	0	0	0	0	20	0	0	0	32	25.04
SRR5355509	0	0	0	0	0	0	0	0	0	0	0	0	0	0	0	2	0	0	0	0	0	0	0	0	0	0	0	0	0	0	0	0	0	0	0	0	0	1	0	0	0	0	0	0	0	0	0	0	0	0	0	0	0	0	0	0	0	1.79
SRR5355510	39	0	0	0	32	0	0	0	52	0	0	47	0	1	0	56	0	0	0	0	0	0	0	0	0	0	0	0	82	0	1	72	0	16	0	67	0	75	0	68	0	0	0	0	0	0	0	0	0	0	0	0	37	0	0	0	64	60.47
SRR5355511	63	0	0	0	1	0	0	0	68	0	0	70	0	0	0	94	0	0	0	0	0	0	0	0	0	0	0	76	99	0	0	103	0	0	0	89	0	106	0	98	0	0	0	0	0	13	0	0	0	0	0	0	67	0	0	0	99	86.43
SRR5355512	13	0	0	0	0	0	0	0	18	0	0	12	0	0	0	22	0	0	0	0	0	0	0	0	0	0	0	0	30	0	0	22	0	0	0	21	0	11	0	27	0	0	0	0	0	0	0	0	0	0	4	0	16	0	0	0	22	17.12
SRR5355513	34	0	0	0	0	0	0	0	33	0	0	26	0	0	0	38	0	0	0	0	0	0	0	0	0	0	0	0	43	0	0	36	0	0	0	28	0	60	0	41	0	0	0	0	0	0	0	0	0	0	0	0	29	0	0	0	31	33.99
SRR5355514	68	0	0	0	0	0	0	0	87	0	0	104	0	0	0	130	0	0	0	2	1	0	0	0	0	0	0	0	144	0	1	126	0	0	0	116	0	154	0	128	0	0	0	0	0	0	0	0	0	0	0	0	94	0	0	0	103	111.63
SRR5355515	49	0	0	0	0	0	0	0	79	0	0	68	0	0	0	96	0	0	15	0	0	0	0	0	0	0	0	0	94	0	0	85	29	1	0	98	0	72	0	88	0	0	0	0	0	0	0	0	0	0	0	0	60	0	0	0	63	73.05
SRR5355516	49	0	0	0	0	0	0	0	70	6	0	55	0	0	0	91	6	0	0	2	0	0	0	0	0	0	0	0	90	0	0	88	0	0	0	103	0	89	0	85	0	0	0	0	0	0	0	0	0	0	0	40	58	0	0	0	73	72.33
SRR5355517	11	0	0	0	0	0	0	0	14	0	0	18	0	0	0	23	0	0	0	0	0	0	0	0	0	0	0	0	15	0	0	23	0	0	0	24	0	26	0	18	0	0	0	0	0	0	0	0	0	0	0	0	16	0	0	0	9	15.69
SRR5355518	25	0	0	0	21	0	0	0	29	0	0	28	0	0	0	36	0	0	0	0	0	0	0	0	0	0	0	0	34	0	0	41	0	0	0	57	1	40	0	37	0	0	0	0	0	0	0	0	0	0	0	0	22	34	0	0	30	31.7
SRR5355519	1	0	0	0	0	0	0	0	0	0	0	2	0	0	0	5	0	0	0	3	0	0	0	0	0	0	0	0	1	0	0	2	0	0	0	1	0	2	0	1	0	0	0	0	0	0	0	0	0	0	0	0	0	0	0	0	0	1.98
SRR5355520	68	0	0	0	0	0	0	0	74	0	0	59	0	0	0	78	0	0	0	17	11	0	0	1	0	0	0	0	83	0	0	68	0	0	0	120	0	98	0	91	0	0	0	0	0	0	0	0	0	0	0	0	56	0	0	0	71	74.16
SRR5355521	10	0	0	0	0	0	0	0	24	0	0	10	0	0	0	19	0	0	0	0	0	0	0	0	0	0	0	0	20	0	1	25	0	0	0	28	0	30	0	22	0	0	0	7	0	0	0	0	0	0	0	0	17	0	0	0	17	17.85
SRR5355522	64	0	0	0	0	0	36	39	63	0	0	66	0	0	0	89	0	0	0	0	0	0	8	0	0	0	0	0	113	0	1	110	0	0	0	108	0	93	0	80	0	0	0	0	0	0	0	38	0	0	0	0	62	0	0	0	72	72.65
SRR5355523	87	0	0	0	0	0	0	0	70	0	0	70	0	0	0	105	0	17	0	37	3	0	0	0	0	0	0	0	108	0	0	117	0	0	0	114	0	127	0	92	0	0	0	0	0	0	0	0	0	0	0	0	66	0	0	0	108	88.12
SRR5355524	63	0	0	0	0	0	0	0	77	0	0	68	0	0	0	87	0	0	0	0	0	0	0	0	0	0	0	0	76	0	0	106	0	0	0	88	0	94	8	93	0	0	0	0	0	0	0	0	0	0	0	0	48	1	0	0	85	75.88
SRR5355525	116	0	0	0	21	0	0	0	164	0	0	151	0	0	0	187	0	0	0	21	0	0	0	0	0	0	0	0	171	0	1	219	0	0	0	199	0	228	0	185	0	0	0	1	0	0	0	0	0	0	0	1	107	0	0	0	163	161.32
SRR5355526	2	0	0	0	0	0	0	0	3	0	0	2	0	0	0	1	0	0	0	0	1	0	0	0	0	0	0	0	6	0	0	4	0	0	0	6	1	6	0	3	0	0	0	0	0	0	0	0	0	0	0	0	3	0	0	0	2	3.5
SRR5355527	0	0	0	0	1	0	0	0	4	0	0	0	0	0	0	3	0	0	0	1	0	0	0	0	0	0	0	0	0	0	0	0	0	0	0	1	0	0	0	2	0	0	0	0	0	0	0	0	0	0	0	0	1	0	0	0	0	1.88
SRR5355528	7	0	0	0	0	0	0	0	12	0	0	15	0	0	0	11	0	0	0	0	0	0	0	0	0	0	0	0	5	0	0	10	0	0	0	23	0	18	0	13	0	0	0	0	0	0	0	0	0	0	0	0	8	0	0	0	13	13.06
SRR5355529	3	0	0	0	1	0	0	0	3	0	0	7	0	0	0	4	0	0	0	0	0	0	0	0	0	0	0	0	3	0	0	3	0	0	0	3	0	2	0	4	0	0	0	0	0	0	0	0	0	0	0	0	1	0	0	0	3	3.65
SRR5355530	11	0	0	0	0	0	0	0	13	0	0	24	0	0	0	37	0	0	0	0	0	0	0	0	4	0	0	0	26	0	0	23	0	0	0	19	25	35	0	25	0	0	0	0	0	0	0	0	0	0	0	0	24	0	0	0	28	22.93
SRR5355531	53	0	0	0	12	0	0	0	46	0	11	51	0	0	0	49	0	0	0	0	0	0	0	0	0	0	0	0	69	0	0	71	0	0	0	84	1	87	0	83	0	0	0	0	0	0	0	0	0	0	0	3	36	0	0	0	79	58.16
SRR5355532	4	0	0	0	0	0	0	0	7	0	0	1	0	0	0	2	0	0	0	0	0	0	0	0	0	0	0	0	9	0	0	9	0	0	0	10	0	6	0	10	0	0	0	0	0	0	0	0	0	0	0	0	1	0	0	0	1	6.39
SRR5355533	16	0	0	0	0	0	0	0	15	0	0	13	0	0	0	16	0	0	0	1	0	0	0	0	0	0	0	0	19	0	0	15	0	0	0	24	0	20	0	17	0	0	0	0	0	0	0	0	0	0	0	0	6	0	0	0	17	15.32
SRR5355534	11	0	0	0	0	0	0	0	11	0	0	12	0	0	0	20	0	0	0	1	0	0	0	0	0	0	0	0	14	0	0	23	0	0	0	16	0	16	0	15	0	0	0	0	0	0	0	0	0	0	0	0	14	0	0	0	12	14.19
SRR5355535	23	0	0	0	0	0	0	0	24	0	0	28	0	0	0	30	0	0	0	0	0	0	0	1	0	0	0	0	34	0	0	30	0	0	0	26	0	39	0	25	0	0	0	0	0	0	0	0	0	0	0	0	26	0	0	0	28	28.78
SRR5355536	1	0	0	0	0	0	0	0	0	0	0	2	0	0	2	1	0	0	0	0	0	0	0	0	0	0	0	0	2	0	0	1	0	0	0	2	0	2	0	0	0	0	0	0	0	0	0	0	0	0	0	0	2	0	0	0	0	2.06
SRR5355537	46	0	0	0	0	6	0	0	48	0	0	48	0	36	0	74	0	0	0	0	0	0	0	0	0	0	0	0	89	0	0	62	0	0	0	66	0	73	0	81	0	0	0	0	0	0	0	0	0	0	0	0	33	0	0	0	73	59.91
SRR5355538	6	0	0	0	1	0	0	0	18	0	0	14	0	0	0	19	0	0	0	3	0	0	0	0	0	0	0	0	23	0	0	15	0	0	0	15	0	18	0	16	0	0	0	0	0	0	0	0	0	0	0	0	11	0	0	0	23	16.69
SRR5355539	0	0	0	0	0	0	0	0	0	0	0	0	0	0	0	3	0	0	0	0	1	0	0	0	0	0	0	0	0	0	0	4	0	0	0	6	0	0	0	5	0	0	0	0	0	0	0	0	0	0	0	0	0	0	0	0	8	2.35
SRR5355540	13	0	0	0	0	0	0	0	9	0	0	10	0	0	0	6	0	0	0	8	0	0	0	0	0	0	0	0	10	0	0	16	0	0	0	11	0	19	0	6	0	0	0	0	0	0	0	0	0	0	0	0	15	0	0	0	14	11.31
SRR5355541	10	0	0	0	0	0	0	0	11	0	0	15	0	0	0	16	0	0	0	17	6	0	0	0	0	0	0	0	19	0	0	16	0	0	0	32	0	14	0	9	0	0	0	0	0	0	0	0	0	0	0	0	6	0	0	0	21	12.94
SRR5355542	81	0	0	1	0	0	0	0	106	0	0	87	0	0	0	93	0	0	0	0	0	0	0	0	0	0	0	0	122	0	0	152	0	0	0	132	0	150	0	109	0	0	0	0	0	0	0	0	0	0	0	0	68	0	0	0	106	102.82
SRR5355543	0	0	0	0	0	0	0	0	2	0	0	7	0	0	0	2	0	0	0	0	0	0	0	0	0	0	0	0	1	0	0	8	0	0	0	3	0	1	0	10	0	0	0	0	0	0	0	0	0	0	0	0	4	0	0	0	5	4.07
SRR5355544	6	0	0	0	0	0	0	0	11	0	0	2	0	0	0	4	0	0	0	0	0	0	0	0	0	0	0	0	5	0	0	8	0	0	0	13	0	11	0	8	0	0	0	0	0	0	0	0	0	0	0	0	3	0	0	0	8	7.5
SRR5355545	82	0	0	0	0	0	0	0	72	0	0	66	15	0	0	67	0	0	0	26	0	0	4	0	0	0	0	0	99	0	0	107	0	0	0	98	0	114	0	84	0	0	0	0	0	0	0	5	0	0	0	0	47	0	0	0	85	77.47
SRR5355546	14	0	6	0	0	0	0	0	11	0	0	14	0	0	0	18	0	0	0	0	0	0	0	0	0	0	0	0	17	0	0	20	0	0	0	16	0	17	0	16	0	0	0	0	0	0	0	0	0	0	0	0	13	0	0	0	13	16.64
SRR5355547	74	0	0	0	0	0	0	0	91	0	0	65	0	0	0	71	0	0	0	0	0	0	0	0	0	0	0	0	124	0	0	113	0	0	0	98	0	104	0	137	0	0	0	0	0	0	0	0	0	0	0	0	66	0	0	0	100	86.21
SRR5355548	56	0	0	0	0	0	0	0	81	0	0	77	0	0	0	95	0	0	0	0	0	0	0	0	0	0	0	0	102	0	0	93	0	0	0	142	0	136	0	116	0	0	0	0	0	0	0	0	0	0	0	0	62	0	0	0	96	86.8
SRR5355549	0	0	0	0	0	0	0	0	0	0	0	0	0	0	0	1	0	0	0	0	0	0	0	0	0	0	0	0	3	0	0	0	0	0	0	1	0	3	0	0	0	0	0	0	0	0	0	0	0	0	0	0	1	0	0	0	0	1.68
SRR5355550	60	0	1	0	0	0	0	0	56	0	0	63	0	0	0	100	0	0	0	0	0	0	0	0	0	0	0	0	81	0	55	73	0	0	0	104	0	92	0	92	0	0	0	0	0	0	0	0	0	0	0	0	68	0	0	0	77	75.51
SRR5355551	9	0	0	1	0	0	0	0	9	0	0	7	0	0	0	8	0	0	0	0	0	0	0	0	0	0	0	0	9	0	0	15	0	0	0	4	0	8	0	10	0	0	0	0	0	0	0	0	0	0	0	0	6	0	0	0	18	9.74
SRR5355552	3	0	0	0	0	0	0	0	2	0	0	3	0	0	0	5	0	0	0	0	0	0	0	0	0	0	0	0	4	0	0	6	0	0	0	5	0	11	0	8	0	0	0	0	0	0	0	0	0	0	0	0	1	0	0	0	3	4.26
SRR5355553	0	0	0	0	0	0	0	0	0	0	0	0	0	0	0	0	0	0	0	0	0	0	0	0	0	0	0	0	2	0	0	0	0	0	0	1	0	1	0	0	0	0	0	0	0	0	0	0	0	0	0	0	0	0	0	0	0	1.67
SRR5355554	44	0	0	14	0	0	0	0	33	0	0	27	0	0	0	41	0	0	0	2	0	0	0	0	0	0	0	0	57	28	0	53	0	0	0	50	0	56	0	54	0	0	0	0	0	0	0	0	0	0	0	0	47	0	0	0	35	40.74
SRR5355555	15	0	0	0	0	0	0	0	10	0	0	15	0	0	0	10	0	0	0	11	0	0	0	0	0	0	0	0	15	0	0	15	0	0	0	9	0	23	0	18	0	0	0	0	0	0	0	0	0	0	0	0	6	0	0	7	16	12.09
SRR5355556	43	0	0	0	0	0	0	0	48	0	0	49	0	0	0	46	0	0	0	0	0	0	0	0	0	0	0	0	59	0	2	59	0	0	23	59	0	75	0	74	0	0	0	0	12	0	0	0	0	0	0	0	38	0	0	0	52	52.11
SRR5355557	1	0	0	0	0	0	0	0	0	0	0	1	0	0	0	1	0	0	0	0	0	0	0	0	0	0	0	0	2	0	0	0	0	0	0	4	0	4	0	1	0	0	0	0	0	0	0	0	0	0	0	0	0	0	0	0	6	2.47
SRR5355558	28	0	0	0	9	0	0	0	49	0	0	30	0	0	0	63	0	0	0	0	2	0	0	0	0	0	0	0	48	0	0	58	0	0	0	66	0	47	0	55	0	0	0	4	0	0	0	0	0	0	0	0	40	0	0	0	51	45.69
SRR5355559	58	0	0	0	0	0	0	0	56	0	0	70	0	0	5	76	0	0	0	9	0	0	0	0	0	0	0	0	107	0	0	106	0	0	0	96	0	89	0	85	0	0	0	1	0	0	0	0	0	0	0	0	51	0	0	0	85	76.41
SRR5355560	70	0	0	0	11	0	0	0	67	0	0	54	0	0	0	68	0	0	0	0	0	0	0	26	0	0	0	0	93	0	0	100	0	0	0	86	0	98	0	66	0	0	0	11	0	0	0	0	0	0	0	0	46	0	0	0	69	69.63
SRR5355561	28	0	0	0	35	0	0	0	35	0	0	25	0	0	0	55	0	0	0	0	0	0	0	0	0	0	0	0	63	0	0	60	0	0	0	66	0	62	0	66	0	0	0	3	0	0	0	0	0	0	0	0	31	0	0	0	36	43.58
SRR5355562	13	0	0	0	0	0	0	0	19	0	0	19	0	0	0	26	0	0	1	1	1	0	0	0	0	0	0	0	17	0	1	23	0	0	0	28	0	25	0	19	0	0	0	6	0	0	0	0	0	0	0	0	13	0	0	0	19	20.33
SRR5355563	13	0	0	0	0	0	0	0	20	0	0	12	0	0	0	14	0	0	0	0	0	0	0	0	0	0	0	0	21	0	0	19	0	0	0	22	0	33	0	23	0	0	0	0	0	0	0	0	0	0	0	0	8	0	0	0	30	18.12
SRR5355564	2	0	0	0	0	0	0	0	4	0	0	4	0	0	0	9	0	0	0	5	0	0	0	0	0	0	0	0	9	0	0	9	0	0	0	11	0	2	0	5	0	0	0	0	0	0	0	0	0	0	0	0	7	0	0	0	8	6.37
SRR5355565	2	0	0	0	0	0	0	0	1	0	0	0	0	0	0	1	0	0	0	0	0	0	0	0	0	0	0	0	0	0	0	2	0	0	0	0	0	4	0	0	0	0	0	0	0	0	0	0	0	0	0	0	3	0	0	0	1	1.99
SRR5355566	1	0	0	0	0	0	0	0	2	0	0	1	0	0	0	1	0	0	0	0	0	0	0	0	0	0	0	0	0	0	0	2	0	0	0	0	0	0	0	0	0	0	0	0	0	0	0	0	0	0	0	0	0	0	0	0	0	1.67
SRR5355567	33	0	0	0	0	0	0	0	20	0	0	27	0	0	0	40	0	0	0	0	0	0	0	0	0	0	0	0	31	0	0	42	0	0	0	50	0	49	0	40	0	0	0	0	0	0	0	0	0	0	0	0	23	0	0	0	35	32.15
SRR5355568	12	0	0	0	1	0	0	0	34	0	0	25	0	0	0	16	0	0	0	12	18	0	0	0	0	0	0	0	28	0	0	30	0	0	0	27	0	19	0	39	0	0	0	0	0	0	0	0	0	0	0	0	16	0	0	0	27	24.04
SRR5355569	11	0	0	0	0	0	0	0	11	0	0	12	0	0	0	10	0	0	0	0	0	0	0	0	0	0	0	0	11	0	3	21	0	0	0	8	0	10	0	15	0	0	0	0	0	0	0	0	0	0	0	1	6	0	0	0	13	10.32
SRR5355570	21	0	0	0	7	0	0	0	22	0	0	25	0	0	0	28	0	0	1	0	0	0	0	0	0	0	0	0	27	0	1	29	0	0	0	39	0	25	0	13	0	0	0	7	2	0	0	0	0	0	0	0	20	0	0	0	27	23.67
SRR5355571	142	0	0	0	25	0	0	0	153	0	25	148	0	0	5	182	0	0	0	4	0	0	0	1	0	0	0	0	216	0	0	192	0	0	0	214	0	232	0	208	0	0	0	0	0	0	0	0	20	0	0	0	122	0	0	0	189	175.32
SRR5355572	3	0	0	0	0	0	0	0	4	0	0	6	0	0	0	11	0	0	0	2	0	0	0	0	0	0	0	0	4	0	0	7	0	0	0	2	0	0	0	2	0	0	0	0	0	0	0	0	0	0	0	0	4	0	0	0	5	4.89
SRR5355573	21	0	0	0	0	0	0	0	35	0	0	25	0	0	0	19	0	0	0	0	2	0	0	0	0	0	0	0	28	0	0	25	0	0	0	32	0	38	0	29	0	0	0	0	0	0	0	0	0	0	0	0	17	0	0	0	35	27.64
SRR5355574	3	0	0	0	0	0	0	0	2	0	0	5	0	0	0	1	0	0	0	4	0	0	0	0	0	0	0	0	6	0	0	3	0	0	0	5	0	5	0	3	0	0	0	0	0	0	0	0	0	0	0	0	4	0	0	0	4	4.02
SRR5355575	31	0	0	0	0	0	0	0	40	0	0	27	0	0	0	46	0	0	0	2	0	7	0	0	0	0	0	0	36	0	0	51	0	0	0	38	0	37	0	35	0	0	0	0	0	0	0	0	0	0	0	0	35	0	0	0	34	37.28
SRR5355576	16	0	0	0	4	0	0	0	12	0	0	18	0	0	0	20	0	0	0	1	0	0	0	0	0	0	0	0	20	0	1	20	0	0	0	32	0	15	0	25	0	0	0	0	0	0	0	0	0	0	0	0	18	0	0	0	25	20.38
SRR5355577	426	0	0	0	4	0	0	0	378	0	0	356	0	0	0	463	0	0	0	119	38	0	0	0	0	0	0	0	445	0	0	510	0	0	0	530	0	558	0	443	0	0	0	2	0	0	0	0	0	0	0	0	324	0	0	0	449	403.67
SRR5355578	56	0	0	0	0	0	0	0	60	0	0	70	0	0	0	93	0	0	0	73	84	0	0	0	0	0	0	0	108	0	1	96	0	0	0	121	0	98	0	91	0	33	0	0	0	0	0	0	0	0	0	0	70	0	0	0	86	77.02
SRR5355579	48	0	0	0	33	0	0	0	62	0	0	77	0	0	0	85	0	0	0	4	1	1	0	0	0	0	10	0	66	0	0	108	0	0	0	93	0	89	0	50	0	0	0	0	0	0	0	0	0	0	0	0	44	0	0	0	71	69.15
