cells	chrMT:146:T/C	chrMT:195:T/C	chrMT:263:A/G	chrMT:716:T/C	chrMT:750:A/G	chrMT:1018:G/A	chrMT:2332:C/T	chrMT:3434:A/G	chrMT:3693:G/A	chrMT:5390:A/G	chrMT:5997:G/A	chrMT:6225:T/C	chrMT:6741:A/G	chrMT:7631:A/G	chrMT:8206:G/A	chrMT:8412:T/C	chrMT:8701:A/G	chrMT:9209:G/A	chrMT:9540:T/C	chrMT:10700:A/G	chrMT:10955:C/T	chrMT:11719:G/A	chrMT:12705:C/T	chrMT:13650:C/T	chrMT:13886:T/C	chrMT:14180:T/C	chrMT:14845:C/T	chrMT:15263:C/T	chrMT:15326:A/G	chrMT:15703:A/G	chrMT:16093:T/C	chrMT:16278:C/T	chrMT:16354:C/T	chrMT:16399:A/G	depth
SRR5355388	1	1	1	0	1	1	1	1	1	0	0	0	0	1	1	0	1	0	1	1	1	1	1	1	0	1	0	1	1	1	1	1	1	1	3.11
SRR5355389	1	1	1	0	1	1	1	1	1	0	0	0	0	0.5	1	0	1	0	1	1	1	1	1	1	0	1	1	1	1	1	1	1	1	1	8.55
SRR5355390	1	1	1	0	1	1	1	1	1	0	0	0	0	0.142857142857143	1	0	1	0	1	1	1	1	1	1	0	0	1	1	1	1	1	1	1	1	6.62
SRR5355391	1	1	1	0	1	1	1	1	1	0	0	0	0	0	1	0	1	0	1	1	0	1	1	1	0	1	1	1	0	1	0	1	0	1	2.6
SRR5355392	0	0	0	0	1	1	0	1	1	0	0	0	0	0	0	0	1	0	1	1	0	1	1	1	0	0	0	1	1	1	0	1	1	1	1.9
SRR5355393	1	0	0	0	1	1	0	1	0	0	0	0	0	0	0	0	0	0	1	1	0	0	1	1	0	0.5	1	1	1	0	0	0	0	0	1.57
SRR5355394	0	0	1	0	0	0	1	1	1	0	0	0	0	0	0	0	0	0	1	1	0	0	0	1	0	0	0	0	0	1	1	0	0	1	1.54
SRR5355395	0	0	1	0	1	0	1	0	1	0	0	0	0	0	0	0	1	0	0	1	0	1	0	0	0	0	0	1	1	1	0	0	0	1	1.85
SRR5355396	1	0	1	0	0	0	1	1	1	0	0	0	0	1	0	0	1	0	0	0	1	1	1	1	0	1	1	1	1	0	1	1	1	1	2.27
SRR5355397	0	1	1	0	1	0	1	0	0	0	0	0	0	1	1	0	1	0	1	1	0	1	1	1	0	0	0	1	1	1	0	1	0	0	1.85
SRR5355398	0	0	0	0	1	1	1	0	1	0	0	0	0	0	1	0	0	0	1	1	0	1	1	1	0	0	1	1	0	1	0	1	1	1	2.05
SRR5355399	0	1	1	0	1	0	1	1	1	0	0	0	0	0	1	0	0	0	1	0	1	1	0	0	0	0	1	0	1	1	1	1	0	0	1.79
SRR5355400	1	1	1	0	1	1	1	1	1	0	0	0	0	0	1	0	1	0	1	1	1	1	1	1	0	1	1	1	1	1	1	1	1	1	16.75
SRR5355401	1	1	1	0	1	1	1	1	1	0	0	0	0	0	1	0	1	0	1	1	1	1	1	1	0	1	1	1	0	1	1	1	1	1	3.14
SRR5355402	0	0	0	0	0	0	0	0	0	0	0	0	0	0	0	0	0	0	0	1	0	0	0	0	0	0	0	0	0	1	0	1	1	1	1.45
SRR5355403	0	0	1	0	0	0	0	1	1	0	0	0	0	0	1	0	1	0	1	1	0	0	1	1	0	0	1	1	0	0	1	1	0	0	1.7
SRR5355404	0	0	0	0	1	1	1	1	1	0	0	0	0	0	1	0	1	0	1	1	0	1	0	1	0	1	1	1	0	1	1	1	1	1	3.57
SRR5355405	0	0	0	0	0	0	0	0	0	0	0	0	0	0	0	0	0	0	0	0	0	0	1	0	0	0	0	0	1	1	0	0	0	0	1.37
SRR5355406	0	0	0	0	0	0	0	0	0	0	0	0	0	0	1	0	0	0	1	1	0	0	0	0	0	0	0	1	0	0	0	0	0	0	1.53
SRR5355407	0	0	0	0	0	0	0	0	0	0	0	0	0	0	0	0	0	0	0	0	0	0	0	0	0	0	0	0	0	0	0	0	0	0	1.39
SRR5355408	1	1	1	0	1	1	1	1	1	0	0	0	0	0	1	0	1	0	1	1	1	1	1	1	0	1	1	1	1	1	1	1	1	1	10.09
SRR5355409	0	0	0	0	0	0	0	0	0	0	0	0	0	0	0	0	1	0	0	0	1	0	0	0	0	0	0	0	0	0	0	0	0	0	1.49
SRR5355410	0	0	0	0	0	0	0	0	1	0	0	0	0	0	0	0	1	0	1	1	0	0	0	0	0	0	0	1	0	0	0	0	0	0	1.3
SRR5355411	1	1	1	0	1	1	1	1	1	0	0	0	0	0	1	0	1	0	1	1	1	1	1	1	0	1	1	1	1	1	0	1	1	1	7.65
SRR5355412	1	1	0	0	0	0	0	0	1	0	0	0	0	0	0	0	0	0	0	0	0	0	0	0	0	0	0	0	0	0	0	0	0	0	1.25
SRR5355413	0	0	0	0	0	0	0	1	0	0	0	0	0	0	0	0	0	0	0	0	0	0	0	0	0	0	0	0	0	0	0	0	0	0	1.3
SRR5355414	1	1	1	0.0212765957446809	1	1	1	1	1	0	0	0	0	1	1	0	1	0	1	1	1	1	1	1	0	1	1	1	1	0.954545454545455	1	1	1	1	32.87
SRR5355415	1	0	1	0	0	0	0	1	0	0	0	0	0	0	1	0	0	0	1	1	0	0	0	0	0	0	0	1	0	0	0	1	0	1	1.5
SRR5355416	0	0	0	0	1	0	0	1	0	0	0	0	0	0	0	0	0	0	1	1	0	1	0	0	0	0.333333333333333	1	0	1	1	0	0	1	0	1.54
SRR5355417	1	1	1	0	1	1	1	1	1	0	0	0	0	0	1	0	1	0	1	1	1	1	1	1	0	0.111111111111111	1	1	1	1	1	1	1	1	5.17
SRR5355418	1	1	0	0	0	1	0	1	0	0	0	0	0	0	0	0	0	0	0	0	0	0	0	0	0	0	0	0	0	0	0	0	0	1	1.43
SRR5355419	0	0	0	0	1	0	0	1	1	0	0	0	0	0	0	0	0	0	0	0	0	0	0	0	0	1	0	1	1	0	0	0	0	0	1.13
SRR5355420	0	0	0	0	0	0	0	0	0	0	0	0	0	0	0	0	0	0	0	1	1	0	0	1	0	0	0	0	0	0	1	0	0	0	1.45
SRR5355421	1	1	1	0	1	0	0	1	0	0	0	0	0	0	1	0	0	0	0	1	1	0	0	1	0	1	0	0	1	0	0	0	0	0	1.74
SRR5355422	0	0	0	0	1	0	0	0	1	0	0	0	0	0	0	0	0	0	0	0	0	1	0	0	0	0	0	1	0	1	0	0	0	0	1.37
SRR5355423	0	0	0	0	1	1	1	1	1	0	0	0	0	0	1	0	1	0	1	1	1	1	1	1	0	0	1	1	1	1	0	1	1	1	7.1
SRR5355424	0	0	1	0	1	1	1	1	1	0	0	0	0	0	1	0	1	0	0	0	1	1	0	0	0	1	0	1	1	1	1	1	1	1	1.99
SRR5355425	0	0	1	0	1	1	1	1	1	0	0	0	0	0	1	0	1	0	0	1	1	0	1	1	0	1	1	1	0	1	1	1	1	1	2.28
SRR5355426	1	1	0	0	0	0	1	1	1	0	0	0	0	0	1	0	0	0	0	0	0	1	0	1	0	1	1	0	1	1	0	1	1	1	1.71
SRR5355427	0	0	0	0	0	1	0	1	0	0	0	0	0	0	0	0	0	0	0	0	0	0	1	0	0	1	0	0	1	0	0	0	0	0	1.35
SRR5355428	0	0	0	0	0	0	0	0	0	0	0	0	0	0	0	0	0	0	1	0	1	0	1	0	0	0	0	1	0	0	0	0	1	0	1.41
SRR5355429	1	0	1	0	1	1	1	1	1	0	0	0	0	0	1	0	1	0	1	1	1	1	1	1	0	1	1	1	1	1	0	1	1	1	5.74
SRR5355430	1	1	0	0	0	0	0	1	0	0	0	0	0	0	0	0	1	0	0	1	0	0	0	1	0	0	0	1	1	0	0	0	0	0	1.4
SRR5355431	1	1	1	0	1	1	1	1	1	0	0	0	0	0	1	0	1	0	1	1	1	1	1	1	0	1	1	1	1	1	1	1	1	1	7.23
SRR5355432	0	0	0	0	0	0	1	0	0	0	0	0	0	0	0	0	0	0	0	0	1	0	0	0	0	0	0	1	0	0	0	1	1	0	1.35
SRR5355433	0	0	0	0	0	0	0	0	0	0	0	0	0	0	0	0	0	0	1	1	0	0	0	0	0	0	1	0	1	0	0	0	0	0	1.42
SRR5355434	0	0	1	0	1	1	0	0	0	0	0	0	0	0	0	0	1	0	0	0	0	0	0	0	0	0	0	0	0	0	0	0	1	0	1.47
SRR5355435	0	0	0	0	0	0	0	0	0	0	0	0	0	0	0	0	0	0	0	0	0	0	0	0	0	0	0	0	0	0	0	0	0	0	1.28
SRR5355436	1	1	0	0	1	1	0	0	1	0	0	0	0	0	0	0	0	0	1	1	1	0	0	1	0	1	1	1	1	1	1	0	1	0	1.55
SRR5355437	1	1	1	0	1	1	1	1	1	0	0	0	0	0	1	0	1	0	1	1	1	1	1	1	0	1	1	1	1	1	1	1	1	1	5.75
SRR5355438	1	1	0	0	1	0	0	0	1	0	0	0	0	0	0	0	0	0	0	1	1	0	0	1	0	0	0	1	0	0	0	0	0	0	1.57
SRR5355439	0	0	1	0	1	0	0	1	0	0	0	0	0	0	0	0	0	0	0	0	0	1	0	0	0	1	0	0	0	1	1	0	1	1	1.34
SRR5355440	1	1	1	0	1	1	1	1	1	0	0	0	0	0	1	0	1	0	1	1	1	1	1	1	0	1	1	1	1	1	1	1	1	1	4.45
SRR5355441	0	0	0	0	0	0	0	0	0	0	0	0	0	0	0	0	1	0	1	0	0	0	0	0	0	0	0	0	1	0	0	0	1	0	1.32
SRR5355442	0	0	0	0	0	0	0	0	1	0	0	0	0	0	0	0	0	0	0	0	0	0	0	1	0	1	0	0	0	0	0	0	0	0	1.32
SRR5355443	0	0	0	0	0	0	1	0	0	0	0	0	0	0	0	0	0	0	0	0	0	1	0	0	0	0	0	0	0	1	0	0	0	0	1.53
SRR5355444	0	0	0	0	1	1	0	1	0	0	0	0	0	0	0	0	0	0	0.5	1	0	0	0	0	0	0	0	1	0	0	1	0	0	0	1.51
SRR5355445	1	1	1	0	1	0.967741935483871	1	1	1	0	0	0	0	0	1	0	1	0	1	1	1	0.975609756097561	1	1	0	0.976744186046512	1	0.976744186046512	1	1	1	1	0.983333333333333	1	40.69
SRR5355446	0	0	0	0	0	0	0	0	0	0	0	0	0	0	0	0	0	0	0	0	0	1	1	0	0	0	0	1	1	1	0	0	1	1	1.41
SRR5355447	1	1	0	0	1	1	1	1	1	0	0	0	0	0	1	0	1	0	1	1	1	0	1	1	0	1	1	1	1	1	1	1	1	1	2.95
SRR5355448	1	1	1	0	1	1	1	1	1	0	0	0	0	0	1	0	1	0	1	1	1	1	1	0.966666666666667	0	0.961538461538462	1	1	1	1	1	1	1	1	18.02
SRR5355449	1	1	1	0	1	1	1	0.777777777777778	1	0	0	0	0	0	1	0	1	0	1	1	1	1	1	1	0	1	1	1	1	1	1	1	1	1	10.51
SRR5355450	0	0	0	0	0	0	0	0	0	0	0	0	0	0	0	0	0	0	0	0	0	0	0	1	0	0	0	0	0	0	0	0	0	0	1.41
SRR5355451	1	1	1	0	1	1	1	1	1	0	0	0	0	0	1	0	1	0	1	1	1	1	1	1	0	0	1	1	1	1	1	1	1	1	5.62
SRR5355452	1	1	1	0	1	1	1	1	1	0	0	0	0	0	1	0	1	0	1	1	1	1	1	1	0	0.25	1	1	1	1	1	1	1	1	5.73
SRR5355453	1	1	1	0	1	1	1	1	1	0	0	0	0	0	1	0	1	0	1	1	1	1	1	1	0	0	1	1	1	1	1	0.966666666666667	1	1	25.15
SRR5355454	1	1	1	0	1	1	1	1	1	0	0	0	0	0	1	0	1	0	1	1	1	1	1	1	0	1	1	1	1	1	0.888888888888889	1	1	1	13.97
SRR5355455	1	1	0	0	0	1	1	1	1	0	0	0	0	0	1	0	1	0	0	1	1	0	1	1	0	1	1	1	1	1	0	0	0	0	3.31
SRR5355456	1	1	1	0	1	1	1	1	1	0	0	0	0	0	1	0	1	0	1	1	1	1	1	1	0	1	1	1	1	1	1	1	1	1	15.02
SRR5355457	1	1	1	0	1	0.952380952380952	0.970588235294118	1	1	0	0	0	0	0	1	0	1	0.1875	1	1	1	1	1	1	0	1	1	1	1	1	1	1	1	1	31.45
SRR5355458	1	1	1	0	1	1	1	1	1	0	0	0	0	0	1	0	1	0	1	1	1	1	1	1	0	0.877551020408163	1	1	1	1	1	1	1	1	48.17
SRR5355459	1	1	1	0	1	1	1	1	1	0	0	0	0	0	1	0	1	0	1	1	1	1	1	1	0	0.846153846153846	1	1	1	1	1	1	1	1	11.18
SRR5355460	1	1	1	0	1	1	0	0	1	0	0	0	0	0	0	0	1	0	0	1	1	0	1	0	0	1	1	1	0	1	1	1	1	0	1.99
SRR5355461	1	1	1	0	1	1	1	1	1	0	0	0	0	0	1	0	1	0	1	1	1	1	1	1	0	1	1	1	1	1	1	1	1	1	12.8
SRR5355462	1	1	1	0	1	1	1	1	1	0.12	0	0	0	0	1	0	1	0	1	1	1	1	0.976744186046512	1	0	1	1	1	1	1	1	1	1	1	35.45
SRR5355463	1	1	1	0	1	1	1	1	1	0	0	0	0	0	1	0	1	0	1	1	1	1	1	1	0	1	1	0.980769230769231	1	1	1	1	1	0.983870967741935	40.15
SRR5355464	1	1	1	0	1	0	1	1	0	0	0	0	0	0	1	0	1	0	1	1	1	1	1	1	0	1	1	1	1	1	1	0	1	1	2.52
SRR5355465	1	1	1	0	1	1	1	1	1	0	0	0.434782608695652	0	0	1	0.362068965517241	1	0	1	1	1	1	1	1	0	1	1	1	1	1	1	1	1	1	50.05
SRR5355466	1	1	1	0	1	1	1	1	1	0	0	0	0	0	1	0	1	0	1	1	0.857142857142857	1	1	1	0	1	1	1	1	1	1	1	1	1	13.2
SRR5355467	1	1	1	0	1	1	1	1	1	0	0.853658536585366	0	0.285714285714286	0	1	0	1	0	1	1	1	1	1	0.976744186046512	0.964285714285714	0.0294117647058824	1	1	1	1	1	1	1	1	35.69
SRR5355468	1	1	0	0	1	0	1	0	1	0	0	0	0	0	1	0	1	0	0	1	1	0	1	1	0	1	1	0	1	0	0	0	0	1	1.93
SRR5355469	1	1	1	0	1	1	1	1	1	0	0	0	0	0	1	0	1	0	0	1	1	1	1	1	0	1	0	1	0	1	0	0	0	1	3.82
SRR5355470	1	1	1	0	1	1	1	1	1	0	0	0	0	0	1	0	1	0	1	1	1	1	1	1	0	0.571428571428571	1	1	1	1	1	1	1	1	5.68
SRR5355471	1	1	1	0	0	0	1	0	1	0	0	0	0	0	1	0	0	0	1	1	1	1	1	1	0	0	1	0	0	0	1	0	1	1	2.36
SRR5355472	1	0	0	0	0	0	1	0	0	0	0	0	0	0	1	0	0	0	1	0	0	1	1	0	0	1	1	0	1	0	0	1	0	1	2.19
SRR5355473	0	1	1	0	1	1	1	1	1	0	0	0	0	0	1	0	1	0	0	1	1	1	1	1	0	0	1	1	1	0	1	1	1	1	3.03
SRR5355474	1	1	1	0	1	1	1	1	1	0	0	0	0	0	1	0	1	0	1	1	1	1	1	1	0	1	1	1	1	1	1	1	1	1	44.12
SRR5355475	1	1	1	0	1	1	1	1	1	0	0	0	0	0	1	0	1	0	1	1	1	1	1	1	0	1	1	1	1	1	1	1	1	1	6.67
SRR5355476	1	1	1	0	1	0	1	1	1	0	0	0	0	0	1	0	0	0	1	1	0	1	1	1	0	0	0	1	1	0	0	1	0.333333333333333	0	2.33
SRR5355477	1	1	1	0	1	0	1	1	1	0	0	0	0	0	1	0	1	0	1	1	1	1	1	0	0	1	1	1	1	1	1	0	1	1	2.64
SRR5355478	1	1	1	0	1	1	1	1	1	0	0	0	0	0	1	0	1	0	1	1	1	1	1	1	0	1	1	1	1	1	1	1	1	1	48.07
SRR5355479	1	1	1	0	1	1	1	1	1	0	0	0	0	0	1	0	1	0	1	1	1	1	1	1	0	1	1	1	1	1	1	1	1	1	4.19
SRR5355480	1	0	1	0	1	1	1	1	1	0	0	0	0	0	1	0	1	0	1	1	1	1	1	1	0	1	1	1	1	1	1	1	1	1	7.11
SRR5355481	1	1	1	0.372881355932203	1	0.976190476190476	1	1	1	0	0	0	0	0	1	0	1	0	1	1	1	1	1	1	0	0.135593220338983	1	1	1	1	1	1	1	1	50.83
SRR5355482	1	1	1	0	0	0	1	0	0	0	0	0	0	0	0	0	1	0	0	0	1	0	1	0	0	0	1	0	1	0	1	0	0	1	1.89
SRR5355483	1	1	1	0	1	1	1	1	1	0	0	0	0	0	1	0	1	0	1	1	1	1	1	1	0	1	1	1	1	1	1	1	1	1	6.41
