cells	chrMT:73:A/G	chrMT:204:T/C	chrMT:513:G/A	chrMT:585:A/G	chrMT:642:T/C	chrMT:657:G/A	chrMT:865:A/G	chrMT:989:T/C	chrMT:1438:A/G	chrMT:1593:T/C	chrMT:1606:G/A	chrMT:1811:A/G	chrMT:2184:A/C	chrMT:2307:T/C	chrMT:2361:G/A	chrMT:2706:A/G	chrMT:2806:T/C	chrMT:3179:G/A	chrMT:3320:A/G	chrMT:3567:C/T	chrMT:4921:T/C	chrMT:5112:G/A	chrMT:5925:T/C	chrMT:6544:A/G	chrMT:7934:A/G	chrMT:8108:A/G	chrMT:8109:T/G	chrMT:8533:G/A	chrMT:9055:G/A	chrMT:9142:G/A	chrMT:9932:G/A	chrMT:10550:A/G	chrMT:10591:T/C	chrMT:10644:G/A	chrMT:11363:G/A	chrMT:11485:T/C	chrMT:11672:A/G	chrMT:11840:C/T	chrMT:11883:T/C	chrMT:12308:A/G	chrMT:12508:G/A	chrMT:12561:G/A	chrMT:12631:T/C	chrMT:12733:A/G	chrMT:12979:G/A	chrMT:13207:T/C	chrMT:13271:T/C	chrMT:13487:C/T	chrMT:13681:A/G	chrMT:13818:T/C	chrMT:14005:T/C	chrMT:14424:A/G	chrMT:14766:C/T	chrMT:14847:G/A	chrMT:15062:T/C	chrMT:15074:T/C	chrMT:16311:T/C	depth
SRR5355484	0	0	0	0	0	0	0	0	1	0	0	1	0	0	0	1	0	0	0	0	0	0	0	0	0	0	0	0	1	0	0	0	0	0	0	0	0	1	0	1	0	0	0	0	0	0	0	0	0	0	0	0	1	0	0	0	1	2.04
SRR5355485	1	0	0	0	0	0	0	0	1	0	0	1	0	0	0	1	0	0	0	1	0.333333333333333	0	0	0	0	0	0	0	1	0	0	1	0	0	0	1	0	1	0	1	0	0	0	0	0	0	0	0	0	0	0	0	1	0	0	0	1	3.88
SRR5355486	1	0	0	0.0285714285714286	0.303030303030303	0	0	0	1	0	0	1	0	0	0	1	0	0	0	0	0	0	0	0	0	0	0	0	1	0	0.0689655172413793	1	0	0	0	1	0	1	0	1	0	0	0	0	0	0	0	0	0	0	0	0	1	0	0	0	1	41.08
SRR5355487	1	0.970588235294118	0	0	0	0	0	0	1	0	0	1	0	0	0	1	0	0	0	0	0	0	0	0.00943396226415094	0	0	0	0	1	0	0	1	0	0	0	1	0	1	0	1	0	0	0	0	0	0	0	0	0	0	0	0	1	0	0	0	1	74.93
SRR5355488	1	0	0.0294117647058824	0	0	0	0	0	1	0	0	1	0	0	0	1	0	0	0	0	0	0	0	0	0	0	0	0.025	1	0	0	1	0	0	0	1	0	1	0	1	0	0	0	0	0	0	0	0	0	0	0	0	1	0	0	0	1	33.61
SRR5355489	1	0	0	0	0	0	0	0	1	0	0	1	0	0	0	1	0	0	0	0.0714285714285714	0	0	0	0	0	0	0	0	1	0	0.0588235294117647	1	0	0	0	1	0	1	0	1	0	0	0	0	0	0	0	0	0	0	0	0	1	0	0	0	1	18.89
SRR5355490	1	0	0	0	0	0	0	0	1	0	0	1	0	0	0	1	0	0	0	0	0	0	0	0	0	0	0	0	1	0	0	1	0	0	0	1	0	1	0	1	0	0	0	0	0	0	0	0	0	0	0	0	1	0	0	0	1	24.57
SRR5355491	1	0	0	0	0	0	0	0	1	0	0	1	0	0	0	1	0	0	0	0.830508474576271	0.666666666666667	0	0	0	0	0	0	0	1	0	0	1	0	0	0	1	0	0.976190476190476	0	1	0	0	0.178571428571429	0	0	0	0	0	0	0	0	0	1	0	0	0	1	62.09
SRR5355492	1	0	0	0	0	0	0	0	1	0	0	1	0	0	0	1	0	0	0	0	0.00735294117647059	0	1	0	0	0	0	0	1	0	0	1	0	0	0	1	0	1	0	0.988505747126437	0	0	0	0	0	0	0	0.247706422018349	0	0	0	0	1	0	0.715447154471545	0	1	98.13
SRR5355493	0	0	0	0	0	0	0	0	1	0	0	1	0	0	0	1	0	0	0	0	0	0	0	0	0	0	0	0	1	0	0	1	0	0	0	1	0	1	0	1	0	0	0	0.5	0	0	0	0	0	0	0	0	1	0	0	0	1	2.69
SRR5355494	1	0	0	0	0.388888888888889	0	0	0	1	0	0.210526315789474	1	0	0	0	1	0	0	0	0	0	0	0	0	0	0	0	0	1	0	0	1	0	0	0	1	0	1	0	1	0	0	0	0	0	0	0	0	0	0	0	0	1	0	0	0	1	21.1
SRR5355495	1	0	0	0	0.133333333333333	0	0	0	1	0	0	1	0	0	0	0.875	0	0	0	0	0	0	0	0	0	0	0	0	1	0	0	1	0	0	0	1	0	1	0	1	0	0	0	0.1	0	0	0	0	0	0	0	0	1	0	0	0	1	16.45
SRR5355496	1	0	0	0	0	0	0	0	1	0	0	1	0	0	0	1	0	0	0	0.988372093023256	0	0	0	0	0	0	0	0	1	0	0	1	0	0	0	1	0	1	0	1	0	0	0	0	0	0	0	0	0	0	0	0	1	0	0	0	1	69.94
SRR5355497	1	0	0	0	0	0	0	0	1	0	0	1	0	0	0	1	0	0	0	0	0	0	0	0	0	0	0	0	1	0	0	1	0	0	0	1	0	1	0	1	0.185185185185185	0	0	0	0	0	0	0	0	0	0	0	1	0	0	0	1	35.2
SRR5355498	1	0	0	0	0.556818181818182	0	0	0	1	0	0	1	0	0	0	0.973684210526316	0	0	0	0	0	0	0	0	0	0	0	0	1	0	0	1	0	0	0	1	0	1	0	1	0	0	0	0	0	0	0	0	0	0	0	0	1	0	0	0	0.984848484848485	65.14
SRR5355499	1	0	0	0	0	0	0	0	1	0	0	1	0	0	0.00628930817610063	1	0	0	0	0.00934579439252336	0	0	0	0	0	0.292857142857143	0	0	1	0	0	1	0	0	0	1	0	1	0	1	0	0	0	0	0	0	0	0	0	0	0	0	1	0	0	0	1	156.48
SRR5355500	1	0	0	0	0.0625	0	0	0	1	0	0	1	0	0	0.71875	1	0	0	0	0.811320754716981	0	0	0	0.00662251655629139	0	0	0	0	1	0	0	1	0	0	0	1	0	1	0	1	0	0	0	0.139240506329114	0	0	0	0	0	0	0	0	1	0	0	0	1	101.45
SRR5355501	1	0	0	0	0	0	0	0	1	0	0	1	0	0	0	1	0	0	0	0	0	0	0	0	0	0	0	0	1	0	0	1	0	0	0	1	0	1	0	1	0	0	0	0	0	0	0	0	0	0	0	0	1	0	0	0	1	127.13
SRR5355502	1	0	0	0	0	0	0	0	1	0	0	1	0	0	0	0	0	0	0	1	0	0	0	0	0	0	0	0	1	0	0	1	0	0	0	1	0	0	0	1	0	0	0	0	0	0	0	0	0	0	0	0	1	0	0	0	1	2.67
SRR5355503	1	0	0	0	0	0	0	0	1	0	0	1	0	0	0	1	0	0	0	0	0	0	0	0	0	0	0	0	1	0	0	1	0	0	0	1	0	1	0	1	0	0	0	0	0	0	0	0	0	0.0606060606060606	0	0	1	0	0	0	1	29.72
SRR5355504	1	0	0	0	0	0	0	0	1	0	0	1	0	0	0	1	0	0	0	0.0689655172413793	0	0	0	0	0	0	0	0	1	0	0	1	0	0	0	1	0	1	0	1	0	0	0	0	0	0	0.19047619047619	0	0	0.137931034482759	0	0	1	0	0	0	1	39.21
SRR5355505	0	0	0	0	0	0	0	0	0	0	0	0	0	0	0	0	0	0	0	0	0	0	0	0	0	0	0	0	0	0	0	0	0	0	0	0	0	0	0	0	0	0	0	0	0	0	0	0	0	0	0	0	0	0	0	0	0	1.24
SRR5355506	1	0	0	0	0	0	0	0	1	0	0	0	0	0	0	1	0	0	0	0	0	0	0	0	0	0	0	0	0	0	0	1	0	0	0	1	0	1	0	1	0	0	0	0	0	0	0	0	0	0	0	0	0	0	0	0	0	2.06
SRR5355507	1	0	0	0	0	0	0	0	1	0	0	1	0	0	0	1	0	0	0	0.972222222222222	0.0188679245283019	0	0	0	0	0	0	0	1	0	0	1	0	0	0	1	0	1	0	1	0	0	0	0	0	0	0	0	0	0	0	0	1	0	0	0	1	29.8
SRR5355508	1	0	0	0	0	0	0	0	1	0	0	1	0	0	0	1	0	0	0	0	0	0	0	0	0	0	0	0	1	0	0	1	0	0	0	1	0	1	0	1	0	0	0	0	0	0	0	0	0	0	0	0	1	0	0	0	1	25.04
SRR5355509	0	0	0	0	0	0	0	0	0	0	0	0	0	0	0	1	0	0	0	0	0	0	0	0	0	0	0	0	0	0	0	0	0	0	0	0	0	1	0	0	0	0	0	0	0	0	0	0	0	0	0	0	0	0	0	0	0	1.79
SRR5355510	1	0	0	0	0.56140350877193	0	0	0	1	0	0	1	0	0.0158730158730159	0	1	0	0	0	0	0	0	0	0	0	0	0	0	1	0	0.0144927536231884	1	0	0.222222222222222	0	1	0	1	0	1	0	0	0	0	0	0	0	0	0	0	0	0	1	0	0	0	1	60.47
SRR5355511	1	0	0	0	0.0117647058823529	0	0	0	1	0	0	1	0	0	0	1	0	0	0	0	0	0	0	0	0	0	0	0.962025316455696	1	0	0	1	0	0	0	0.988888888888889	0	1	0	1	0	0	0	0	0	0.12037037037037	0	0	0	0	0	0	1	0	0	0	1	86.43
SRR5355512	1	0	0	0	0	0	0	0	1	0	0	1	0	0	0	1	0	0	0	0	0	0	0	0	0	0	0	0	1	0	0	1	0	0	0	1	0	1	0	1	0	0	0	0	0	0	0	0	0	0	0.173913043478261	0	1	0	0	0	1	17.12
SRR5355513	1	0	0	0	0	0	0	0	1	0	0	1	0	0	0	1	0	0	0	0	0	0	0	0	0	0	0	0	1	0	0	1	0	0	0	1	0	1	0	1	0	0	0	0	0	0	0	0	0	0	0	0	1	0	0	0	1	33.99
SRR5355514	1	0	0	0	0	0	0	0	1	0	0	1	0	0	0	1	0	0	0	0.0363636363636364	0.00602409638554217	0	0	0	0	0	0	0	1	0	0.00900900900900901	1	0	0	0	1	0	1	0	1	0	0	0	0	0	0	0	0	0	0	0	0	1	0	0	0	1	111.63
SRR5355515	1	0	0	0	0	0	0	0	1	0	0	1	0	0	0	1	0	0	0.174418604651163	0	0	0	0	0	0	0	0	0	1	0	0	1	0.298969072164948	0.0103092783505155	0	1	0	1	0	1	0	0	0	0	0	0	0	0	0	0	0	0	1	0	0	0	1	73.05
SRR5355516	1	0	0	0	0	0	0	0	1	0.122448979591837	0	1	0	0	0	1	0.122448979591837	0	0	0.0363636363636364	0	0	0	0	0	0	0	0	1	0	0	1	0	0	0	1	0	1	0	1	0	0	0	0	0	0	0	0	0	0	0	0.615384615384615	1	0	0	0	1	72.33
SRR5355517	1	0	0	0	0	0	0	0	1	0	0	1	0	0	0	1	0	0	0	0	0	0	0	0	0	0	0	0	1	0	0	1	0	0	0	1	0	1	0	1	0	0	0	0	0	0	0	0	0	0	0	0	1	0	0	0	1	15.69
SRR5355518	1	0	0	0	0.84	0	0	0	1	0	0	1	0	0	0	1	0	0	0	0	0	0	0	0	0	0	0	0	1	0	0	1	0	0	0	1	0.025	1	0	1	0	0	0	0	0	0	0	0	0	0	0	0	1	0.829268292682927	0	0	1	31.7
SRR5355519	1	0	0	0	0	0	0	0	0	0	0	1	0	0	0	1	0	0	0	1	0	0	0	0	0	0	0	0	1	0	0	1	0	0	0	1	0	1	0	1	0	0	0	0	0	0	0	0	0	0	0	0	0	0	0	0	0	1.98
SRR5355520	1	0	0	0	0	0	0	0	1	0	0	1	0	0	0	1	0	0	0	0.354166666666667	0.130952380952381	0	0	0.0113636363636364	0	0	0	0	0.988095238095238	0	0	1	0	0	0	1	0	1	0	1	0	0	0	0	0	0	0	0	0	0	0	0	1	0	0	0	1	74.16
SRR5355521	1	0	0	0	0	0	0	0	1	0	0	1	0	0	0	1	0	0	0	0	0	0	0	0	0	0	0	0	1	0	0.0769230769230769	1	0	0	0	1	0	1	0	1	0	0	0	0.636363636363636	0	0	0	0	0	0	0	0	1	0	0	0	1	17.85
SRR5355522	1	0	0	0	0	0	0.521739130434783	0.506493506493506	1	0	0	1	0	0	0	1	0	0	0	0	0	0	0.533333333333333	0	0	0	0	0	1	0	0.0192307692307692	1	0	0	0	1	0	1	0	1	0	0	0	0	0	0	0	0.475	0	0	0	0	0.984126984126984	0	0	0	1	72.65
SRR5355523	1	0	0	0	0	0	0	0	1	0	0	1	0	0	0	1	0	0.209876543209877	0	0.52112676056338	0.0326086956521739	0	0	0	0	0	0	0	1	0	0	1	0	0	0	0.991304347826087	0	1	0	1	0	0	0	0	0	0	0	0	0	0	0	0	1	0	0	0	1	88.12
SRR5355524	1	0	0	0	0	0	0	0	1	0	0	1	0	0	0	1	0	0	0	0	0	0	0	0	0	0	0	0	1	0	0	1	0	0	0	1	0	1	0.105263157894737	1	0	0	0	0	0	0	0	0	0	0	0	0	1	0.0126582278481013	0	0	1	75.88
SRR5355525	1	0	0	0	0.147887323943662	0	0	0	1	0	0	1	0	0	0	1	0	0	0	0.140939597315436	0	0	0	0	0	0	0	0	0.994186046511628	0	0.00636942675159236	1	0	0	0	1	0	1	0	1	0	0	0	0.00819672131147541	0	0	0	0	0	0	0	0.00666666666666667	1	0	0	0	1	161.32
SRR5355526	1	0	0	0	0	0	0	0	1	0	0	1	0	0	0	1	0	0	0	0	0.111111111111111	0	0	0	0	0	0	0	1	0	0	1	0	0	0	1	0.166666666666667	1	0	1	0	0	0	0	0	0	0	0	0	0	0	0	1	0	0	0	1	3.5
SRR5355527	0	0	0	0	1	0	0	0	1	0	0	0	0	0	0	1	0	0	0	0.5	0	0	0	0	0	0	0	0	0	0	0	0	0	0	0	1	0	0	0	1	0	0	0	0	0	0	0	0	0	0	0	0	1	0	0	0	0	1.88
SRR5355528	1	0	0	0	0	0	0	0	1	0	0	1	0	0	0	1	0	0	0	0	0	0	0	0	0	0	0	0	1	0	0	1	0	0	0	1	0	1	0	1	0	0	0	0	0	0	0	0	0	0	0	0	1	0	0	0	1	13.06
SRR5355529	1	0	0	0	0.25	0	0	0	1	0	0	1	0	0	0	1	0	0	0	0	0	0	0	0	0	0	0	0	1	0	0	1	0	0	0	1	0	1	0	1	0	0	0	0	0	0	0	0	0	0	0	0	1	0	0	0	1	3.65
SRR5355530	1	0	0	0	0	0	0	0	1	0	0	1	0	0	0	1	0	0	0	0	0	0	0	0	0.137931034482759	0	0	0	1	0	0	1	0	0	0	1	0.862068965517241	1	0	1	0	0	0	0	0	0	0	0	0	0	0	0	1	0	0	0	1	22.93
SRR5355531	1	0	0	0	0.363636363636364	0	0	0	1	0	0.161764705882353	1	0	0	0	1	0	0	0	0	0	0	0	0	0	0	0	0	1	0	0	1	0	0	0	1	0.0142857142857143	1	0	1	0	0	0	0	0	0	0	0	0	0	0	0.05	1	0	0	0	1	58.16
SRR5355532	1	0	0	0	0	0	0	0	1	0	0	1	0	0	0	1	0	0	0	0	0	0	0	0	0	0	0	0	1	0	0	1	0	0	0	1	0	1	0	1	0	0	0	0	0	0	0	0	0	0	0	0	1	0	0	0	1	6.39
SRR5355533	1	0	0	0	0	0	0	0	1	0	0	1	0	0	0	1	0	0	0	0.0526315789473684	0	0	0	0	0	0	0	0	1	0	0	1	0	0	0	1	0	1	0	1	0	0	0	0	0	0	0	0	0	0	0	0	1	0	0	0	1	15.32
SRR5355534	1	0	0	0	0	0	0	0	1	0	0	1	0	0	0	1	0	0	0	0.1	0	0	0	0	0	0	0	0	1	0	0	1	0	0	0	1	0	1	0	1	0	0	0	0	0	0	0	0	0	0	0	0	1	0	0	0	1	14.19
SRR5355535	1	0	0	0	0	0	0	0	1	0	0	1	0	0	0	1	0	0	0	0	0	0	0	0.0256410256410256	0	0	0	0	1	0	0	1	0	0	0	1	0	1	0	1	0	0	0	0	0	0	0	0	0	0	0	0	1	0	0	0	1	28.78
SRR5355536	1	0	0	0	0	0	0	0	0	0	0	1	0	0	1	1	0	0	0	0	0	0	0	0	0	0	0	0	1	0	0	1	0	0	0	1	0	1	0	0	0	0	0	0	0	0	0	0	0	0	0	0	1	0	0	0	0	2.06
SRR5355537	1	0	0	0	0	0.122448979591837	0	0	1	0	0	1	0	0.666666666666667	0	1	0	0	0	0	0	0	0	0	0	0	0	0	1	0	0	1	0	0	0	1	0	1	0	1	0	0	0	0	0	0	0	0	0	0	0	0	1	0	0	0	1	59.91
SRR5355538	1	0	0	0	0.142857142857143	0	0	0	1	0	0	1	0	0	0	1	0	0	0	0.214285714285714	0	0	0	0	0	0	0	0	1	0	0	1	0	0	0	1	0	1	0	1	0	0	0	0	0	0	0	0	0	0	0	0	1	0	0	0	1	16.69
SRR5355539	0	0	0	0	0	0	0	0	0	0	0	0	0	0	0	1	0	0	0	0	0.5	0	0	0	0	0	0	0	0	0	0	1	0	0	0	1	0	0	0	1	0	0	0	0	0	0	0	0	0	0	0	0	0	0	0	0	1	2.35
SRR5355540	1	0	0	0	0	0	0	0	1	0	0	1	0	0	0	1	0	0	0	1	0	0	0	0	0	0	0	0	1	0	0	1	0	0	0	1	0	1	0	1	0	0	0	0	0	0	0	0	0	0	0	0	1	0	0	0	1	11.31
SRR5355541	1	0	0	0	0	0	0	0	1	0	0	1	0	0	0	1	0	0	0	0.894736842105263	0.545454545454545	0	0	0	0	0	0	0	1	0	0	1	0	0	0	1	0	1	0	1	0	0	0	0	0	0	0	0	0	0	0	0	1	0	0	0	1	12.94
SRR5355542	1	0	0	0.01	0	0	0	0	1	0	0	1	0	0	0	1	0	0	0	0	0	0	0	0	0	0	0	0	0.991869918699187	0	0	1	0	0	0	1	0	1	0	1	0	0	0	0	0	0	0	0	0	0	0	0	1	0	0	0	1	102.82
SRR5355543	0	0	0	0	0	0	0	0	1	0	0	1	0	0	0	1	0	0	0	0	0	0	0	0	0	0	0	0	1	0	0	1	0	0	0	1	0	1	0	1	0	0	0	0	0	0	0	0	0	0	0	0	1	0	0	0	1	4.07
SRR5355544	1	0	0	0	0	0	0	0	1	0	0	1	0	0	0	1	0	0	0	0	0	0	0	0	0	0	0	0	1	0	0	1	0	0	0	1	0	1	0	1	0	0	0	0	0	0	0	0	0	0	0	0	1	0	0	0	1	7.5
SRR5355545	1	0	0	0	0	0	0	0	1	0	0	1	0.217391304347826	0	0	1	0	0	0	0.382352941176471	0	0	0.210526315789474	0	0	0	0	0	1	0	0	0.990740740740741	0	0	0	1	0	1	0	1	0	0	0	0	0	0	0	0.0537634408602151	0	0	0	0	1	0	0	0	1	77.47
SRR5355546	1	0	0.222222222222222	0	0	0	0	0	1	0	0	1	0	0	0	1	0	0	0	0	0	0	0	0	0	0	0	0	1	0	0	1	0	0	0	1	0	1	0	1	0	0	0	0	0	0	0	0	0	0	0	0	1	0	0	0	1	16.64
SRR5355547	1	0	0	0	0	0	0	0	1	0	0	1	0	0	0	1	0	0	0	0	0	0	0	0	0	0	0	0	0.992	0	0	1	0	0	0	1	0	1	0	1	0	0	0	0	0	0	0	0	0	0	0	0	1	0	0	0	1	86.21
SRR5355548	1	0	0	0	0	0	0	0	1	0	0	1	0	0	0	1	0	0	0	0	0	0	0	0	0	0	0	0	1	0	0	1	0	0	0	1	0	1	0	1	0	0	0	0	0	0	0	0	0	0	0	0	1	0	0	0	1	86.8
SRR5355549	0	0	0	0	0	0	0	0	0	0	0	0	0	0	0	1	0	0	0	0	0	0	0	0	0	0	0	0	1	0	0	0	0	0	0	1	0	1	0	0	0	0	0	0	0	0	0	0	0	0	0	0	1	0	0	0	0	1.68
SRR5355550	1	0	0.00980392156862745	0	0	0	0	0	1	0	0	1	0	0	0	1	0	0	0	0	0	0	0	0	0	0	0	0	1	0	0.948275862068966	1	0	0	0	1	0	0.989247311827957	0	1	0	0	0	0	0	0	0	0	0	0	0	0	1	0	0	0	1	75.51
SRR5355551	1	0	0	0.125	0	0	0	0	1	0	0	1	0	0	0	1	0	0	0	0	0	0	0	0	0	0	0	0	1	0	0	1	0	0	0	1	0	1	0	1	0	0	0	0	0	0	0	0	0	0	0	0	1	0	0	0	1	9.74
SRR5355552	1	0	0	0	0	0	0	0	1	0	0	1	0	0	0	1	0	0	0	0	0	0	0	0	0	0	0	0	1	0	0	1	0	0	0	1	0	1	0	1	0	0	0	0	0	0	0	0	0	0	0	0	1	0	0	0	1	4.26
SRR5355553	0	0	0	0	0	0	0	0	0	0	0	0	0	0	0	0	0	0	0	0	0	0	0	0	0	0	0	0	1	0	0	0	0	0	0	1	0	1	0	0	0	0	0	0	0	0	0	0	0	0	0	0	0	0	0	0	0	1.67
SRR5355554	1	0	0	0.311111111111111	0	0	0	0	1	0	0	1	0	0	0	1	0	0	0	0.0833333333333333	0	0	0	0	0	0	0	0	1	0.717948717948718	0	1	0	0	0	1	0	1	0	1	0	0	0	0	0	0	0	0	0	0	0	0	1	0	0	0	1	40.74
SRR5355555	1	0	0	0	0	0	0	0	1	0	0	1	0	0	0	1	0	0	0	0.916666666666667	0	0	0	0	0	0	0	0	1	0	0	1	0	0	0	1	0	1	0	1	0	0	0	0	0	0	0	0	0	0	0	0	1	0	0	0.35	1	12.09
SRR5355556	1	0	0	0	0	0	0	0	1	0	0	1	0	0	0	1	0	0	0	0	0	0	0	0	0	0	0	0	0.983333333333333	0	0.0273972602739726	1	0	0	0.343283582089552	1	0	1	0	1	0	0	0	0	0.142857142857143	0	0	0	0	0	0	0	1	0	0	0	1	52.11
SRR5355557	1	0	0	0	0	0	0	0	0	0	0	1	0	0	0	1	0	0	0	0	0	0	0	0	0	0	0	0	1	0	0	0	0	0	0	1	0	1	0	1	0	0	0	0	0	0	0	0	0	0	0	0	0	0	0	0	1	2.47
SRR5355558	1	0	0	0	0.264705882352941	0	0	0	1	0	0	1	0	0	0	1	0	0	0	0	0.04	0	0	0	0	0	0	0	1	0	0	1	0	0	0	1	0	1	0	1	0	0	0	0.125	0	0	0	0	0	0	0	0	1	0	0	0	1	45.69
SRR5355559	1	0	0	0	0	0	0	0	1	0	0	1	0	0	0.0833333333333333	1	0	0	0	0.132352941176471	0	0	0	0	0	0	0	0	1	0	0	1	0	0	0	1	0	1	0	1	0	0	0	0.015625	0	0	0	0	0	0	0	0	1	0	0	0	1	76.41
SRR5355560	1	0	0	0	0.157142857142857	0	0	0	1	0	0	1	0	0	0	1	0	0	0	0	0	0	0	0.279569892473118	0	0	0	0	1	0	0	1	0	0	0	1	0	1	0	1	0	0	0	0.157142857142857	0	0	0	0	0	0	0	0	1	0	0	0	1	69.63
SRR5355561	1	0	0	0	0.875	0	0	0	1	0	0	1	0	0	0	1	0	0	0	0	0	0	0	0	0	0	0	0	1	0	0	1	0	0	0	1	0	1	0	1	0	0	0	0.0652173913043478	0	0	0	0	0	0	0	0	1	0	0	0	0.972972972972973	43.58
SRR5355562	1	0	0	0	0	0	0	0	1	0	0	1	0	0	0	1	0	0	0.0434782608695652	0.166666666666667	0.0344827586206897	0	0	0	0	0	0	0	1	0	0.0714285714285714	1	0	0	0	1	0	1	0	1	0	0	0	0.375	0	0	0	0	0	0	0	0	1	0	0	0	1	20.33
SRR5355563	1	0	0	0	0	0	0	0	1	0	0	1	0	0	0	1	0	0	0	0	0	0	0	0	0	0	0	0	1	0	0	1	0	0	0	1	0	1	0	1	0	0	0	0	0	0	0	0	0	0	0	0	1	0	0	0	1	18.12
SRR5355564	1	0	0	0	0	0	0	0	1	0	0	1	0	0	0	1	0	0	0	0.714285714285714	0	0	0	0	0	0	0	0	1	0	0	1	0	0	0	1	0	1	0	1	0	0	0	0	0	0	0	0	0	0	0	0	1	0	0	0	1	6.37
SRR5355565	1	0	0	0	0	0	0	0	1	0	0	0	0	0	0	1	0	0	0	0	0	0	0	0	0	0	0	0	0	0	0	1	0	0	0	0	0	1	0	0	0	0	0	0	0	0	0	0	0	0	0	0	1	0	0	0	1	1.99
SRR5355566	1	0	0	0	0	0	0	0	1	0	0	1	0	0	0	1	0	0	0	0	0	0	0	0	0	0	0	0	0	0	0	1	0	0	0	0	0	0	0	0	0	0	0	0	0	0	0	0	0	0	0	0	0	0	0	0	0	1.67
SRR5355567	1	0	0	0	0	0	0	0	1	0	0	1	0	0	0	1	0	0	0	0	0	0	0	0	0	0	0	0	1	0	0	1	0	0	0	1	0	1	0	1	0	0	0	0	0	0	0	0	0	0	0	0	1	0	0	0	1	32.15
SRR5355568	1	0	0	0	0.0357142857142857	0	0	0	1	0	0	1	0	0	0	1	0	0	0	0.631578947368421	0.529411764705882	0	0	0	0	0	0	0	1	0	0	1	0	0	0	1	0	1	0	1	0	0	0	0	0	0	0	0	0	0	0	0	1	0	0	0	1	24.04
SRR5355569	1	0	0	0	0	0	0	0	1	0	0	1	0	0	0	1	0	0	0	0	0	0	0	0	0	0	0	0	1	0	0.375	1	0	0	0	1	0	1	0	1	0	0	0	0	0	0	0	0	0	0	0	0.0909090909090909	1	0	0	0	1	10.32
SRR5355570	1	0	0	0	0.583333333333333	0	0	0	1	0	0	1	0	0	0	1	0	0	0.027027027027027	0	0	0	0	0	0	0	0	0	1	0	0.0555555555555556	1	0	0	0	1	0	1	0	1	0	0	0	0.333333333333333	0.0444444444444444	0	0	0	0	0	0	0	1	0	0	0	1	23.67
SRR5355571	1	0	0	0	0.153374233128834	0	0	0	1	0	0.151515151515152	1	0	0	0.0277777777777778	1	0	0	0	0.0317460317460317	0	0	0	0.00427350427350427	0	0	0	0	1	0	0	1	0	0	0	1	0	1	0	1	0	0	0	0	0	0	0	0	0.112994350282486	0	0	0	1	0	0	0	1	175.32
SRR5355572	1	0	0	0	0	0	0	0	1	0	0	1	0	0	0	1	0	0	0	1	0	0	0	0	0	0	0	0	1	0	0	1	0	0	0	1	0	0	0	1	0	0	0	0	0	0	0	0	0	0	0	0	1	0	0	0	1	4.89
SRR5355573	1	0	0	0	0	0	0	0	1	0	0	1	0	0	0	1	0	0	0	0	0.0487804878048781	0	0	0	0	0	0	0	1	0	0	1	0	0	0	1	0	1	0	1	0	0	0	0	0	0	0	0	0	0	0	0	1	0	0	0	1	27.64
SRR5355574	1	0	0	0	0	0	0	0	1	0	0	1	0	0	0	1	0	0	0	0.666666666666667	0	0	0	0	0	0	0	0	1	0	0	1	0	0	0	1	0	1	0	1	0	0	0	0	0	0	0	0	0	0	0	0	1	0	0	0	1	4.02
SRR5355575	1	0	0	0	0	0	0	0	1	0	0	1	0	0	0	0.938775510204082	0	0	0	0.0416666666666667	0	0.269230769230769	0	0	0	0	0	0	1	0	0	1	0	0	0	1	0	1	0	1	0	0	0	0	0	0	0	0	0	0	0	0	1	0	0	0	1	37.28
SRR5355576	1	0	0	0	0.2	0	0	0	1	0	0	1	0	0	0	1	0	0	0	0.05	0	0	0	0	0	0	0	0	1	0	0.0769230769230769	1	0	0	0	1	0	1	0	1	0	0	0	0	0	0	0	0	0	0	0	0	1	0	0	0	1	20.38
SRR5355577	1	0	0	0	0.010126582278481	0	0	0	0.997361477572559	0	0	1	0	0	0	1	0	0	0	0.360606060606061	0.0826086956521739	0	0	0	0	0	0	0	0.997757847533632	0	0	1	0	0	0	1	0	1	0	1	0	0	0	0.00579710144927536	0	0	0	0	0	0	0	0	1	0	0	0	1	403.67
SRR5355578	1	0	0	0	0	0	0	0	1	0	0	1	0	0	0	1	0	0	0	0.948051948051948	0.96551724137931	0	0	0	0	0	0	0	1	0	0.0135135135135135	1	0	0	0	1	0	1	0	1	0	0.452054794520548	0	0	0	0	0	0	0	0	0	0	1	0	0	0	1	77.02
SRR5355579	1	0	0	0	0.568965517241379	0	0	0	1	0	0	1	0	0	0	1	0	0	0	0.0784313725490196	0.0140845070422535	0.015625	0	0	0	0	0.149253731343284	0	1	0	0	1	0	0	0	1	0	1	0	1	0	0	0	0	0	0	0	0	0	0	0	0	1	0	0	0	1	69.15
