cells	chrMT:146:T/C	chrMT:195:T/C	chrMT:263:A/G	chrMT:716:T/C	chrMT:750:A/G	chrMT:1018:G/A	chrMT:2332:C/T	chrMT:3434:A/G	chrMT:3693:G/A	chrMT:5390:A/G	chrMT:5997:G/A	chrMT:6225:T/C	chrMT:6741:A/G	chrMT:7631:A/G	chrMT:8206:G/A	chrMT:8412:T/C	chrMT:8701:A/G	chrMT:9209:G/A	chrMT:9540:T/C	chrMT:10700:A/G	chrMT:10955:C/T	chrMT:11719:G/A	chrMT:12705:C/T	chrMT:13650:C/T	chrMT:13886:T/C	chrMT:14180:T/C	chrMT:14845:C/T	chrMT:15263:C/T	chrMT:15326:A/G	chrMT:15703:A/G	chrMT:16093:T/C	chrMT:16278:C/T	chrMT:16354:C/T	chrMT:16399:A/G	depth
SRR5355388	1	1	2	0	3	1	4	3	2	0	0	0	0	1	7	0	2	0	1	1	3	3	1	3	0	2	0	4	3	1	1	3	2	7	3.11
SRR5355389	3	1	1	0	11	8	8	6	11	0	0	0	0	4	8	0	4	0	5	9	9	7	5	5	0	8	1	9	5	6	4	10	19	2	8.55
SRR5355390	10	4	1	0	5	4	7	11	8	0	0	0	0	1	6	0	7	0	2	8	2	4	6	7	0	0	8	18	12	3	5	8	14	16	6.62
SRR5355391	2	2	1	0	4	3	3	2	2	0	0	0	0	0	2	0	2	0	3	1	0	2	2	2	0	3	3	5	0	1	0	3	0	6	2.6
SRR5355392	0	0	0	0	3	1	0	4	2	0	0	0	0	0	0	0	1	0	1	3	0	1	1	3	0	0	0	2	2	3	0	1	1	3	1.9
SRR5355393	3	0	0	0	2	1	0	1	0	0	0	0	0	0	0	0	0	0	1	1	0	0	1	1	0	1	1	1	1	0	0	0	0	0	1.57
SRR5355394	0	0	1	0	0	0	4	1	1	0	0	0	0	0	0	0	0	0	1	1	0	0	0	1	0	0	0	0	0	3	1	0	0	2	1.54
SRR5355395	0	0	3	0	2	0	3	0	1	0	0	0	0	0	0	0	1	0	0	1	0	1	0	0	0	0	0	3	3	3	0	0	0	2	1.85
SRR5355396	2	0	1	0	0	0	3	1	5	0	0	0	0	2	0	0	2	0	0	0	1	5	1	3	0	1	3	3	2	0	1	4	2	5	2.27
SRR5355397	0	1	2	0	2	0	1	0	0	0	0	0	0	2	3	0	2	0	5	1	0	2	4	1	0	0	0	2	1	1	0	3	0	0	1.85
SRR5355398	0	0	0	0	2	1	1	0	1	0	0	0	0	0	2	0	0	0	2	3	0	1	3	2	0	0	2	1	0	1	0	1	1	1	2.05
SRR5355399	0	1	2	0	2	0	1	1	4	0	0	0	0	0	3	0	0	0	2	0	1	1	0	0	0	0	1	0	1	2	1	1	0	0	1.79
SRR5355400	13	7	4	0	12	16	21	22	19	0	0	0	0	0	28	0	15	0	8	21	13	16	15	20	0	23	28	17	20	28	8	11	19	17	16.75
SRR5355401	5	2	1	0	3	2	1	1	2	0	0	0	0	0	8	0	3	0	1	6	3	4	2	1	0	4	4	4	0	1	1	3	3	3	3.14
SRR5355402	0	0	0	0	0	0	0	0	0	0	0	0	0	0	0	0	0	0	0	1	0	0	0	0	0	0	0	0	0	2	0	2	2	1	1.45
SRR5355403	0	0	2	0	0	0	0	1	1	0	0	0	0	0	1	0	1	0	1	1	0	0	1	1	0	0	1	2	0	0	1	1	0	0	1.7
SRR5355404	0	0	0	0	6	6	2	1	6	0	0	0	0	0	2	0	2	0	4	5	0	3	0	7	0	5	5	1	0	4	2	3	3	2	3.57
SRR5355405	0	0	0	0	0	0	0	0	0	0	0	0	0	0	0	0	0	0	0	0	0	0	1	0	0	0	0	0	1	1	0	0	0	0	1.37
SRR5355406	0	0	0	0	0	0	0	0	0	0	0	0	0	0	1	0	0	0	1	2	0	0	0	0	0	0	0	1	0	0	0	0	0	0	1.53
SRR5355407	0	0	0	0	0	0	0	0	0	0	0	0	0	0	0	0	0	0	0	0	0	0	0	0	0	0	0	0	0	0	0	0	0	0	1.39
SRR5355408	11	8	1	0	3	9	12	17	14	0	0	0	0	0	13	0	10	0	5	3	3	11	6	16	0	9	7	11	13	14	8	5	10	12	10.09
SRR5355409	0	0	0	0	0	0	0	0	0	0	0	0	0	0	0	0	1	0	0	0	2	0	0	0	0	0	0	0	0	0	0	0	0	0	1.49
SRR5355410	0	0	0	0	0	0	0	0	1	0	0	0	0	0	0	0	1	0	1	2	0	0	0	0	0	0	0	1	0	0	0	0	0	0	1.3
SRR5355411	5	7	7	0	11	7	9	6	10	0	0	0	0	0	5	0	5	0	2	14	1	4	11	11	0	11	5	11	11	8	0	7	21	16	7.65
SRR5355412	2	1	0	0	0	0	0	0	1	0	0	0	0	0	0	0	0	0	0	0	0	0	0	0	0	0	0	0	0	0	0	0	0	0	1.25
SRR5355413	0	0	0	0	0	0	0	1	0	0	0	0	0	0	0	0	0	0	0	0	0	0	0	0	0	0	0	0	0	0	0	0	0	0	1.3
SRR5355414	18	11	4	1	47	18	23	49	49	0	0	0	0	26	26	0	29	0	23	45	24	31	25	35	0	34	43	36	42	42	14	14	37	32	32.87
SRR5355415	2	0	2	0	0	0	0	2	0	0	0	0	0	0	1	0	0	0	1	2	0	0	0	0	0	0	0	1	0	0	0	1	0	1	1.5
SRR5355416	0	0	0	0	1	0	0	1	0	0	0	0	0	0	0	0	0	0	1	1	0	3	0	0	0	1	1	0	1	1	0	0	2	0	1.54
SRR5355417	5	2	4	0	3	4	9	5	7	0	0	0	0	0	6	0	2	0	4	8	1	4	1	3	0	1	7	5	7	5	7	7	7	3	5.17
SRR5355418	1	2	0	0	0	1	0	1	0	0	0	0	0	0	0	0	0	0	0	0	0	0	0	0	0	0	0	0	0	0	0	0	0	2	1.43
SRR5355419	0	0	0	0	2	0	0	1	1	0	0	0	0	0	0	0	0	0	0	0	0	0	0	0	0	1	0	1	1	0	0	0	0	0	1.13
SRR5355420	0	0	0	0	0	0	0	0	0	0	0	0	0	0	0	0	0	0	0	2	1	0	0	1	0	0	0	0	0	0	1	0	0	0	1.45
SRR5355421	3	1	1	0	2	0	0	2	0	0	0	0	0	0	1	0	0	0	0	2	2	0	0	2	0	1	0	0	1	0	0	0	0	0	1.74
SRR5355422	0	0	0	0	3	0	0	0	2	0	0	0	0	0	0	0	0	0	0	0	0	1	0	0	0	0	0	1	0	1	0	0	0	0	1.37
SRR5355423	0	0	0	0	9	7	3	7	3	0	0	0	0	0	9	0	1	0	2	14	3	5	4	9	0	0	10	19	5	8	0	11	16	13	7.1
SRR5355424	0	0	2	0	2	1	3	3	2	0	0	0	0	0	4	0	1	0	0	0	1	1	0	0	0	1	0	2	2	1	1	2	3	4	1.99
SRR5355425	0	0	2	0	1	2	1	2	4	0	0	0	0	0	3	0	2	0	0	2	1	0	2	4	0	1	2	1	0	1	1	3	2	5	2.28
SRR5355426	2	1	0	0	0	0	2	3	1	0	0	0	0	0	4	0	0	0	0	0	0	1	0	1	0	1	2	0	2	2	0	1	3	2	1.71
SRR5355427	0	0	0	0	0	1	0	1	0	0	0	0	0	0	0	0	0	0	0	0	0	0	1	0	0	2	0	0	1	0	0	0	0	0	1.35
SRR5355428	0	0	0	0	0	0	0	0	0	0	0	0	0	0	0	0	0	0	1	0	1	0	1	0	0	0	0	1	0	0	0	0	2	0	1.41
SRR5355429	3	0	4	0	2	4	3	5	3	0	0	0	0	0	4	0	7	0	1	3	4	10	10	5	0	2	6	9	6	8	0	7	3	7	5.74
SRR5355430	1	1	0	0	0	0	0	1	0	0	0	0	0	0	0	0	1	0	0	2	0	0	0	4	0	0	0	1	1	0	0	0	0	0	1.4
SRR5355431	2	1	1	0	4	3	5	15	10	0	0	0	0	0	10	0	2	0	4	13	8	10	5	8	0	3	6	10	6	9	6	6	8	11	7.23
SRR5355432	0	0	0	0	0	0	1	0	0	0	0	0	0	0	0	0	0	0	0	0	1	0	0	0	0	0	0	1	0	0	0	1	1	0	1.35
SRR5355433	0	0	0	0	0	0	0	0	0	0	0	0	0	0	0	0	0	0	1	1	0	0	0	0	0	0	2	0	2	0	0	0	0	0	1.42
SRR5355434	0	0	1	0	1	1	0	0	0	0	0	0	0	0	0	0	1	0	0	0	0	0	0	0	0	0	0	0	0	0	0	0	2	0	1.47
SRR5355435	0	0	0	0	0	0	0	0	0	0	0	0	0	0	0	0	0	0	0	0	0	0	0	0	0	0	0	0	0	0	0	0	0	0	1.28
SRR5355436	1	4	0	0	1	1	0	0	3	0	0	0	0	0	0	0	0	0	2	2	1	0	0	1	0	1	1	2	2	1	2	0	2	0	1.55
SRR5355437	8	5	2	0	6	6	14	8	4	0	0	0	0	0	4	0	6	0	6	4	8	4	7	6	0	4	5	6	10	11	2	8	9	5	5.75
SRR5355438	1	3	0	0	2	0	0	0	1	0	0	0	0	0	0	0	0	0	0	1	3	0	0	3	0	0	0	1	0	0	0	0	0	0	1.57
SRR5355439	0	0	1	0	1	0	0	1	0	0	0	0	0	0	0	0	0	0	0	0	0	2	0	0	0	2	0	0	0	1	3	0	1	1	1.34
SRR5355440	3	2	2	0	3	4	3	1	9	0	0	0	0	0	8	0	2	0	4	7	4	4	4	1	0	12	9	6	5	6	2	3	6	6	4.45
SRR5355441	0	0	0	0	0	0	0	0	0	0	0	0	0	0	0	0	1	0	1	0	0	0	0	0	0	0	0	0	1	0	0	0	2	0	1.32
SRR5355442	0	0	0	0	0	0	0	0	1	0	0	0	0	0	0	0	0	0	0	0	0	0	0	1	0	1	0	0	0	0	0	0	0	0	1.32
SRR5355443	0	0	0	0	0	0	1	0	0	0	0	0	0	0	0	0	0	0	0	0	0	1	0	0	0	0	0	0	0	1	0	0	0	0	1.53
SRR5355444	0	0	0	0	3	3	0	1	0	0	0	0	0	0	0	0	0	0	1	1	0	0	0	0	0	0	0	1	0	0	1	0	0	0	1.51
SRR5355445	15	19	11	0	45	30	45	45	48	0	0	0	0	0	40	0	24	0	33	59	31	40	48	46	0	42	44	42	29	43	17	56	59	51	40.69
SRR5355446	0	0	0	0	0	0	0	0	0	0	0	0	0	0	0	0	0	0	0	0	0	4	1	0	0	0	0	1	1	1	0	0	1	3	1.41
SRR5355447	1	1	0	0	2	5	3	5	3	0	0	0	0	0	4	0	2	0	1	2	3	0	3	3	0	3	1	6	4	2	1	2	3	3	2.95
SRR5355448	10	9	3	0	18	17	13	30	16	0	0	0	0	0	20	0	19	0	16	16	18	19	7	29	0	25	19	24	10	18	13	13	18	10	18.02
SRR5355449	4	8	5	0	10	7	7	7	6	0	0	0	0	0	19	0	11	0	5	12	5	3	9	7	0	10	14	9	13	10	5	3	8	17	10.51
SRR5355450	0	0	0	0	0	0	0	0	0	0	0	0	0	0	0	0	0	0	0	0	0	0	0	2	0	0	0	0	0	0	0	0	0	0	1.41
SRR5355451	12	15	3	0	9	2	6	9	5	0	0	0	0	0	11	0	2	0	4	6	5	1	1	9	0	0	12	9	3	9	6	2	9	6	5.62
SRR5355452	6	10	6	0	7	3	7	3	3	0	0	0	0	0	7	0	3	0	5	3	2	3	3	5	0	2	8	6	4	7	11	2	15	8	5.73
SRR5355453	17	15	13	0	28	12	20	33	24	0	0	0	0	0	29	0	15	0	15	35	15	22	26	28	0	0	32	34	21	38	32	29	47	42	25.15
SRR5355454	3	5	2	0	18	10	9	11	8	0	0	0	0	0	7	0	5	0	6	24	21	15	20	7	0	17	21	14	10	13	8	11	11	9	13.97
SRR5355455	1	3	0	0	0	3	2	5	8	0	0	0	0	0	3	0	2	0	0	3	4	0	4	4	0	3	8	4	1	3	0	0	0	0	3.31
SRR5355456	13	5	3	0	14	11	18	14	19	0	0	0	0	0	11	0	7	0	18	21	17	17	13	23	0	9	29	17	17	22	5	9	18	20	15.02
SRR5355457	14	13	8	0	30	20	33	42	40	0	0	0	0	0	40	0	15	9	17	44	23	28	37	46	0	49	42	36	28	33	7	32	29	34	31.45
SRR5355458	28	19	13	0	46	36	37	77	43	0	0	0	0	0	61	0	47	0	35	67	29	33	48	54	0	43	53	66	46	60	34	26	43	39	48.17
SRR5355459	15	19	9	0	16	5	16	22	19	0	0	0	0	0	12	0	3	0	1	7	6	4	9	13	0	11	15	19	10	13	4	6	20	14	11.18
SRR5355460	2	1	1	0	1	2	0	0	5	0	0	0	0	0	0	0	1	0	0	1	1	0	1	0	0	3	1	2	0	2	1	2	2	0	1.99
SRR5355461	11	4	8	0	16	3	9	21	22	0	0	0	0	0	10	0	13	0	10	15	5	5	8	20	0	10	19	21	18	28	5	5	23	20	12.8
SRR5355462	18	13	13	0	38	28	33	40	53	6	0	0	0	0	44	0	19	0	25	52	33	22	42	49	0	29	54	45	42	40	16	23	38	29	35.45
SRR5355463	20	9	14	0	42	12	33	72	61	0	0	0	0	0	51	0	29	0	29	61	22	35	38	54	0	47	54	51	51	48	11	42	37	61	40.15
SRR5355464	3	1	2	0	2	0	3	2	0	0	0	0	0	0	2	0	2	0	1	4	3	3	1	2	0	2	2	1	4	1	1	0	3	1	2.52
SRR5355465	29	25	9	0	49	40	40	59	68	0	0	30	0	0	44	21	38	0	39	90	37	34	38	57	0	43	69	73	63	52	21	38	56	46	50.05
SRR5355466	5	6	4	0	6	8	12	13	18	0	0	0	0	0	18	0	13	0	10	17	6	11	17	23	0	15	17	15	13	14	6	15	20	19	13.2
SRR5355467	27	15	16	0	24	19	28	37	36	0	35	0	8	0	45	0	27	0	22	61	31	28	40	42	27	1	41	45	35	32	21	33	39	39	35.69
SRR5355468	1	1	0	0	2	0	3	0	1	0	0	0	0	0	1	0	3	0	0	1	2	0	4	4	0	1	1	0	2	0	0	0	0	2	1.93
SRR5355469	5	3	1	0	7	3	3	2	7	0	0	0	0	0	4	0	1	0	0	5	3	4	1	4	0	4	0	1	0	2	0	0	0	5	3.82
SRR5355470	2	2	4	0	5	4	5	10	11	0	0	0	0	0	3	0	4	0	4	7	2	4	3	3	0	4	6	6	3	17	4	4	9	8	5.68
SRR5355471	2	1	1	0	0	0	2	0	1	0	0	0	0	0	3	0	0	0	1	5	1	2	2	2	0	0	2	0	0	0	1	0	1	2	2.36
SRR5355472	2	0	0	0	0	0	3	0	0	0	0	0	0	0	5	0	0	0	3	0	0	2	3	0	0	2	1	0	1	0	0	2	0	1	2.19
SRR5355473	0	2	3	0	3	2	2	2	3	0	0	0	0	0	8	0	3	0	0	4	3	2	3	2	0	0	3	2	2	0	2	1	5	3	3.03
SRR5355474	23	17	12	0	45	28	27	62	57	0	0	0	0	0	50	0	39	0	33	69	51	37	50	29	0	48	58	53	56	51	24	37	47	31	44.12
SRR5355475	6	4	5	0	4	6	3	8	8	0	0	0	0	0	6	0	7	0	10	6	10	11	7	10	0	5	6	10	6	4	3	3	3	3	6.67
SRR5355476	2	3	2	0	3	0	1	1	4	0	0	0	0	0	3	0	0	0	1	4	0	1	2	4	0	0	0	3	2	0	0	1	1	0	2.33
SRR5355477	1	1	3	0	1	0	1	4	2	0	0	0	0	0	1	0	2	0	1	4	3	1	2	0	0	1	2	2	3	1	1	0	4	3	2.64
SRR5355478	37	27	15	0	42	43	34	64	52	0	0	0	0	0	65	0	36	0	38	74	41	37	38	43	0	42	74	74	62	75	32	57	68	69	48.07
SRR5355479	12	3	5	0	10	2	4	4	4	0	0	0	0	0	8	0	2	0	2	7	5	4	7	3	0	3	5	3	4	4	4	1	1	4	4.19
SRR5355480	10	0	6	0	10	5	6	6	8	0	0	0	0	0	14	0	5	0	2	6	2	6	12	7	0	9	7	5	5	11	3	8	6	11	7.11
SRR5355481	37	20	26	22	50	41	31	65	60	0	0	0	0	0	58	0	41	0	41	65	34	58	51	71	0	8	55	63	78	67	27	54	85	78	50.83
SRR5355482	1	3	2	0	0	0	1	0	0	0	0	0	0	0	0	0	1	0	0	0	2	0	2	0	0	0	1	0	2	0	3	0	0	2	1.89
SRR5355483	7	1	1	0	7	6	4	9	4	0	0	0	0	0	8	0	1	0	3	11	2	4	5	3	0	2	1	13	6	6	3	2	7	11	6.41
