cells	chrMT:227:A/G	chrMT:678:T/C	chrMT:820:G/A	chrMT:831:T/C	chrMT:887:G/A	chrMT:1219:T/G	chrMT:1438:A/G	chrMT:2759:T/C	chrMT:2960:T/C	chrMT:2964:T/C	chrMT:3065:T/C	chrMT:3633:T/C	chrMT:3918:G/A	chrMT:4231:A/G	chrMT:4341:G/A	chrMT:4769:A/G	chrMT:5441:A/G	chrMT:5999:T/C	chrMT:6189:C/T	chrMT:6205:G/A	chrMT:6384:G/A	chrMT:6798:G/A	chrMT:7085:T/C	chrMT:7953:T/C	chrMT:8538:T/C	chrMT:8860:A/G	chrMT:9139:G/A	chrMT:9307:G/A	chrMT:9643:G/A	chrMT:9798:T/C	chrMT:9942:G/A	chrMT:10068:G/A	chrMT:10457:T/C	chrMT:10462:T/C	chrMT:10558:T/C	chrMT:10905:T/C	chrMT:11856:A/G	chrMT:12503:G/A	chrMT:12865:A/G	chrMT:13159:A/G	chrMT:13327:A/G	chrMT:13434:A/G	chrMT:13645:T/C	chrMT:13813:G/A	chrMT:14972:G/A	chrMT:15024:G/A	chrMT:15108:T/C	chrMT:15195:T/C	chrMT:15218:A/G	chrMT:15578:T/C	chrMT:16134:C/T	chrMT:16294:C/T	depth
SRR5354529	0	0	0	0	0	0	100	0	0	0	1	0	0	22	0	33	0	1	0	0	0	0	0	0	0	27	0	0	0	0	0	0	0	0	0	0	0	0	0	0	0	0	0	0	0	0	0	0	0	0	2	0	119.47
SRR5354530	0	0	0	0	0	0	14	0	0	0	0	0	0	5	0	7	0	1	0	0	0	0	0	0	0	2	0	1	0	0	0	0	0	0	0	0	0	0	0	0	0	0	0	0	0	1	1	0	0	0	0	0	10.92
SRR5354531	0	0	0	0	0	0	226	78	0	0	0	0	0	32	0	45	0	0	0	0	0	0	0	0	0	11	0	1	0	0	0	0	0	0	0	0	0	0	0	0	0	0	0	0	0	0	0	0	0	0	94	0	258.07
SRR5354532	0	0	0	0	3	0	87	0	0	0	0	0	0	13	0	19	0	0	19	0	0	0	0	0	1	11	0	0	0	0	0	0	0	0	0	0	0	0	0	0	0	0	0	0	0	1	0	0	0	0	2	0	106.1
SRR5354533	0	0	0	0	0	0	120	0	0	0	0	0	0	36	0	35	0	0	3	0	0	0	0	0	0	29	0	0	0	0	0	0	0	0	1	32	0	0	0	0	0	0	0	0	0	0	1	0	0	0	52	0	162.16
SRR5354534	0	0	2	0	0	0	57	1	0	0	0	0	1	10	0	11	0	0	0	0	0	0	0	0	0	7	23	0	0	0	0	0	0	0	0	0	0	0	0	0	9	0	0	0	0	0	1	0	0	0	36	0	71.83
SRR5354535	0	0	0	0	0	0	60	0	0	0	0	0	0	8	0	3	0	0	0	0	0	0	0	0	0	5	0	0	0	0	0	0	0	0	1	0	0	0	0	0	0	7	0	0	0	0	0	0	0	0	1	0	59.75
SRR5354536	0	0	0	0	0	0	26	0	0	0	0	0	0	5	0	2	0	0	0	0	0	0	0	0	0	6	0	1	0	0	0	0	0	0	0	0	0	0	0	0	0	0	0	0	0	0	0	0	0	0	2	0	25.68
SRR5354537	0	0	0	0	0	0	150	0	0	0	0	0	0	19	0	29	0	0	0	0	0	0	0	0	0	16	0	0	0	0	0	0	0	0	0	0	0	0	0	0	0	0	0	0	0	0	0	0	0	0	33	0	158.82
SRR5354538	0	0	0	0	0	0	34	0	0	0	1	0	0	9	0	12	0	0	0	0	2	0	0	0	0	13	12	1	0	0	0	0	0	0	1	0	0	0	0	0	12	0	0	0	0	0	0	0	0	0	23	0	39.14
SRR5354539	0	0	127	0	0	0	171	0	0	0	3	0	134	16	0	34	31	0	0	0	0	0	0	0	0	12	11	0	0	0	0	0	0	0	1	0	0	0	0	0	12	0	0	0	0	0	0	0	0	0	55	0	219.06
SRR5354540	0	0	6	0	0	0	88	0	0	0	0	0	20	13	0	13	0	0	0	0	0	0	0	0	0	17	0	0	0	0	0	0	0	0	0	0	0	0	0	0	0	0	0	0	0	0	0	0	0	0	2	0	101.27
SRR5354541	0	38	0	0	0	0	114	0	0	0	0	0	0	24	0	26	0	0	0	0	0	0	0	0	0	15	0	0	0	0	0	0	0	0	0	0	0	0	0	0	0	2	0	0	0	0	0	35	0	0	0	0	138.39
SRR5354542	0	0	0	0	0	0	25	0	0	0	0	0	0	5	0	4	0	0	0	0	0	0	0	0	0	7	0	0	0	0	0	0	0	0	0	0	0	0	0	0	0	0	0	0	0	0	1	0	0	0	1	0	19.56
SRR5354543	0	0	0	0	0	6	35	0	0	0	0	0	0	7	0	5	0	0	0	0	0	0	0	0	0	7	0	0	0	0	0	0	0	0	0	0	0	0	0	0	0	0	0	0	0	0	0	0	0	0	8	0	31.46
SRR5354544	0	0	29	0	0	0	213	0	0	0	0	0	42	32	0	43	5	0	0	0	0	0	21	0	0	12	0	1	0	0	0	0	0	0	1	0	0	0	0	0	0	0	0	1	0	0	1	0	0	0	16	0	258.83
SRR5354545	0	0	27	0	0	0	158	0	0	0	0	0	48	39	0	49	5	0	0	0	0	0	1	0	0	40	0	0	0	0	0	0	0	0	0	0	0	0	0	0	0	0	0	0	0	1	0	0	0	0	25	0	186.37
SRR5354546	0	0	1	0	0	0	40	0	0	0	0	0	1	4	0	8	0	0	0	0	0	0	9	0	0	10	0	0	0	0	0	0	0	0	0	0	0	0	0	0	0	0	0	0	0	1	0	0	0	0	9	0	40.45
SRR5354547	13	0	1	0	0	0	310	0	2	0	0	13	0	41	0	58	0	0	0	0	0	0	0	0	0	28	0	0	0	0	0	0	0	0	0	0	0	0	0	0	0	1	1	0	0	0	1	0	0	0	76	0	352.14
SRR5354548	0	0	0	52	0	0	56	1	0	0	0	0	0	11	0	10	0	0	0	0	0	0	0	0	0	6	0	0	0	0	0	0	0	0	0	0	0	0	0	0	0	0	1	0	0	0	0	0	0	0	6	0	60.7
SRR5354549	0	0	0	0	0	0	53	0	0	0	0	0	0	10	0	17	0	0	0	0	0	0	0	0	0	11	0	0	0	0	0	0	0	0	0	0	0	0	0	0	0	0	0	0	0	0	0	0	0	0	0	0	45.79
SRR5354550	0	0	0	0	0	0	58	0	0	0	0	0	0	12	0	11	0	0	0	0	0	0	14	0	0	20	0	0	0	0	0	0	0	0	0	0	0	0	0	0	0	0	0	0	0	1	0	0	0	0	15	0	62.4
SRR5354551	0	0	0	0	0	0	90	0	0	0	0	0	0	21	0	24	0	0	0	0	0	0	11	0	0	28	0	1	0	0	0	0	0	0	0	0	0	0	0	0	0	0	0	0	0	0	0	0	0	0	21	0	102.3
SRR5354552	0	0	0	0	0	0	52	0	0	0	0	0	0	8	0	15	0	0	0	0	0	0	0	0	0	4	0	3	0	0	0	0	0	0	0	0	0	0	0	0	0	0	0	0	0	0	0	0	0	0	11	0	86.87
SRR5354553	3	0	0	0	56	0	159	0	0	0	0	0	0	26	0	39	0	0	0	0	0	0	0	0	0	18	0	2	0	0	0	0	0	0	0	0	0	0	0	0	0	0	0	0	0	1	0	0	0	0	91	0	171.52
SRR5354554	0	0	0	0	0	0	120	0	0	0	0	0	0	18	0	21	0	0	0	0	0	0	0	0	0	17	0	0	0	0	0	0	18	0	0	0	0	0	0	0	0	0	0	0	0	0	0	0	0	0	68	0	123.48
SRR5354555	0	0	0	0	0	0	82	0	0	0	2	0	0	11	0	13	0	0	0	0	0	0	0	11	0	6	0	0	0	0	0	0	0	0	0	0	0	0	0	0	0	0	0	0	0	0	0	0	0	0	16	0	85.51
SRR5354556	0	0	0	0	1	0	19	0	0	0	0	0	0	4	0	6	0	0	0	0	0	0	0	0	0	7	0	0	0	0	0	0	0	0	0	0	0	0	0	0	0	0	0	0	0	0	0	0	0	0	4	0	22.57
SRR5354557	0	0	0	0	0	0	64	0	0	0	0	0	0	11	0	18	0	0	0	0	0	0	0	0	0	7	0	0	0	0	0	0	0	0	0	0	0	0	0	0	0	0	0	0	0	0	0	0	0	0	27	0	58.25
SRR5354558	0	0	0	0	0	0	172	0	0	0	0	0	0	39	0	33	0	61	0	0	0	0	0	0	0	14	0	0	0	0	0	13	0	0	0	0	0	0	0	0	0	0	0	0	0	0	0	0	0	0	27	0	223.34
SRR5354559	10	0	0	0	0	0	75	0	1	0	0	1	0	22	0	25	0	0	0	0	0	0	0	2	0	20	0	0	0	0	0	0	0	0	0	0	0	0	0	0	1	0	0	0	0	0	1	0	0	0	17	0	86.69
SRR5354560	4	0	0	0	0	0	183	0	0	0	0	1	0	35	0	52	0	0	0	0	0	0	0	1	0	16	1	0	0	0	0	0	0	0	0	0	0	0	0	0	0	0	0	0	0	0	0	0	0	0	83	0	222.91
SRR5354561	5	0	0	0	0	0	135	0	0	0	0	0	0	31	0	44	0	0	0	0	0	0	0	0	0	19	0	0	0	0	0	0	0	0	1	0	0	1	0	0	0	0	0	0	0	0	0	0	0	0	7	0	164.96
SRR5354562	0	0	0	0	0	0	22	0	0	0	0	0	0	2	0	2	0	0	0	0	0	0	0	0	0	6	0	0	0	0	0	0	0	0	0	0	0	0	0	0	0	0	0	0	0	0	0	1	0	0	4	0	28.72
SRR5354563	0	0	0	0	0	0	22	0	0	0	0	0	0	2	0	2	0	2	0	0	0	0	0	0	0	3	0	1	0	0	0	0	0	0	0	0	0	0	0	0	0	0	0	0	0	0	0	0	0	0	9	0	24.5
SRR5354564	0	0	0	0	0	0	49	0	0	0	0	0	0	5	0	17	0	0	0	0	0	0	0	0	0	9	0	1	0	0	0	0	0	0	0	0	0	0	0	0	0	0	0	0	0	0	0	0	0	0	10	0	52
SRR5354565	0	0	0	0	0	0	210	0	0	0	0	0	0	30	0	59	0	0	0	0	0	0	0	1	0	24	0	0	0	0	0	0	0	0	0	0	1	0	0	0	0	0	0	0	0	0	0	0	0	0	92	0	233.28
SRR5354566	0	0	0	0	0	0	60	0	1	0	0	0	0	10	0	19	0	0	0	0	0	0	0	4	0	5	0	0	0	0	0	0	0	0	0	0	0	0	0	0	0	0	0	0	0	0	0	0	0	0	18	0	65.86
SRR5354567	4	0	0	0	0	0	116	0	2	0	0	0	0	20	0	29	0	0	0	0	0	0	0	4	0	16	0	0	0	0	0	0	0	0	1	0	0	0	0	0	0	0	0	0	0	0	1	0	0	0	42	0	141.68
SRR5354568	0	0	0	0	0	0	45	0	0	0	2	0	0	6	0	6	0	1	0	0	0	0	0	0	0	6	0	0	0	0	0	1	0	0	0	0	0	0	0	0	0	0	0	0	0	0	1	0	0	0	13	0	31.72
SRR5354569	0	0	0	0	0	0	84	0	0	0	0	0	0	14	0	20	0	4	0	0	0	0	0	0	0	17	0	0	0	0	0	2	0	0	0	0	0	0	0	0	0	0	54	0	0	0	0	0	0	0	40	0	75.91
SRR5354570	0	0	0	0	0	0	27	0	0	4	0	0	0	4	0	3	0	6	0	0	0	0	0	0	0	5	0	0	0	0	0	4	0	0	0	0	0	0	0	0	0	0	0	0	0	0	0	0	0	0	0	0	21.53
SRR5354571	0	0	0	0	0	0	121	0	2	0	0	0	0	11	0	28	0	0	0	0	0	0	0	0	0	3	0	0	0	0	0	0	0	0	1	0	0	0	0	0	0	0	0	0	0	0	0	0	0	0	4	0	147.34
SRR5354572	0	0	0	0	0	0	21	0	0	0	0	0	0	5	0	5	0	0	0	0	0	0	0	0	0	4	0	1	0	0	0	0	0	0	0	0	0	0	0	0	0	0	0	0	0	0	0	0	0	0	5	0	26.93
SRR5354573	0	0	0	0	0	0	23	0	0	0	0	0	0	1	0	9	0	0	0	0	0	0	0	0	0	3	0	0	0	0	0	0	0	0	0	0	0	0	0	0	0	0	0	0	0	0	0	0	0	0	27	0	26.47
SRR5354574	0	0	0	0	0	0	77	0	0	0	0	0	0	13	0	16	0	13	0	0	0	0	0	0	0	21	0	0	0	0	0	7	0	0	0	0	0	0	0	0	0	0	0	0	0	1	0	0	0	0	21	0	73.27
SRR5354575	0	0	0	0	0	0	193	0	0	0	0	0	0	32	0	47	0	16	0	0	0	0	0	0	0	26	0	0	0	0	0	7	0	0	0	0	0	0	0	0	0	0	0	0	0	0	0	0	0	0	8	2	220.07
SRR5354576	0	0	0	0	0	0	58	0	0	0	0	0	0	9	0	9	0	7	0	0	0	0	0	0	0	10	0	0	0	0	0	2	0	0	0	0	0	0	0	0	0	0	0	0	0	1	1	0	0	0	13	0	53.74
SRR5354577	0	0	0	0	0	0	275	0	0	0	0	0	0	26	0	59	0	0	0	0	0	0	0	0	0	16	0	3	0	0	0	0	0	0	0	0	0	35	0	0	0	1	0	0	0	1	0	0	0	0	12	0	286.17
SRR5354578	0	0	0	0	0	0	45	0	0	0	0	0	0	13	0	10	0	0	0	0	0	0	0	0	0	7	0	0	0	0	0	0	0	0	0	0	0	0	0	0	0	0	0	0	0	0	0	0	0	0	21	0	43.39
SRR5354579	0	0	0	0	0	0	144	0	2	0	0	0	0	28	0	40	0	0	0	0	0	0	0	0	0	18	0	0	0	0	102	0	0	0	0	0	0	0	158	0	0	0	0	0	0	0	0	0	0	0	72	0	184.65
SRR5354580	0	0	0	0	0	0	20	0	0	0	0	0	0	3	0	6	0	0	0	0	0	0	0	0	0	1	0	0	0	0	0	0	0	0	0	0	0	0	0	0	0	0	0	0	0	0	0	0	0	0	2	0	23.7
SRR5354581	0	0	0	0	0	0	93	0	0	0	1	0	0	17	0	32	0	0	0	0	0	0	0	0	0	11	0	0	0	1	0	0	0	0	0	0	0	0	0	0	0	1	0	0	0	1	0	0	0	0	2	0	111.55
SRR5354582	0	0	0	0	0	0	193	0	0	0	0	0	0	43	0	47	0	1	0	0	0	0	0	0	0	28	0	0	0	0	0	0	0	0	0	0	0	0	0	0	0	0	0	0	0	0	0	0	0	0	9	0	226.78
SRR5354583	0	0	0	0	0	0	220	0	2	0	0	0	0	40	0	61	0	0	0	0	0	12	0	0	0	17	0	0	0	0	0	0	0	22	2	0	0	0	0	0	0	0	0	0	0	0	0	0	0	0	114	0	231.98
SRR5354584	0	0	0	0	0	0	125	0	3	0	0	0	0	22	0	23	0	0	0	0	0	0	0	0	0	17	0	0	0	0	0	0	0	0	0	0	0	0	0	0	0	0	0	0	0	0	0	0	0	0	10	0	132.71
SRR5354585	0	0	0	0	0	0	55	0	10	0	0	0	0	8	0	14	0	0	0	0	0	0	0	0	0	4	0	0	0	0	0	0	0	0	0	0	0	0	0	0	0	0	0	0	0	0	1	0	0	0	14	0	55.65
SRR5354586	0	0	0	0	0	0	193	0	0	0	1	0	0	25	0	48	0	0	0	0	0	0	0	0	29	22	0	0	0	0	0	0	0	0	0	0	0	0	0	0	0	0	0	0	0	0	1	0	0	0	54	0	232.14
SRR5354587	1	0	0	0	0	0	350	0	0	0	1	0	0	49	0	70	0	0	0	0	0	0	0	0	0	21	0	0	0	0	0	1	0	0	0	0	0	0	0	0	0	0	0	0	0	0	0	0	0	0	65	0	354.54
SRR5354588	0	0	0	0	0	0	58	0	0	0	0	0	0	10	0	8	0	0	0	0	0	0	0	0	0	3	0	0	0	0	0	0	0	0	0	0	0	0	0	0	0	0	0	10	0	0	2	0	0	0	10	0	83.61
SRR5354589	0	0	0	0	0	0	39	0	2	0	0	0	0	7	0	16	0	0	0	0	0	0	0	0	0	5	0	0	0	26	0	0	0	0	0	0	0	0	0	0	0	0	0	0	0	0	0	0	0	0	24	0	60.73
SRR5354590	0	0	0	0	0	0	76	0	0	0	0	0	0	22	0	20	0	0	0	0	0	0	0	0	0	19	0	0	0	0	0	0	0	0	0	0	44	0	0	0	0	0	0	0	61	0	0	0	0	0	0	0	93.52
SRR5354591	0	0	0	0	0	0	211	0	0	0	0	0	0	28	0	45	0	0	0	0	0	0	0	0	0	12	0	4	0	0	0	0	0	0	0	0	0	0	0	0	0	0	0	0	0	0	0	0	0	0	2	0	222.14
SRR5354592	0	0	0	0	0	0	26	0	0	0	0	0	0	3	0	10	0	0	0	0	0	0	0	0	0	4	0	0	0	0	0	0	0	0	0	0	0	0	0	0	0	0	0	0	0	0	4	0	0	0	2	0	28.79
SRR5354593	0	0	0	0	0	0	122	0	0	0	0	1	0	23	16	40	0	0	0	0	0	0	0	0	0	16	0	0	0	0	0	0	0	0	1	0	0	0	0	0	0	0	0	0	0	0	0	0	0	0	49	0	155.62
SRR5354594	0	0	0	0	0	0	31	0	0	0	0	0	0	8	0	15	0	0	0	0	0	0	0	0	0	9	0	0	0	0	0	0	0	0	1	0	0	0	0	0	0	0	0	0	0	0	1	0	0	0	19	0	31.43
SRR5354595	0	0	0	0	0	0	105	0	0	0	0	0	0	11	0	15	0	0	0	0	0	0	0	1	0	11	0	0	0	0	0	0	0	0	0	0	0	0	0	0	0	0	0	0	0	0	0	0	0	0	11	0	109.49
SRR5354596	0	0	0	0	0	0	183	0	0	0	0	0	0	25	0	27	0	0	0	0	0	0	0	0	0	19	0	0	0	1	0	0	0	0	0	0	0	0	0	0	0	0	0	0	0	0	4	0	0	0	28	0	194.97
SRR5354597	0	0	0	0	0	0	143	0	0	0	0	72	0	30	0	39	0	0	0	0	0	0	0	0	0	36	0	0	0	2	0	0	0	0	0	0	0	0	0	0	0	0	0	0	0	1	0	0	0	0	3	0	163.6
SRR5354598	0	0	0	0	0	0	48	0	0	0	0	0	0	8	0	14	0	0	0	0	0	0	0	0	0	9	0	0	11	0	0	0	0	0	1	0	0	0	0	0	0	0	0	0	0	13	0	0	0	0	6	0	56.68
SRR5354599	0	0	0	0	0	0	185	0	0	0	1	0	0	34	0	41	0	0	0	0	0	0	0	0	0	16	0	0	0	0	0	0	0	0	0	0	0	0	0	0	0	0	0	1	0	0	0	0	0	0	54	0	196.27
SRR5354600	0	0	0	0	0	0	10	0	0	0	0	0	0	3	0	5	0	0	0	0	0	0	0	0	0	1	0	0	0	0	0	0	0	0	0	0	0	0	0	0	0	0	0	0	0	1	2	0	0	0	1	0	18.03
SRR5354601	0	0	0	0	0	0	143	0	0	0	1	0	0	27	0	26	0	0	0	0	0	0	0	0	0	25	0	0	0	1	0	0	0	2	0	0	0	1	0	0	0	0	0	0	0	0	1	0	0	0	3	0	197.26
SRR5354602	0	0	0	0	0	0	95	0	0	0	0	0	0	18	0	24	0	0	0	0	12	0	0	0	0	20	0	0	0	2	0	0	0	0	0	0	0	0	0	0	0	0	0	0	0	1	0	0	0	0	39	0	81.8
SRR5354603	0	1	0	0	0	0	152	0	0	0	0	0	0	18	0	25	0	1	0	124	0	0	0	0	0	13	0	0	0	2	0	0	0	0	0	0	0	0	0	1	0	0	0	0	0	0	1	0	0	0	6	0	184.44
SRR5354604	0	0	0	0	0	0	86	0	0	0	0	0	0	13	0	23	0	0	0	0	0	0	0	0	0	18	0	0	0	0	0	1	0	0	0	0	0	0	0	0	0	0	0	0	0	0	0	0	0	0	28	0	95.07
SRR5354605	0	0	0	0	0	0	85	0	0	0	0	0	0	11	0	14	0	0	0	0	0	0	0	0	0	2	0	0	0	0	0	0	0	0	0	0	0	0	0	0	0	0	0	0	0	0	13	0	0	0	14	0	101.12
SRR5354606	0	0	0	0	0	0	28	0	0	0	0	0	0	3	0	4	0	0	0	1	0	0	0	0	0	1	0	0	0	0	0	0	0	0	1	0	0	0	0	0	0	0	0	0	0	0	0	0	0	0	1	0	19.71
SRR5354607	0	0	0	0	0	0	37	0	0	0	0	0	0	6	0	7	0	0	0	0	0	0	0	0	0	7	0	0	0	2	0	0	0	0	0	0	0	0	0	0	0	0	0	0	0	1	0	0	0	0	2	0	36.34
SRR5354608	0	0	0	0	0	0	32	0	0	0	0	0	0	0	0	9	0	0	0	0	0	1	0	0	0	3	0	0	0	5	0	0	0	0	0	0	0	0	0	0	0	0	0	0	0	1	0	0	0	0	7	0	30.68
SRR5354609	0	0	0	0	0	0	144	0	0	0	0	0	0	25	0	32	0	0	0	0	0	0	0	0	0	20	0	0	0	5	0	0	0	0	0	0	0	0	0	0	0	0	0	0	0	0	0	0	0	0	6	0	139.44
SRR5354610	0	0	0	0	0	0	78	0	0	0	0	0	0	15	0	21	0	0	0	0	0	0	0	0	0	14	0	0	0	0	0	0	0	0	0	0	0	1	0	0	0	0	0	2	0	0	1	0	0	0	4	0	84.92
SRR5354611	0	0	0	0	0	0	145	0	0	0	22	0	0	17	0	30	0	0	0	0	0	0	0	0	0	16	0	0	0	0	0	0	0	0	0	0	0	1	0	0	0	0	0	1	0	0	1	0	0	0	2	0	185.31
SRR5354612	0	0	0	0	0	0	162	0	0	0	0	0	0	28	0	50	0	0	0	0	0	0	0	0	0	22	0	0	0	0	0	0	0	0	0	0	0	0	0	0	0	0	0	1	0	0	0	0	0	0	2	0	169.2
SRR5354613	0	0	0	0	0	0	112	0	0	0	0	0	0	20	0	23	0	0	0	0	0	0	0	0	0	15	0	0	0	2	0	0	0	0	0	0	0	0	0	0	0	0	0	0	0	0	0	0	0	0	41	0	148.77
SRR5354614	0	0	0	0	0	0	119	0	0	0	0	0	0	14	0	25	0	0	0	0	0	0	0	0	0	14	0	134	0	6	0	0	0	0	0	0	0	0	0	0	0	0	0	0	0	0	0	0	0	0	38	0	139.52
SRR5354615	0	0	0	0	0	0	101	0	0	0	0	0	0	18	0	33	0	0	0	0	0	0	0	0	0	15	0	1	0	19	0	0	0	0	0	0	0	0	0	0	0	0	0	0	0	1	0	0	0	19	10	0	96.64
SRR5354616	0	0	0	0	0	0	96	0	0	0	0	0	0	15	0	22	0	0	0	0	0	0	0	0	0	10	0	0	0	0	0	0	0	0	91	0	0	0	0	0	0	0	0	1	0	1	0	0	0	0	37	0	123.41
SRR5354617	0	0	0	0	0	0	63	0	0	0	0	0	0	9	0	13	0	0	0	0	0	0	0	0	0	16	0	0	0	0	0	0	0	0	0	0	0	0	0	0	0	0	0	1	0	0	0	0	0	0	6	0	63.65
SRR5354618	0	0	0	0	0	0	64	0	0	0	0	0	0	13	0	19	0	0	0	0	0	0	0	0	0	15	0	0	0	0	0	0	0	0	0	0	0	0	0	0	0	0	0	2	0	0	0	0	0	0	6	0	65.46
SRR5354619	0	0	0	0	0	0	169	0	0	0	0	0	0	20	0	29	0	0	0	0	0	0	0	0	2	17	0	1	0	14	0	0	0	0	0	0	0	0	0	0	0	0	0	0	0	0	0	0	0	0	69	0	192.61
SRR5354620	0	0	0	0	0	0	460	0	0	0	0	2	0	70	0	95	0	0	0	0	0	0	0	0	0	43	0	1	0	15	0	0	0	0	1	0	0	0	0	1	0	0	0	0	0	0	0	0	0	0	134	4	526.94
SRR5354621	0	0	0	0	0	0	76	0	0	0	0	0	0	9	0	23	0	0	0	0	0	0	0	0	0	13	0	2	0	9	0	0	0	0	0	0	0	0	0	0	0	0	0	0	0	0	0	0	0	0	18	0	77.2
SRR5354622	0	0	0	0	0	0	256	0	0	0	0	0	0	38	0	59	0	0	0	0	0	0	0	0	0	24	0	0	0	0	0	0	0	0	0	0	0	0	0	0	0	1	0	0	0	1	2	0	0	0	62	0	262.05
SRR5354623	0	0	0	0	0	0	175	0	0	0	0	2	0	31	0	34	0	0	0	0	0	0	0	0	0	19	0	0	0	0	0	0	0	0	0	0	0	0	0	57	0	0	0	0	0	1	1	0	49	0	81	0	194.49
SRR5354624	0	0	0	0	0	0	106	0	0	0	0	0	0	10	0	28	0	0	0	0	0	0	0	0	0	7	0	0	0	0	0	0	0	0	0	0	0	1	0	0	0	0	0	0	0	1	0	0	0	0	43	58	119.73
