cells	chrMT:39:C/T	chrMT:263:A/G	chrMT:664:G/C	chrMT:1339:G/C	chrMT:2698:G/A	chrMT:3002:G/A	chrMT:3095:G/A	chrMT:3193:T/C	chrMT:3308:T/C	chrMT:3316:G/C	chrMT:3796:A/G	chrMT:4082:T/C	chrMT:4769:A/G	chrMT:5186:A/G	chrMT:7055:A/G	chrMT:8090:G/A	chrMT:8860:A/G	chrMT:10068:G/A	chrMT:10387:G/A	chrMT:10851:G/A	chrMT:11204:T/C	chrMT:11843:G/A	chrMT:11904:T/C	chrMT:12008:G/A	chrMT:13255:T/C	chrMT:13267:G/A	chrMT:13444:T/C	chrMT:13543:T/C	chrMT:13579:G/A	chrMT:14259:G/A	chrMT:14453:G/A	chrMT:14641:A/G	chrMT:14838:G/A	chrMT:14872:C/T	chrMT:14900:G/A	chrMT:14996:G/A	chrMT:15168:G/A	chrMT:15200:G/A	chrMT:15203:A/G	chrMT:15566:T/C	chrMT:15724:A/C	depth
SRR5354625	0	100	0	0	0	0	0	0	0	0	0	0	61	0	0	0	26	0	0	0	0	0	0	0	0	0	0	25	0	0	0	0	0	197	0	0	0	0	0	0	0	200.7
SRR5354626	0	31	0	0	0	0	0	0	0	0	0	0	8	0	0	0	5	0	0	0	0	0	0	0	0	0	0	0	0	0	0	0	0	46	0	7	0	0	0	0	0	44.21
SRR5354627	0	20	0	0	0	0	0	0	0	0	0	0	12	0	0	0	16	0	0	0	0	0	0	0	0	0	0	0	0	0	0	0	0	53	0	0	0	0	0	0	0	48.79
SRR5354628	0	34	0	0	0	0	0	0	0	0	0	0	46	0	0	0	18	1	0	0	0	0	0	0	0	0	0	0	0	0	1	0	0	198	0	0	0	0	0	0	0	194.23
SRR5354629	0	40	0	0	0	0	0	0	0	0	0	0	28	0	0	0	6	0	0	0	0	0	0	0	64	0	0	0	0	0	0	0	0	100	0	0	0	0	0	0	0	101.48
SRR5354630	0	61	0	0	0	0	0	0	0	1	0	0	31	0	0	0	17	0	0	0	0	0	0	0	1	0	0	0	0	0	0	0	0	170	0	0	0	0	0	0	0	143.69
SRR5354631	0	45	0	0	0	0	0	0	0	0	0	0	26	0	0	0	13	0	0	0	0	0	0	0	0	0	0	0	0	0	0	0	0	94	0	0	0	0	0	0	0	94.44
SRR5354632	0	0	0	0	0	0	0	0	0	0	0	0	1	0	0	0	0	0	0	0	0	0	0	0	0	0	0	0	0	0	0	0	0	0	0	0	0	0	0	0	0	1.71
SRR5354633	0	0	0	0	0	0	0	0	0	0	0	0	0	0	0	0	0	0	0	0	0	0	0	0	0	0	0	0	0	0	0	0	0	0	0	0	0	0	0	0	0	1.03
SRR5354634	0	36	0	0	0	0	0	0	0	0	0	0	37	1	0	0	25	0	0	0	0	0	0	0	0	0	0	0	0	0	0	0	0	142	0	0	0	0	0	0	0	147.57
SRR5354635	0	1	0	0	0	0	0	0	0	0	0	0	2	0	0	0	1	0	0	0	0	0	0	0	0	0	0	0	0	0	0	0	0	6	0	0	0	0	0	0	0	4.93
SRR5354636	0	17	0	0	0	0	0	0	0	0	0	0	13	0	0	11	6	0	0	0	0	0	0	0	0	0	0	0	0	0	0	0	0	70	12	0	0	0	0	0	0	52.98
SRR5354637	0	32	0	0	0	0	0	0	0	0	0	0	33	0	0	0	18	0	0	0	0	0	0	0	0	0	0	0	0	0	0	0	0	119	0	0	0	0	0	0	0	127.32
SRR5354638	0	22	0	0	0	0	0	0	0	0	0	0	21	0	0	0	13	0	0	0	0	0	0	0	0	0	0	0	0	0	0	1	0	69	0	0	0	0	0	0	0	80.22
SRR5354639	0	0	0	0	0	0	0	0	0	0	0	0	0	0	0	0	0	0	0	0	0	0	0	0	0	0	0	0	0	0	0	0	0	0	0	0	0	0	0	0	0	1.53
SRR5354640	0	0	0	0	0	0	0	0	0	0	0	0	1	0	0	0	0	0	0	0	0	0	0	0	0	0	0	0	0	0	0	0	0	1	0	0	0	0	0	0	0	2.71
SRR5354641	0	13	0	0	0	0	0	0	0	0	0	0	8	0	0	0	5	0	0	17	0	0	0	0	0	0	0	0	0	0	0	0	0	23	0	0	0	0	0	0	0	28.63
SRR5354642	0	35	0	0	0	0	0	0	0	0	0	0	17	0	0	0	17	0	0	0	0	0	0	0	0	0	0	0	0	0	0	14	0	100	0	0	0	0	0	0	0	84.7
SRR5354643	0	8	0	0	0	0	0	0	0	0	0	0	3	0	0	0	0	0	0	0	0	0	0	0	0	0	0	0	0	0	0	0	0	18	0	0	0	0	0	0	0	16.08
SRR5354644	0	19	0	0	0	0	0	0	0	0	0	0	25	0	0	0	9	0	0	0	0	0	0	0	0	0	0	0	0	0	0	0	0	56	0	0	0	0	0	1	0	61.8
SRR5354645	0	0	0	0	0	0	0	0	0	0	0	0	0	0	0	0	0	0	0	0	0	0	0	0	0	0	0	0	0	0	0	0	0	1	0	0	0	0	0	0	0	1.23
SRR5354646	0	44	0	0	0	0	0	0	0	0	0	0	42	0	0	0	18	0	0	0	0	0	0	0	0	0	0	0	1	0	0	0	0	109	0	0	0	0	0	0	0	125.21
SRR5354647	0	30	0	83	0	0	0	0	0	0	0	0	24	0	0	0	9	0	0	0	0	0	0	0	0	0	0	0	0	0	0	0	0	105	0	0	0	0	0	0	0	116.36
SRR5354648	7	14	0	0	0	0	0	0	0	0	0	1	21	0	0	0	9	0	0	0	0	0	0	0	0	0	0	0	0	0	0	0	0	59	0	0	0	0	0	0	0	84.75
SRR5354649	0	4	0	2	0	0	0	0	0	0	0	1	1	0	0	0	0	0	0	0	0	0	0	0	0	0	0	0	0	0	0	0	0	4	0	0	0	0	0	0	0	3.58
SRR5354650	0	71	0	0	0	0	0	0	0	0	0	0	48	0	0	0	38	0	0	0	0	0	1	0	0	56	0	0	1	0	0	0	0	272	1	0	0	0	0	0	0	212.7
SRR5354651	0	36	0	0	0	0	0	0	0	0	0	0	32	0	0	0	20	0	1	0	0	0	0	0	0	0	0	0	0	0	0	0	0	144	0	0	0	0	0	0	0	101.87
SRR5354652	0	47	0	1	0	0	0	0	0	0	0	0	22	0	0	0	16	0	49	0	0	0	0	0	0	0	0	0	0	0	0	0	0	129	0	0	0	0	0	0	0	115.25
SRR5354653	0	8	0	5	0	0	0	0	0	0	0	0	1	0	0	0	3	0	0	0	0	0	0	0	0	0	0	0	0	0	0	0	0	9	0	0	0	0	0	0	1	9.19
SRR5354654	0	94	0	6	0	0	0	0	0	0	0	0	36	0	0	0	17	0	1	0	0	0	0	0	0	0	0	0	0	0	0	0	0	196	0	0	0	0	0	0	0	192.37
SRR5354655	0	3	0	0	0	0	0	0	0	0	0	0	3	0	0	0	1	0	1	0	0	0	0	0	0	0	0	0	0	0	0	0	0	8	0	0	0	0	0	0	0	4.62
SRR5354656	0	54	0	0	0	0	0	0	0	0	0	0	31	0	0	0	14	0	1	0	0	0	0	0	0	0	0	0	84	0	0	0	0	109	0	0	0	0	0	0	0	93.49
SRR5354657	0	75	0	0	0	0	0	0	0	0	0	0	47	0	0	0	26	0	1	0	0	0	0	0	0	0	0	0	0	0	0	0	0	178	0	0	2	0	0	0	0	167.94
SRR5354658	0	8	0	4	0	0	0	0	0	0	0	0	4	0	0	0	3	0	3	0	0	0	0	0	0	0	0	0	0	0	0	0	0	11	0	0	0	0	0	0	0	9.98
SRR5354659	0	11	0	1	0	0	0	0	0	0	0	0	2	0	0	0	0	0	6	0	0	0	0	0	0	0	0	0	0	0	0	0	0	10	0	0	0	0	0	0	0	8.92
SRR5354660	0	20	0	0	0	0	0	0	0	0	0	0	10	0	0	0	10	0	7	0	1	0	21	0	0	0	0	0	0	0	0	0	0	53	0	0	0	0	0	0	0	45.78
SRR5354661	0	54	0	0	0	0	0	0	0	0	0	0	40	0	0	0	24	0	0	0	58	0	0	0	0	0	0	1	0	0	0	0	0	171	0	0	0	0	0	0	0	157.68
SRR5354662	0	1	0	0	0	0	0	0	0	0	0	0	2	0	0	0	1	0	0	0	0	0	0	0	0	0	0	0	0	0	0	0	0	5	0	0	0	0	0	0	0	4.2
SRR5354663	0	32	0	0	0	0	0	0	0	0	0	0	28	0	0	0	7	0	1	0	0	0	0	0	0	0	0	0	0	0	0	0	0	102	0	0	12	0	0	0	0	82.59
SRR5354664	0	58	0	0	0	17	0	0	0	0	0	0	30	0	0	0	8	0	3	0	0	0	0	0	0	0	0	0	0	0	26	0	0	124	0	0	0	0	0	0	0	116.25
SRR5354665	0	10	0	0	0	0	0	0	0	0	0	0	2	0	0	0	0	0	0	0	0	0	0	0	0	0	0	0	0	0	0	0	0	15	0	0	0	0	0	0	0	7.54
SRR5354666	0	27	0	0	0	0	0	0	0	0	0	0	10	0	0	0	6	0	0	0	0	0	0	0	0	0	0	0	0	0	0	0	0	28	0	0	0	0	0	0	0	29.93
SRR5354667	0	23	0	0	0	0	0	0	0	0	0	0	29	0	0	0	10	0	0	0	0	0	0	0	0	0	0	0	0	0	0	0	0	70	0	0	0	0	0	0	0	89.37
SRR5354668	0	26	0	0	0	0	0	0	0	0	0	2	25	0	0	0	11	0	0	0	0	0	0	0	0	0	0	0	0	1	0	0	0	121	0	0	0	0	0	0	0	126.74
SRR5354669	0	62	0	0	0	0	0	0	0	0	0	0	36	0	0	0	18	0	0	0	0	0	0	0	0	0	0	0	0	0	0	0	0	210	0	0	0	0	0	0	0	191.77
SRR5354670	0	17	0	0	0	2	0	0	0	1	0	0	11	0	0	0	8	0	0	0	0	0	0	0	0	0	0	0	0	0	0	0	0	45	0	0	0	0	0	0	0	34.49
SRR5354671	0	4	0	0	0	1	0	0	0	0	0	0	2	0	0	0	0	0	0	0	0	0	0	0	0	0	0	0	0	0	0	0	0	6	0	0	0	0	0	0	0	8.96
SRR5354672	0	20	0	0	0	1	0	0	0	0	0	0	15	0	0	0	5	0	0	0	0	0	0	0	0	0	0	0	0	0	0	0	0	33	0	0	0	0	0	0	0	41.63
SRR5354673	0	14	0	0	0	0	0	0	0	0	0	0	9	0	0	0	12	0	0	0	0	0	0	0	0	0	0	0	0	0	0	0	0	26	0	0	1	0	0	0	0	31.04
SRR5354674	0	35	0	0	0	1	0	2	0	0	0	0	20	0	0	0	18	0	0	0	0	0	0	0	0	0	0	0	0	0	0	0	0	107	0	0	1	0	0	0	0	91.46
SRR5354675	0	22	0	0	0	0	0	0	0	0	0	0	15	0	0	0	17	0	0	0	0	0	0	0	0	0	0	0	0	0	0	0	0	74	0	0	1	0	0	0	0	56.48
SRR5354676	0	62	0	0	0	1	0	0	0	0	0	0	19	0	0	0	11	0	0	0	0	0	0	0	0	0	59	0	0	0	1	0	0	164	0	0	0	0	0	0	0	143.65
SRR5354677	0	10	0	0	0	3	0	0	0	0	0	2	26	0	0	0	16	0	0	0	0	0	0	0	0	0	0	0	0	0	1	0	0	96	0	0	0	0	0	0	0	91.1
SRR5354678	0	51	0	0	0	3	0	0	0	0	0	0	23	0	0	0	16	0	0	0	0	0	0	0	0	0	0	0	0	0	2	0	15	94	0	0	0	0	0	0	0	90.42
SRR5354679	0	61	0	0	0	0	0	0	0	0	0	0	47	0	4	0	15	0	0	0	0	0	0	0	0	0	0	0	0	0	1	0	0	170	0	0	0	1	0	0	0	143.2
SRR5354680	0	71	0	0	0	0	0	0	0	0	0	0	29	0	0	0	17	0	0	0	0	1	0	0	0	0	0	0	0	0	0	0	0	152	0	0	0	0	0	0	0	137.79
SRR5354681	0	43	0	0	18	0	0	0	0	18	0	0	26	0	0	0	15	0	0	0	0	0	0	0	0	0	0	0	0	0	0	0	0	115	0	0	0	0	0	0	0	108.33
SRR5354682	0	4	0	0	0	0	0	0	0	0	0	0	2	0	0	0	2	0	0	0	0	0	0	0	0	0	1	0	0	0	0	0	0	7	0	0	0	0	0	0	0	7.68
SRR5354683	0	58	0	0	0	1	0	0	0	0	0	0	29	0	0	0	17	0	0	0	0	0	0	0	0	0	0	0	1	0	0	0	0	159	0	0	0	0	0	0	0	150.72
SRR5354684	0	26	0	0	0	0	0	0	0	0	9	0	15	0	0	0	17	8	0	0	0	0	0	0	0	0	0	0	0	0	0	0	0	85	0	0	0	0	0	0	0	67.66
SRR5354685	0	121	0	0	0	0	0	0	0	0	0	0	48	0	0	0	22	0	0	0	0	0	2	0	0	0	0	0	0	0	0	0	0	178	0	0	0	0	0	0	0	182.08
SRR5354686	0	24	0	0	0	0	0	0	0	0	0	0	17	0	0	0	14	0	0	0	0	0	0	0	0	0	0	0	0	0	0	0	0	69	0	0	0	0	0	0	0	74.72
SRR5354687	0	15	0	0	0	0	0	0	0	0	0	0	10	0	0	0	7	0	0	0	0	0	0	0	0	0	0	0	0	0	0	0	0	24	0	0	0	0	0	0	0	23.45
SRR5354688	0	36	0	0	0	0	0	0	0	0	0	0	33	0	0	0	18	0	0	0	0	0	0	0	0	0	0	0	0	0	0	0	0	169	0	0	0	0	2	58	0	163.21
SRR5354689	0	81	0	0	1	0	0	0	0	0	0	38	27	0	0	0	27	0	0	0	0	0	0	0	0	0	0	0	0	0	0	2	0	178	0	0	0	0	0	0	0	165.18
SRR5354690	0	78	0	0	0	0	0	0	0	0	0	0	30	0	0	0	13	0	0	0	0	0	0	0	0	0	2	0	0	0	0	0	0	166	0	0	0	0	0	0	0	147.01
SRR5354691	0	10	0	0	0	0	0	0	0	0	0	0	1	0	0	0	4	0	0	0	0	0	0	0	0	0	0	0	0	0	0	0	0	15	0	0	0	0	0	0	0	11.43
SRR5354692	0	11	0	0	0	0	0	0	0	0	0	0	9	0	0	0	10	0	0	0	0	0	0	0	0	0	0	0	0	0	0	0	0	21	0	0	0	0	0	0	0	20.28
SRR5354693	0	14	0	0	0	0	0	0	0	1	0	0	3	0	0	0	5	0	0	0	0	0	0	0	0	0	0	0	0	0	0	0	0	12	0	0	0	0	0	0	0	10.89
SRR5354694	0	23	0	0	0	0	0	0	0	0	0	1	2	0	0	0	8	0	0	0	0	0	0	0	0	0	3	0	0	0	0	0	0	29	0	0	0	0	0	0	0	25.97
SRR5354695	0	96	0	0	0	0	0	0	0	0	0	0	21	0	0	0	25	0	0	0	0	0	0	0	0	0	0	0	0	0	0	0	0	198	0	0	0	0	0	0	0	186.19
SRR5354696	0	74	0	0	0	0	0	0	0	0	0	0	44	0	0	0	27	0	0	0	0	0	0	0	0	0	1	0	0	0	0	0	0	196	0	0	0	0	0	0	0	167.79
SRR5354697	0	17	0	0	0	0	0	0	0	0	0	0	15	0	0	0	10	0	0	0	0	0	0	0	0	0	0	0	0	0	0	0	0	65	0	0	0	0	0	0	0	60.59
SRR5354698	0	46	8	0	1	0	0	0	0	0	0	0	21	0	0	0	9	0	0	0	0	0	0	0	0	0	1	0	0	0	0	0	0	118	0	0	0	0	0	0	0	103.52
SRR5354699	0	41	0	0	0	0	0	0	0	0	0	0	24	0	0	0	10	0	0	1	0	0	0	0	0	0	0	0	0	0	0	0	0	139	0	0	0	0	0	0	22	114.86
SRR5354700	0	6	0	0	0	0	0	0	0	0	0	0	2	0	0	0	3	0	0	0	0	0	0	0	0	0	1	0	0	0	0	0	0	21	0	0	0	0	0	0	0	18.82
SRR5354701	0	42	0	0	0	0	0	0	0	0	0	0	34	0	0	0	25	0	0	0	0	0	0	1	0	0	2	0	0	0	0	0	0	142	0	0	0	0	0	0	0	127.93
SRR5354702	0	35	0	0	0	0	0	0	0	0	0	1	17	0	0	0	15	0	0	0	0	0	0	0	0	0	2	0	0	0	0	0	0	65	0	0	0	1	0	0	0	58.57
SRR5354703	0	22	0	0	1	0	0	0	0	0	0	0	20	0	0	0	11	0	0	0	0	0	0	0	0	0	0	0	0	53	0	0	0	56	0	0	0	0	0	0	0	61.09
SRR5354704	0	9	0	0	1	0	0	0	0	0	0	0	2	0	0	0	1	0	0	0	0	0	0	0	0	0	0	0	0	0	0	0	0	19	0	0	0	0	0	0	0	12.36
SRR5354705	0	13	0	0	0	0	0	0	0	2	0	0	6	0	0	0	4	0	0	0	0	8	0	0	0	0	0	0	0	0	0	0	0	48	0	0	0	0	13	0	0	45.07
SRR5354706	0	28	0	0	0	0	38	0	0	0	0	0	32	0	0	0	16	0	0	0	0	0	0	1	0	0	0	0	0	0	0	0	0	139	0	0	0	0	0	0	0	120.21
SRR5354707	0	36	0	0	0	0	0	0	0	0	0	0	13	0	0	0	6	0	0	0	0	0	0	0	0	0	0	0	0	0	0	0	0	83	0	0	1	0	0	0	0	78.12
SRR5354708	0	24	0	0	0	0	0	0	0	0	0	0	21	0	0	0	14	0	0	0	0	0	0	15	1	0	0	0	0	0	0	0	0	107	0	0	0	0	0	0	0	84.58
SRR5354709	0	27	0	0	2	0	0	0	0	2	0	0	12	0	0	0	4	0	0	0	0	0	0	0	0	0	0	0	0	0	0	0	0	38	0	0	0	0	0	0	0	28.36
SRR5354710	0	31	0	0	0	0	0	0	0	0	0	0	37	0	0	0	17	0	0	0	0	0	0	0	0	0	0	0	0	0	0	0	0	152	0	0	0	0	0	0	0	146.52
SRR5354711	0	12	0	0	0	0	0	0	0	1	0	0	6	0	0	0	8	0	0	0	0	0	0	0	0	0	0	0	0	0	0	0	0	30	0	0	0	0	0	0	0	24.25
SRR5354712	0	98	0	0	0	0	0	0	0	0	0	0	31	56	0	0	15	0	0	0	0	0	0	0	0	0	0	0	0	0	0	0	0	172	0	0	0	33	0	1	0	173.16
SRR5354713	0	83	0	0	0	0	0	0	25	0	0	0	36	0	0	0	31	0	0	0	0	0	0	0	0	0	0	0	0	0	0	0	0	180	0	0	0	0	0	0	0	168.86
SRR5354714	0	84	0	0	0	0	0	0	0	0	0	1	35	0	0	0	34	0	0	0	0	0	0	0	0	0	0	0	0	0	0	0	0	164	0	0	0	0	0	0	0	148.95
SRR5354715	0	8	0	0	0	0	0	0	0	0	0	0	5	0	0	0	3	0	0	0	0	0	0	0	0	0	0	0	0	0	0	0	0	24	0	0	0	0	0	0	0	17.07
SRR5354716	0	28	0	0	1	0	0	0	0	0	0	0	15	0	0	0	7	0	0	0	0	0	0	0	0	0	0	0	0	0	0	0	0	43	0	0	0	0	0	0	0	42.52
SRR5354717	0	45	0	0	0	0	0	27	0	0	0	0	47	0	0	0	26	0	0	0	0	0	0	0	0	0	0	0	0	0	0	0	0	126	0	0	0	0	0	0	0	142.35
SRR5354718	0	62	0	0	0	0	0	0	0	0	0	0	37	0	0	0	15	0	0	0	2	0	0	0	0	0	0	0	0	0	0	0	0	166	0	0	0	0	0	0	0	157.25
SRR5354719	0	37	0	0	0	0	0	0	0	0	0	31	13	0	0	0	12	1	0	0	0	0	0	0	0	0	0	0	0	0	0	0	0	93	0	0	0	0	0	0	0	80.79
SRR5354720	0	48	0	0	0	0	0	0	0	0	0	1	15	0	0	0	8	0	0	0	0	0	0	0	0	0	0	0	0	0	0	0	1	53	0	0	0	0	0	0	0	53.58
