cells	chrMT:143:G/A	chrMT:564:G/A	chrMT:755:G/A	chrMT:988:G/A	chrMT:1193:T/C	chrMT:1336:G/A	chrMT:1435:A/G	chrMT:1440:G/A	chrMT:1504:T/C	chrMT:1560:T/C	chrMT:1709:G/A	chrMT:1793:G/A	chrMT:2244:T/C	chrMT:2623:A/G	chrMT:2698:G/A	chrMT:2784:A/G	chrMT:3244:G/A	chrMT:3633:T/C	chrMT:4231:A/G	chrMT:4309:G/A	chrMT:4360:G/A	chrMT:4703:T/C	chrMT:4769:A/G	chrMT:6701:A/G	chrMT:7028:C/T	chrMT:7543:A/G	chrMT:7847:G/A	chrMT:8116:A/G	chrMT:8860:A/G	chrMT:9484:T/C	chrMT:9494:A/G	chrMT:9891:T/C	chrMT:10060:T/C	chrMT:11004:G/A	chrMT:11153:A/C	chrMT:11529:T/C	chrMT:12501:G/A	chrMT:13269:A/G	chrMT:13277:T/C	chrMT:13483:A/G	chrMT:13633:G/A	chrMT:13676:A/G	chrMT:13970:G/A	chrMT:14060:T/C	chrMT:14261:T/C	chrMT:15236:A/G	chrMT:15243:G/C	chrMT:15471:T/C	chrMT:15779:T/C	chrMT:16134:C/T	chrMT:16213:G/A	chrMT:16293:A/G	depth
SRR5354241	0	0	0	0	0	0	0	0	0	0	0	0	0	0	0	0	0	0	1	0	0	0	1	0	1	0	0	0	1	0.304568527918782	0	0	0	0	0	0	0	0	0	0	0	0	0	0	0	0	0	0	0	0.308411214953271	0	0	204.17
SRR5354242	0	0	0.00609756097560976	0	0	0	0	0	0	0	0	0	0	0	0	0	0	0	1	0	0	0	1	0	1	0	0	0	1	0	0	0	0	0	0	0	0	0	0	0	0	0	0	0	0	0	0	0	0	0.0416666666666667	0	0	138.34
SRR5354243	0	0	0	0	0	0	0	0	0	0	0	0	0	0	0	0	0	0.0142857142857143	1	0	0	0	1	0	1	0	0	0	1	0	0	0	0	0	0	0	0	0	0	0	0	0	0	0	0	0	0.0163934426229508	0	0	0.142857142857143	0	0	39.94
SRR5354244	0	0	0	0	0	0	0	0	0	0	0	0	0.0188679245283019	0	0	0	0	0	1	0	0	0	1	0.0120481927710843	1	0	0	0	1	0.0140845070422535	0	0	0	0	0	0	0	0	0	0	0	0	0	0	0	0	0.0125	0	0.153846153846154	0.883720930232558	0	0	64.77
SRR5354245	0	0	0	0	0	0	0	0	0	0	0	0	0	0	0	0	0	0	1	0	0	0	0	0	1	0	0	0	1	0	0	0	0	0	0	0	0	0	0	0	0	0	0	0	0	0	0	0	0	0	0	0	7.19
SRR5354246	0.0444444444444444	0	0	0	0	0	0	0	0.188034188034188	0.19811320754717	0	0	0	0	0	0	0	0	1	0	0	0	1	0	1	0	0	0	0.923076923076923	0	0	0	0	0	0	0	0	0	0	0	0	0	0	0	0	0	0.00819672131147541	0	0	0.0227272727272727	0	0	99.29
SRR5354247	0	0	0	0	0	0	0	0	0.00423728813559322	0	0	0	0	0	0	0	0	0	1	0	0	0	1	0	1	0	0	0	0.945945945945946	0	0.149700598802395	0	0	0	0	0	0	0.00432900432900433	0	0	0	0	0	0.172897196261682	0	0	0	0	0	0.904	0	0	188.55
SRR5354248	0	0	0	0	0	0	0	0	0	0	0	0	0	0	0	0	0	0	1	0	0	0	1	0	0.964285714285714	0	0	0	1	0.0555555555555556	0	0	0	0	0	0	0.01	0	0	0	0	0	0	0	0	0	0	0	0	0.307692307692308	0	0	94.21
SRR5354249	0	0	0	0	0	0	0	0	0	0	0	0	0	0	0	0	0	0	1	0	0	0	1	0.0123456790123457	1	0	0	0	1	0.0476190476190476	0	0	0	0	0	0	0	0	0	0	0	0	0	0	0	0	0.0104166666666667	0	0	0.189189189189189	0	0	83.14
SRR5354250	0	0	0	0	0	0	0	0	0.023121387283237	0.021978021978022	0	0	0	0	0	0	0	0	1	0	0	0	1	0.00595238095238095	1	0	0	0	1	0	0	0	0	0	0	0	0	0	0	0	0	0	0	0	0	0	0	0	0	0.628865979381443	0	0	173.68
SRR5354251	0	0	0	0	0	0	0	0	0.0125	0.00898203592814371	0	0	0	0	0	0	0	0	1	0	0	0	1	0	1	0	0	0	0.983333333333333	0	0	0	0	0	0	0	0	0	0	0	0	0	0	0	0	0	0	0	0	0.617977528089888	0	0	267.49
SRR5354252	0	0	0	0	0	0	0	0	0	0	0	0	0	0	0	0	0	0.0161290322580645	1	0	0	0	1	0	1	0	0	0	1	0	0	0	0	0	0	0	0	0	0	0	0	0	0	0	0	0	0	0	0	0.5	0	0	78.68
SRR5354253	0	0	0	0	0	0	0	0	0	0	0	0	0	0	0	0.00625	0	0	1	0	0	0	1	0.0212765957446809	1	0	0	0	0.714285714285714	0	0	0	0	0	0	0	0	0	0	0	0.00540540540540541	0	0	0	0	0	0	0	0	0.153846153846154	0	0	129.02
SRR5354254	0	0	0	0	0	0	0	0	0	0	0	0	0.0833333333333333	0	0	0	0	0	1	0	0	0	1	0	1	0	0	0	1	0	0	0	0	0	0	0	0	0	0	0	0.0769230769230769	0	0	0	0	0	0	0	0	0.833333333333333	0	0	10.56
SRR5354255	0	0	0	0	0	0	0	0	0	0	0	0	0	0	0	0	0	0	1	0	0	0	1	0	1	0	0	0	1	0	0	0	0	0	0	0	0	0	0	0	0.0238095238095238	0	0	0	0	0	0	0	0	0.172413793103448	0	0.0238095238095238	34.87
SRR5354256	0	0	0	0	0	0	0	0.00204498977505112	0	0	0	0	0	0	0	0	0	0	1	0.00242130750605327	0	0	0.991596638655462	0	1	0	0	0	0.974683544303797	0	0	0	0	0	0	0	0	0	0	0	0	0	0	0	0.001953125	0	0	0	0	0.45703125	0	0	478.95
SRR5354257	0	0	0	0	0	0	0	0	0	0	0	0	0	0	0	0	0	0	1	0	0	0	1	0	1	0	0	0	1	0	0	0	0	0	0	0	0	0	0	0	0	0	0	0	0	0	0	0	0	0.214285714285714	0	0	24.47
SRR5354258	0	0	0	0	0	0	0	0	0	0	0	0	0	0	0	0	0	0	1	0	0	0	1	0	1	0	0	0	1	0	0	0	0	0	0	0	0	0	0	0	0	0	0	0	0	0	0.0194174757281553	0	0	0.0454545454545455	0	0	97.39
SRR5354259	0	0	0	0	0	0.00458715596330275	0	0	0	0	0	0.0116279069767442	0.0174418604651163	0	0	0	0	0	1	0	0	0	1	0.00531914893617021	1	0	0.214285714285714	0	1	0	0	0	0	0	0	0	0	0	0	0	0	0	0	0	0	0	0	0	0	0.505494505494505	0	0	178.59
SRR5354260	0	0	0	0	0	0	0	0	0	0	0	0	0	0	0	0	0	0	1	0	0	0	1	0.0142857142857143	1	0	0.0150375939849624	0	1	0	0	0	0	0	0	0	0	0	0	0	0	0	0	0	0	0.0102040816326531	0.0206185567010309	0	0	0.947368421052632	0	0	78.32
SRR5354261	0	0	0	0	0	0	0	0	0	0	0	0	0	0	0	0	0	0.102857142857143	1	0	0	0	1	0	1	0	0	0	1	0	0	0.335616438356164	0	0	0	0	0	0	0	0	0.00549450549450549	0	0	0	0	0	0.00574712643678161	0	0	0.92	0	0	135.51
SRR5354262	0	0	0	0	0	0	0	0	0	0	0	0	0	0	0	0	0	0	1	0	0	0	1	0.0143884892086331	1	0	0	0	1	0	0	0	0	0	0	0	0	0	0	0.00574712643678161	0	0.358333333333333	0	0	0	0.00571428571428571	0	0	0	0.117647058823529	0	0	137.59
SRR5354263	0	0	0	0	0	0	0	0	0	0	0	0.271276595744681	0	0	0	0	0	0	1	0	0	0	1	0	1	0	0	0	1	0	0	0	0	0	0	0	0	0	0	0	0	0	0	0	0	0	0	0	0	0.045045045045045	0	0	187.87
SRR5354264	0	0	0	0	0	0	0	0	0	0	0	0	0	0	0	0	0	0	1	0	0	0	1	0	1	0	0	0	1	0	0	0	0	0	0	0	0	0	0	0	0	0	0	0	0	0	0	0	0	0.744186046511628	0	0	114.28
SRR5354265	0	0	0	0	0	0	0	0	0	0	0	0	0	0	0	0	0.00377358490566038	0.0104712041884817	1	0	0	0	0.981481481481482	0	1	0	0.00257731958762887	0	1	0	0	0.0131578947368421	0	0	0	0	0	0.00384615384615385	0	0	0	0	0	0	0	0	0	0	0	0.8	0	0	244.55
SRR5354266	0	0	0	0	0	0	0	0	0	0	0	0	0	0	0	0	0	0	1	0	0	0	1	0	1	0	0	0	1	0	0	0.0208333333333333	0	0	0	0	0	0	0	0	0	0	0	0	0	0	0	0	0	0.545454545454545	0	0	39.85
SRR5354267	0	0	0	0	0	0	0	0	0	0	0	0	0.00869565217391304	0	0	0	0	0	1	0	0.413793103448276	0	0.956521739130435	0	0.96969696969697	0	0	0	1	0	0	0.01	0	0	0	0	0	0	0	0	0	0	0	0	0	0	0.00819672131147541	0	0	0.833333333333333	0	0	110.17
SRR5354268	0	0	0	0	0	0	0.0357142857142857	0	0	0	0	0	0	0	0	0	0	0	1	0	0	0	1	0.0416666666666667	1	0	0	0	1	0	0	0	0	0	0	0	0	0	0	0	0	0	0	0	0	0	0	0	0	0.0714285714285714	0	0	24.06
SRR5354269	0	0	0	0	0	0	0	0	0	0	0	0.00840336134453781	0	0	0	0	0	0	1	0	0	0	1	0.00833333333333333	1	0	0	0	1	0	0	0	0	0	0	0	0	0	0	0	0	0	0	0	0	0	0	0	0	0.88	0	0	107.9
SRR5354270	0	0	0	0	0	0	0	0	0	0	0	0.0166666666666667	0	0	0.278350515463918	0	0	0	1	0	0	0	1	0	1	0	0	0	1	0	0	0	0	0.00432900432900433	0	0	0	0	0	0	0	0	0	0	0	0	0	0	0	0.135922330097087	0	0	169.39
SRR5354271	0	0	0.108208955223881	0	0	0	0	0	0	0	0	0	0	0	0	0.00348432055749129	0.127272727272727	0	1	0	0	0	0.981132075471698	0	1	0	0.0233236151603499	0	1	0	0	0	0	0	0	0	0	0	0	0	0	0	0	0	0	0	0	0	0	0.871287128712871	0	0	234.25
SRR5354272	0	0	0	0	0	0	0	0	0	0	0	0	0	0	0	0	0	0	1	0	0.0372670807453416	0.353846153846154	1	0	1	0	0.0141242937853107	0	1	0	0	0	0	0.402730375426621	0	0	0	0	0	0	0	0	0	0	0	0.00333333333333333	0	0	0.0028169014084507	0.0367647058823529	0	0	260.63
SRR5354273	0	0	0	0	0	0	0	0	0	0	0	0	0	0	0	0.00826446280991736	0	0.00526315789473684	1	0	0	0	1	0	1	0	0.0114285714285714	0	1	0	0	0.027027027027027	0	0	0	0	0	0	0	0	0	0	0	0	0	0	0	0	0	0.0434782608695652	0	0	127.01
SRR5354274	0	0	0	0	0	0	0	0	0	0	0	0	0	0	0	0	0	0	1	0	0	0	1	0	1	0	0	0	1	0	0	0	0	0	0	0	0	0.37984496124031	0	0	0	0	0	0	0	0	0	0	0	0.528571428571429	0	0	115.64
SRR5354275	0	0	0	0	0	0.0072992700729927	0	0	0	0	0	0.0256410256410256	0	0	0	0	0	0	1	0	0	0	1	0	1	0	0	0	1	0	0	0	0	0	0.369747899159664	0	0	0	0	0	0.00680272108843537	0	0.577586206896552	0	0	0	0	0	0	0.432432432432432	0	0	124.34
SRR5354276	0	0	0	0	0	0	0	0	0	0	0	0.0029585798816568	0	0	0	0	0	0.035181236673774	1	0	0	0	0.994252873563218	0	1	0.00218340611353712	0	0	1	0	0	0	0	0	0	0	0	0	0	0	0.00220994475138122	0	0	0	0.00144300144300144	0	0	0	0	0.400709219858156	0.00302571860816944	0	662.04
SRR5354277	0	0	0	0	0	0	0	0	0	0	0	0	0	0	0	0	0	0	1	0.105769230769231	0.0126582278481013	0	1	0	1	0	0	0	1	0	0	0	0	0	0	0	0	0	0	0	0	0	0	0	0	0	0	0	0	0.18	0	0	121.66
SRR5354278	0	0	0	0	0	0	0	0	0	0	0	0	0	0	0	0	0	0	1	0	0.09375	0	1	0.0119047619047619	1	0	0.018018018018018	0	1	0	0	0	0.160714285714286	0	0	0	0	0	0	0	0	0	0	0	0	0	0.0135135135135135	0	0	0.739130434782609	0	0	66.92
SRR5354279	0	0	0	0	0	0	0	0	0	0	0	0	0	0	0	0	0	0	1	0	0.125	0.0192307692307692	1	0	1	0	0.07	0	1	0	0	0	0	0	0	0	0	0	0	0	0	0	0	0	0	0	0	0	0	0.310344827586207	0	0	69.2
SRR5354280	0	0	0	0	0	0	0	0	0	0	0	0	0	0.0062111801242236	0	0	0	0.944636678200692	1	0	0	0	0.959183673469388	0	1	0	0	0	1	0	0	0	0	0	0	0	0	0	0	0	0	0	0	0	0	0	0	0	0	0.855172413793103	0	0	262.71
SRR5354281	0	0	0	0	0	0	0	0	0	0	0	0	0	0	0	0	0	0	1	0	0	0	1	0	1	0	0	0	1	0	0	0	0	0	0	0	0	0	0	0.418604651162791	0	0	0	0	0	0	0	0.691176470588235	0	0.0131578947368421	0	0	87.85
SRR5354282	0	0	0	0.580246913580247	0	0	0	0	0	0	0	0	0	0	0	0	0	0.00851063829787234	1	0	0	0	1	0	1	0	0	0	1	0	0	0	0	0	0	0	0	0	0	0	0	0	0	0	0	0	0	0	0	0.935483870967742	0	0	166.08
SRR5354283	0	0	0	0	0	0	0	0	0	0	0	0	0	0	0	0	0	0	1	0	0	0.0204081632653061	1	0	1	0	0	0	1	0	0	0	0	0.0481927710843374	0	0	0	0	0	0	0	0	0	0	0	0	0	0	0	0.552631578947368	0	0	66.59
SRR5354284	0	0	0	0	0	0.0045662100456621	0	0	0	0	0	0	0	0	0	0.00460829493087558	0.00359712230215827	0.294326241134752	1	0	0	0	0.978260869565217	0	1	0.00505050505050505	0	0	1	0	0	0	0	0.00353356890459364	0	0	0	0	0	0	0	0	0	0	0	0	0.00425531914893617	0	0	0.754098360655738	0	0.343915343915344	210.06
SRR5354285	0	0	0	0	0	0	0.00854700854700855	0	0	0	0	0	0	0	0	0	0	0.0118343195266272	1	0	0.0188679245283019	0	1	0	1	0	0	0	1	0	0	0	0	0.00680272108843537	0	0	0	0	0	0	0	0	0	0	0	0	0	0	0	0.0921052631578947	0	0	118.79
SRR5354286	0	0	0	0	0	0	0	0	0	0	0	0	0	0.284883720930233	0	0	0	0	1	0	0	0	1	0	1	0	0	0	1	0	0	0	0	0	0	0	0	0	0	0	0	0	0	0	0	0	0	0	0	0.0126582278481013	0	0	132.39
SRR5354287	0	0	0	0	0	0	0	0	0	0	0	0	0	0	0	0	0	0	1	0	0	0	1	0.0045045045045045	1	0	0	0	1	0	0	0	0	0	0	0	0	0	0	0	0	0	0	0	0	0	0	0	0	0.992125984251969	0	0	202.99
SRR5354288	0	0	0	0	0	0	0	0	0	0	0	0	0	0	0	0	0	0.00645161290322581	1	0	0	0	1	0	1	0	0	0	1	0	0	0	0	0	0	0	0	0	0	0	0	0	0	0	0	0	0	0	0	0.971014492753623	0	0	122.65
SRR5354289	0	0	0.0034965034965035	0	0	0	0	0	0	0	0	0	0	0	0	0	0	0	1	0	0	0	1	0	0.98	0	0	0	1	0.00483091787439614	0	0	0	0.00398406374501992	0	0	0	0	0	0	0	0	0	0	0.00809716599190283	0	0	0	0	0.685393258426966	0	0.00387596899224806	220.14
SRR5354290	0	0	0	0	0	0	0	0	0	0	0	0	0	0	0	0	0	0	1	0	0	0.0277777777777778	1	0	1	0.233766233766234	0	0	1	0	0	0	0	0.0277777777777778	0	0	0	0	0	0	0	0	0	0	0	0	0	0	0	0.159090909090909	0	0	94.15
SRR5354291	0	0	0	0	0	0	0.166666666666667	0	0	0	0	0	0	0	0	0	0.0769230769230769	0	1	0	0	0.0454545454545455	1	0	1	0	0	0	1	0	0	0	0	0.153846153846154	0	0	0	0	0	0	0	0	0	0	0	0	0	0	0	0.541666666666667	0	0.0714285714285714	30.76
SRR5354292	0	0	0	0	0	0	0	0	0	0.00806451612903226	0	0	0	0	0	0	0	0.0344827586206897	1	0	0	0	1	0	1	0	0	0	1	0	0	0	0	0	0	0	0	0	0	0	0	0	0	0	0	0	0.0150375939849624	0	0	0.12962962962963	0.00917431192660551	0	112
SRR5354293	0	0	0	0	0	0	0	0	0	0	0	0	0	0	0	0	0	0.0952380952380952	1	0	0	0	1	0	1	0	0	0	1	0	0	0	0	0	0	0	0	0	0	0	0	0	0	0	0	0	0	0	0	0.5	0	0	16.91
SRR5354294	0	0	0	0	0	0	0	0	0	0	0	0	0	0	0	0	0	0	1	0	0	0	1	0	1	0	0	0	1	0	0	0	0	0	0	0	0	0	0.48695652173913	0	0	0	0	0	0	0	0	0	0	0.024390243902439	0	0	109.26
SRR5354295	0	0	0	0	0	0	0	0	0	0	0	0	0	0	0	0.00980392156862745	0.0337078651685393	0	1	0.0147058823529412	0	0	1	0	1	0	0	0.1	1	0	0	0	0	0	0	0	0	0	0	0	0	0	0	0	0	0	0	0	0	0.833333333333333	0	0	80.18
SRR5354296	0	0	0	0	0	0	0	0	0	0	0	0	0	0	0	0	0.0769230769230769	0	1	0	0	0	1	0	1	0	0	0	1	0	0	0	0	0	0	0	0	0	0	0	0	0	0	0	0	0	0	0	0	0.8125	0	0.0833333333333333	22.45
SRR5354297	0	0	0	0	0	0	0	0	0	0	0	0	0	0	0	0	0.0256410256410256	0	1	0.0294117647058824	0	0	1	0	1	0	0	0	1	0	0	0	0	0	0	0	0	0	0	0	0	0	0	0	0	0	0	0	0	0.833333333333333	0.0285714285714286	0	33.47
SRR5354298	0	0	0	0	0	0	0	0	0	0	0	0	0	0	0	0	0	0.375	1	0	0	0	1	0	1	0	0	0	1	0	0	0	0	0	0	0	0	0	0	0	0	0	0	0	0	0	0	0	0	0.7	0	0	10.32
SRR5354299	0	0	0	0	0	0	0	0	0	0	0	0	0	0	0	0	0	0.0091324200913242	1	0	0	0	1	0	1	0	0	0	1	0	0	0	0	0	0	0	0.00230414746543779	0	0	0	0	0	0	0	0	0	0	0	0.00225225225225225	0.0366492146596859	0	0	379.99
SRR5354300	0	0	0	0	0	0	0	0	0	0	0	0	0	0	0	0	0	0.028169014084507	1	0	0	0	1	0	1	0	0	0	1	0	0	0	0	0	0	0	0	0	0	0	0	0	0	0	0	0	0	0	0	0.13953488372093	0	0	149.39
SRR5354301	0	0	0	0	0	0	0	0	0	0	0	0	0	0	0	0	0.0120481927710843	0.0131578947368421	1	0	0	0	1	0	1	0	0	0	1	0	0	0	0	0	0	0	0	0	0	0	0	0	0	0	0	0	0	0	0	0.756756756756757	0	0	59.87
SRR5354302	0	0	0	0	0	0	0	0	0	0	0	0	0	0	0	0.00704225352112676	0	0.0113636363636364	1	0.0403225806451613	0	0	1	0	1	0	0	0	1	0	0	0	0	0	0	0	0	0	0	0	0	0	0	0	0	0	0	0	0	0.685393258426966	0	0.027972027972028	131.5
SRR5354303	0	0	0	0	0	0	0	0	0	0	0	0	0.0142857142857143	0	0	0	0	0.0555555555555556	1	0.0350877192982456	0	0	1	0	1	0.0192307692307692	0	0	1	0	0	0	0	0	0	0	0	0	0	0	0	0	0	0	0	0	0	0	0	0.358490566037736	0	0.0350877192982456	71.3
SRR5354304	0	0	0	0	0	0.00793650793650794	0	0	0	0.00735294117647059	0	0	0	0	0	0	0	0	1	0	0	0	1	0	1	0	0	0	1	0	0	0	0	0	0	0	0	0	0	0	0	0	0	0	0	0	0	0	0	0.925925925925926	0	0	110.44
SRR5354305	0	0	0	0	0	0	0	0	0	0	0	0	0	0	0	0	0	0.00628930817610063	1	0	0	0	1	0	1	0	0	0	1	0	0	0	0	0	0	0	0	0	0	0	0	0	0	0	0	0	0	0	0	0.072463768115942	0	0	133.13
SRR5354306	0.0303030303030303	0	0	0	0	0	0	0	0	0	0	0	0	0	0	0	0	0.0526315789473684	1	0	0	0	1	0	1	0	0	0	1	0	0	0	0	0	0	0	0	0	0	0	0	0	0	0	0	0	0	0	0	0.307692307692308	0	0	47.1
SRR5354307	0	0	0	0	0	0	0	0	0	0	0	0	0.115702479338843	0	0	0	0	0.0634920634920635	1	0.00847457627118644	0	0	1	0	1	0	0	0	1	0	0	0	0	0	0	0	0	0	0	0	0	0	0	0	0	0	0.222972972972973	0	0	0.344827586206897	0	0.0551181102362205	128.32
SRR5354308	0	0	0	0	0	0	0	0	0	0	0	0	0	0	0	0.00393700787401575	0	0.0553505535055351	1	0	0	0	0.978723404255319	0.00431034482758621	1	0	0	0	1	0	0	0	0	0	0	0	0	0	0	0	0	0	0	0	0	0	0	0	0	0.736486486486487	0	0.0447761194029851	214.07
SRR5354309	0	0	0	0	0	0	0	0	0	0	0	0	0	0	0	0	0	0.0074468085106383	1	0	0	0	1	0	1	0	0	0	1	0	0	0	0	0	0	0	0	0	0	0	0	0	0	0	0	0	0	0	0	0.519230769230769	0	0.00725689404934688	600.31
SRR5354310	0	0.658031088082902	0	0	0	0	0	0	0	0	0	0	0	0	0	0	0	0	1	0	0	0	1	0	1	0	0	0	0.974358974358974	0	0	0	0	0	0	0	0	0	0	0	0	0	0	0	0.0045045045045045	0	0	0	0	0.0650887573964497	0	0	207.73
SRR5354311	0	0	0	0	0	0.004	0	0	0	0	0	0	0	0	0	0	0	0	1	0	0	0	1	0	1	0	0	0	1	0	0	0	0	0	0	0	0	0	0.00657894736842105	0	0	0	0	0	0	0	0	0	0	0.968553459119497	0.203703703703704	0	252.48
SRR5354312	0	0	0	0	0	0	0	0	0	0	0	0	0	0	0	0	0	0	1	0	0	0	1	0	1	0	0	0	1	0	0	0	0	0	0	0	0	0	0	0	0.56547619047619	0	0	0	0.1	0	0	0	0	0.171875	0	0	120.56
SRR5354313	0.037037037037037	0	0	0	0	0.274390243902439	0	0	0	0	0	0	0.008	0	0	0.194594594594595	0	0.0506912442396313	1	0	0	0	1	0	1	0	0	0	1	0	0	0	0	0	0	0.259067357512953	0	0	0	0	0	0	0	0	0.00714285714285714	0	0	0	0	0.401785714285714	0	0.0681818181818182	150.8
SRR5354314	0	0	0	0	0	0	0	0	0	0	0	0	0	0	0	0	0	0.0149812734082397	1	0	0	0	1	0	1	0.0122699386503067	0	0	1	0	0	0	0	0	0	0	0	0	0	0	0	0	0	0	0	0	0	0	0	0.414414414414414	0	0.0397727272727273	190.5
SRR5354315	0	0	0	0	0	0	0	0	0	0	0	0	0	0	0	0	0	0	1	0	0	0	1	0	1	0.0337078651685393	0	0	1	0	0	0	0	0	0	0	0	0	0	0	0	0	0	0	0	0	0	0	0	0.666666666666667	0	0.0166666666666667	122.52
SRR5354316	0	0	0	0	0	0	0	0	0	0	0	0	0	0	0	0	0	0	1	0	0	0	1	0.41875	0.96875	0	0	0	1	0	0	0	0	0.00917431192660551	0	0	0	0	0	0	0	0	0	0	0	0	0	0	0	0.517241379310345	0	0	158.66
SRR5354317	0	0	0	0	0	0	0	0	0	0	0	0	0	0	0	0	0	0	1	0	0	0	1	0	1	0	0	0	1	0	0	0	0	0	0	0	0	0	0.032258064516129	0	0	0	0	0	0	0	0.0277777777777778	0	0	0.633333333333333	0	0	25.74
SRR5354318	0	0	0	0	0	0	0	0	0	0	0	0	0	0	0	0	0.162162162162162	0	1	0	0	0	1	0	1	0	0	0	1	0	0	0	0	0	0	0	0	0	0.00746268656716418	0	0	0	0	0	0	0	0	0	0	0.829268292682927	0	0	102.13
SRR5354319	0	0	0	0	0	0	0	0	0	0	0	0	0	0	0	0	0	0	1	0	0	0	1	0	1	0.025	0	0	1	0	0	0	0	0	0	0	0	0	0	0	0	0	0	0	0	0	0	0	0	0.517857142857143	0	0	45.92
SRR5354320	0	0	0	0	0	0	0	0.113636363636364	0	0	0	0	0	0	0	0	0	0	1	0	0	0	1	0	1	0.0588235294117647	0	0	1	0	0	0	0	0	0	0	0	0	0	0	0	0	0	0	0	0	0	0	0	0.463414634146341	0	0	56.1
SRR5354321	0	0	0	0	0	0	0	0	0	0	0	0	0	0	0	0	0	0	1	0	0	0	1	0	1	0.0106382978723404	0	0	1	0	0	0	0	0	0	0	0	0	0	0	0	0	0	0.00769230769230769	0	0	0	0	0	0.25	0	0	117.86
SRR5354322	0	0	0	0	0	0	0	0	0	0.00175131348511384	0	0	0	0	0	0	0	0.00694444444444444	1	0	0	0	0.984	0	1	0	0	0	1	0	0	0	0	0	0	0	0	0	0	0	0.0015015015015015	0	0	0	0	0	0	0	0	0.466135458167331	0	0	507.17
SRR5354323	0	0	0	0	0	0	0	0	0	0	0	0	0	0	0	0	0	0	1	0	0	0	1	0	1	0	0	0	1	0	0	0	0	0	0	0	0	0	0	0	0	0	0	0	0	0.3	0	0	0	0.232558139534884	0	0	87.42
SRR5354324	0	0	0	0	0	0.00332225913621262	0	0	0	0	0	0	0	0	0	0	0	0	1	0	0	0	1	0	1	0	0	0	1	0	0	0.00427350427350427	0	0	0	0	0	0	0	0	0	0	0	0	0	0	0	0	0.0142857142857143	0.0629370629370629	0	0	260.97
SRR5354325	0	0	0	0	0	0	0	0	0	0	0	0	0	0	0	0	0	0	1	0	0	0	1	0	1	0.032258064516129	0	0.03125	1	0	0	0	0	0	0	0	0	0	0	0	0	0	0	0	0	0	0	0	0	0.666666666666667	0	0	32.99
SRR5354326	0	0	0	0	0.422818791946309	0	0	0	0	0	0	0	0.00393700787401575	0	0	0	0	0	1	0	0	0	0.976190476190476	0	1	0	0	0	1	0	0	0	0	0	0	0	0	0	0	0	0	0	0	0	0	0	0	0	0	0.578651685393258	0	0	275.85
SRR5354327	0	0	0	0	0	0	0	0	0	0	0	0	0	0	0	0	0	0	1	0	0	0	1	0	1	0	0	0.0120481927710843	1	0	0	0	0	0	0	0	0	0	0	0	0	0	0	0	0	0	0	0	0	0.735294117647059	0	0	82.39
SRR5354328	0.110204081632653	0	0	0	0	0	0	0	0	0	0	0	0	0	0	0	0	0.307432432432432	1	0	0	0	1	0	1	0	0	0	1	0	0	0	0	0	0	0	0	0	0	0	0.004	0	0	0	0.0050251256281407	0	0.00392156862745098	0	0	0.00497512437810945	0	0	216.35
SRR5354329	0	0	0	0	0	0	0	0	0	0	0	0	0	0	0	0	0	0.00311526479750779	1	0	0	0	1	0	1	0	0	0	1	0	0	0	0	0	0	0	0	0	0	0	0	0	0	0	0	0	0	0	0	0.464	0	0	229.81
SRR5354330	0	0	0	0	0	0	0	0	0	0	0	0	0	0	0	0	0	0.0287769784172662	1	0	0	0	1	0	1	0	0	0	1	0	0	0	0	0	0	0	0	0	0	0	0	0	0	0	0	0	0	0	0	0.157142857142857	0	0	82.84
SRR5354331	0	0	0	0	0	0	0	0	0	0	0	0	0	0	0	0	0	0	1	0	0	0	1	0	1	0	0	0	1	0	0	0	0	0	0	0.04	0	0	0	0	0	0	0	0	0	0	0.0476190476190476	0	0	0.7	0	0	25.77
SRR5354332	0	0	0	0	0	0	0	0	0	0	0	0	0	0	0	0	0	0	0	0	0	0	0	0	0	0	0	0	0	0	0	0	0	0	0	0	0	0	0	0	0	0	0	0	0	0	0	0	0	0	0	0	0
SRR5354333	0	0	0	0	0	0	0	0	0	0	0	0	0	0	0	0	0.0623306233062331	0	1	0	0	0	1	0	1	0	0	0	1	0	0	0	0	0	0	0	0.304918032786885	0	0	0	0	0	0	0	0	0	0	0	0	0.135714285714286	0	0	318.57
SRR5354334	0	0	0	0	0	0	0	0	0	0	0	0	0	0	0	0	0	0	1	0	0	0	1	0	1	0	0	0	1	0	0	0	0	0.0102564102564103	0	0	0	0	0	0	0.00591715976331361	0	0	0	0.0065359477124183	0	0	0	0	0.00909090909090909	0	0	156.37
SRR5354335	0	0	0	0	0	0	0	0	0	0	0.147286821705426	0	0	0	0	0	0	0	1	0	0	0	0.983870967741935	0.008	0.984848484848485	0	0	0.00432900432900433	1	0	0	0	0	0	0	0	0	0	0	0	0	0	0	0	0.00403225806451613	0.00335570469798658	0	0	0	0.116788321167883	0	0	250.42
SRR5354336	0	0	0	0	0	0	0	0	0	0	0	0	0	0.0108695652173913	0	0	0	0	1	0	0	0	1	0	1	0	0	0	1	0	0	0	0	0	0	0	0	0	0	0	0	0	0	0	0.0172413793103448	0	0	0	0	0.211267605633803	0	0	58.06
