cells	chrMT:103:G/A	chrMT:183:A/G	chrMT:227:A/G	chrMT:489:T/C	chrMT:1412:G/A	chrMT:1888:G/A	chrMT:2002:G/A	chrMT:2260:A/G	chrMT:2542:G/A	chrMT:3002:G/A	chrMT:3186:T/C	chrMT:3242:G/A	chrMT:4509:T/C	chrMT:4769:A/G	chrMT:5400:G/A	chrMT:6627:G/C	chrMT:7258:T/C	chrMT:7640:G/A	chrMT:7897:G/A	chrMT:8860:A/G	chrMT:9209:G/A	chrMT:9457:T/C	chrMT:9474:G/A	chrMT:9984:G/A	chrMT:10245:T/C	chrMT:10290:G/A	chrMT:10492:T/C	chrMT:10569:G/A	chrMT:10675:G/A	chrMT:10690:G/A	chrMT:11166:G/A	chrMT:11693:G/A	chrMT:11700:T/C	chrMT:11814:T/C	chrMT:12508:G/A	chrMT:12592:T/C	chrMT:12811:T/C	chrMT:13635:T/C	chrMT:13717:A/G	chrMT:14185:A/C	chrMT:14259:G/A	chrMT:14641:A/G	chrMT:14721:G/A	chrMT:14831:G/A	chrMT:15028:C/T	chrMT:15431:G/C	chrMT:15615:G/A	chrMT:15758:A/G	chrMT:15874:A/G	chrMT:16050:T/G	chrMT:16086:T/C	chrMT:16129:G/A	chrMT:16172:T/C	chrMT:16258:A/G	chrMT:16274:G/A	depth
SRR5354433	0	0	0	0	0	0	0	0	0	0	0	0	0	1	0	0	0	0	0	1	0	0.172131147540984	0	0	0	0	0	0	0	0	0	0	0	0	0	0	0	0	0	0	0	0	0	0	0	0	0	0	0	0	0	0	0	0	0	91.1
SRR5354434	0	0	0	0	0	0	0	0	0	0	0	0	0	0.966666666666667	0.0103092783505155	0	0	0	0.00743494423791822	1	0	0	0	0	0	0	0	0	0	0	0	0	0	0	0	0	0	0	0	0	0	0	0	0	0	0	0	0	0	0	0	0	0	0	0	172.06
SRR5354435	0	0	0	0	0	0	0	0	0	0	0	0	0	1	0	0	0	0	0	0	0	0	0	0	0	0	0	0	0	0	0	0	0	0	0	0	0	0	0	0	0	0	0	0	0	0	0	0	0	0	0	0	0	0	0	64.19
SRR5354436	0	0	0	0	0	0	0	0	0	0	0	0	0	1	0	0	0	0	0	1	0	0	0	0	0	0	0	0	0	0	0	0	0	0	0	0	0	0	0	0	0	0	0	0	0	0	0	0	0	0	0	0	0	0	0	146.12
SRR5354437	0	0	0	0	0	0	0	0	0	0	0	0	0	0	0	0	0	0	0	0	0	0	0	0	0	0	0	0	0	0	0	0	0	0	0	0	0	0	0	0	0	0	0	0	0	0	0	0	0	0	0	0	0	0	0	6.45
SRR5354438	0	0	0	0	0	0	0	0	0	0	0	0	0	0	0	0	0	0	0	0	0	0	0	0	0	0	0	0	0	0	0	0	0	0	0	0	0	0	0	0	0	0	0	0	0	0	0	0	0	0	0	0	0	0	0	4.22
SRR5354439	0	0	0	0	0	0	0	0	0	0	0	0	0	1	0	0	0	0	0	1	0	0	0	0	0	0	0	0	0	0	0	0	0	0	0	0	0	0	0	0	0	0	0	0	0	0	0	0	0	0	0	0	0	0	0	8.09
SRR5354440	0	0	0	0	0	0	0	0	0	0	0	0	0	1	0	0	0	0	0	1	0	0.0612244897959184	0	0	0	0	0	0	0	0	0	0	0	0	0	0	0	0	0	0	0	0	0	0	0.02	0	0	0	0	0	0	0	0	0	0	37.99
SRR5354441	0	0	0	0	0	0	0	0	0	0	0	0	0	1	0	0	0	0	0	0	0	0.0952380952380952	0	0	0	0	0	0	0	0	0	0	0	0	0	0	0	0	0	0	0	0	0	0	0	0	0	0	0	0	0	0	0	0	0	21.49
SRR5354442	0	0	0	0.00427350427350427	0	0	0	0	0	0	0	0	0	1	0	0	0	0	0	1	0	0	0	0	0	0	0	0	0	0	0	0	0	0	0	0	0	0	0	0	0.31	0	0	0	0.00324675324675325	0	0	0	0	0	0	0	0	0	0	252.34
SRR5354443	0	0	0	0	0	0	0	0	0.00636942675159236	0	0	0	0	1	0	0	0	0	0	1	0.158940397350993	0	0	0	0	0	0	0	0	0	0	0	0	0	0	0	0	0	0	0	0.00628930817610063	0	0	0	0	0	0	0	0	0	0	0.0121951219512195	0	0	0	144.88
SRR5354444	0	0	0	0	0	0	0	0	0	0	0	0	0	1	0	0	0	0	0	1	0	0	0	0	0	0	0	0	0	0	0	0	0	0	0	0	0	0	0	0	0.0384615384615385	0	0	0.475409836065574	0	0	0	0	0	0	0	0	0	0	0	83.26
SRR5354445	0	0	0	0	0	0	0	0	0	0.00373134328358209	0	0	0	1	0	0	0	0	0	1	0	0	0	0	0.00892857142857143	0	0	0	0	0	0	0	0	0	0	0	0	0	0	0	0	0	0	0	0	0	0	0	0	0	0	0	0	0	0	186.4
SRR5354446	0	0	0	0	0	0	0	0	0	0	0	0	0	1	0	0	0	0	0	1	0	0	0	0	0	0	0	0.00740740740740741	0	0	0	0	0	0	0	0.380281690140845	0	0	0	0	0	0	0	0	0	0	0	0	0	0	0	0	0	0	0	189.85
SRR5354447	0	0	0	0	0	0	0	0	0	0	0	0	0	1	0	0	0	0	0	0	0	0	0	0	0	0	0	0	0	0	0	0	0	0	0	0	0	0	0	0	0	0	0	0	0	0	0	0	0	0	0	0	0	0	0	73.64
SRR5354448	0	0	0.191176470588235	0	0	0	0	0	0	0	0	0	0	1	0	0	0	0	0	1	0	0	0	0	0	0	0	0	0	0	0	0.00467289719626168	0	0	0	0	0	0	0	0	0.0201005025125628	0	0	0	0	0	0	0	0	0	0	0	0	0	0	178.34
SRR5354449	0	0	0	0	0.00380228136882129	0	0	0	0	0	0	0	0	1	0	0	0	0	0	1	0	0	0	0	0	0	0	0	0	0	0	0.0882352941176471	0	0.00381679389312977	0.170833333333333	0	0	0	0	0	0.0462555066079295	0	0.00546448087431694	0	0	0	0	0	0	0	0	0	0.111888111888112	0	0	455.96
SRR5354450	0	0	0.2	0	0	0	0	0	0	0	0	0	0	1	0	0	0	0	0	1	0	0	0	0	0	0	0	0	0	0	0	0	0	0	0	0	0	0	0	0	0	0	0	0	0.111111111111111	0	0	0	0	0	0	0	0	0	0	9.61
SRR5354451	0	0	0	0	0	0	0	0	0	0	0	0	0	1	0	0	0	0	0	1	0	0	0	0	0	0	0	0	0	0	0	0.00571428571428571	0	0	0	0.0994152046783626	0	0	0	0	0	0	0	0	0	0	0	0	0	0	0	0	0	0	0	150.18
SRR5354452	0	0	0	0	0	0	0	0	0	0	0	0	0.307692307692308	1	0	0	0	0	0	1	0	0	0	0	0	0	0	0	0	0	0	0.537414965986395	0	0	0	0.0119047619047619	0	0	0	0	0	0	0	0	0	0	0	0	0	0.018018018018018	0	0	0.00961538461538462	0	0	130.12
SRR5354453	0	0	0.0136986301369863	0	0	0	0	0	0	0	0	0	0	1	0	0	0	0	0	1	0	0	0	0	0	0	0	0	0.00888888888888889	0	0	0	0	0	0	0.0110497237569061	0	0	0	0	0	0	0	0	0	0	0	0	0	0	0	0	0	0	0	143.66
SRR5354454	0	0	0.166666666666667	0	0	0	0	0	0	0.00900900900900901	0	0	0	1	0	0	0	0.0114942528735632	0	1	0	0	0	0	0	0	0	0	0	0	0	0.0659340659340659	0	0	0	0	0	0	0	0	0	0	0	0	0	0	0	0	0	0	0	0	0	0	0	73.02
SRR5354455	0	0	0.113636363636364	0	0	0	0	0	0	0	0	0	0	1	0	0	0	0	0	1	0	0	0	0	0	0	0	0	0	0	0	0.0333333333333333	0	0	0.0178571428571429	0	0	0	0	0	0	0	0	0	0.0147058823529412	0	0	0	0	0	0	0	0.0303030303030303	0	0	54.14
SRR5354456	0	0	0	0	0	0	0	0	0	0	0	0	0	1	0	0	0	0	0	1	0	0	0	0	0	0	0	0	0	0	0	0.111111111111111	0	0	0.0701754385964912	0	0	0	0	0	0.00847457627118644	0	0	0	0	0	0	0	0	0	0.0116279069767442	0	0.0891089108910891	0	0.00649350649350649	108.58
SRR5354457	0	0	0	0	0	0	0	0	0	0	0	0	0	1	0	0	0	0	0	1	0	0	0	0	0	0	0	0	0	0	0	0.010752688172043	0	0	0	0	0	0	0	0	0	0	0	0	0	0	0	0	0	0	0	0.0222222222222222	0	0	0	79.53
SRR5354458	0	0	0	0	0	0	0	0	0	0	0	0	0	1	0	0	0	0	0	1	0	0	0	0	0	0	0	0	0	0	0	0	0	0	0	0	0	0	0	0	0	0	0	0	0	0	0	0	0	0	0	0	0	0	0	41.34
SRR5354459	0	0	0	0	0	0	0	0	0	0	0	0	0	1	0	0	0	0	0	1	0	0	0	0	0	0	0	0	0	0	0	0	0	0	0	0.243243243243243	0	0	0	0	0	0	0	0	0	0	0	0	0	0	0	0	0	0	0	37.79
SRR5354460	0	0	0	0	0.0134228187919463	0	0	0	0	0	0	0	0	1	0	0	0	0	0	1	0	0	0	0	0	0	0	0	0	0	0	0.0576923076923077	0	0	0.037037037037037	0	0	0	0	0	0	0	0	0	0	0	0	0.589595375722543	0	0	0	0	0.0813953488372093	0	0	128.83
SRR5354461	0	0	0	0	0	0	0	0	0	0	0	0	0	1	0	0	0	0	0	1	0	0	0	0	0	0	0	0	0	0	0	0	0	0.142857142857143	0	0	0	0	0	0	0	0	0	0	0.0454545454545455	0.608695652173913	0	0.0434782608695652	0	0	0	0	0	0	0	16.15
SRR5354462	0	0	0	0.0020703933747412	0	0	0	0	0	0	0	0	0	0.985074626865672	0	0	0	0	0	1	0	0	0	0	0	0	0	0	0	0	0	0	0	0	0	0	0	0	0	0	0.0224948875255624	0	0	0	0	0	0	0	0.00199203187250996	0	0	0	0	0	0	448.75
SRR5354463	0	0	0	0	0	0	0	0.6	0	0	0	0	0	1	0	0	0	0	0	0	0	0	0.0555555555555556	0	0	0	0	0	0	0	0	0.161290322580645	0	0	0	0	0	0	0	0	0	0	0	0	0	0	0	0	0	0	0	0	0	0	0	20.79
SRR5354464	0	0	0	0	0	0	0	0	0	0	0	0	0	1	0	0	0	0	0	1	0	0	0	0	0	0	0	0	0	0	0	0.380952380952381	0	0	0	0	0	0	0	0	0	0	0	0	0	0	0	0	0	0	0	0	0	0	0	17.85
SRR5354465	0	0	0	0	0	0	0	0	0	0	0	0	0	1	0	0.00373134328358209	0	0	0	1	0	0	0	0	0	0	0	0	0	0	0	0.0373134328358209	0	0	0	0	0	0	0	0	0	0	0	0	0	0	0	0	0	0	0	0	0	0	0	210.6
SRR5354466	0	0	0	0	0	0	0	0	0	0	0	0	0	1	0	0	0	0	0	1	0	0	0	0	0	0	0	0	0	0	0	0	0	0	0	0	0	0	0	0	0	0	0	0	0	0	0	0	0	0	0	0	0	0	0	147.63
SRR5354467	0	0	0	0	0	0	0	0	0	0	0	0	0	1	0	0	0	0	0	0	0	0	0	0	0	0	0	0	0	0	0	0	0	0	0	0	0	0	0	0	0	0	0	0	0	0	0	0.05	0	0	0	0	0	0	0.0212765957446809	34
SRR5354468	0	0	0	0	0	0	0	0	0	0	0	0	0	1	0	0	0	0	0	1	0	0	0	0	0	0	0	0	0	0	0	0	0	0	0	0	0	0	0	0	0	0	0	0	0	0.1	0	0.230769230769231	0	0	0	0	0	0	0.0454545454545455	16.16
SRR5354469	0	0	0	0	0	0	0	0	0	0	0.121212121212121	0	0	1	0	0	0	0	0	1	0	0	0	0	0	0	0	0	0	0	0	0	0	0	0	0	0	0	0	0	0	0	0	0	0	0	0	0	0	0	0	0	0	0	0	39.29
SRR5354470	0	0	0	0	0	0	0	0	0	0	0	0	0	1	0	0	0	0	0	1	0	0	0	0	0	0	0	0	0	0	0	0	0	0	0	0	0	0	0	0	0	0	0	0	0	0	0	0	0	0	0	0	0	0	0	57.95
SRR5354471	0	0	0	0	0	0	0	0	0	0	0	0	0	0	0	0	0	0	0	0	0	0	0	0	0	0	0	0	0	0	0	0	0	0	0	0	0	0	0	0	0	0	0	0	0	0	0	0	0	0	0	0	0	0	0	4.45
SRR5354472	0	0	0	0	0	0	0	0	0	0	0	0.00416666666666667	0	1	0	0	0	0	0	1	0	0.00806451612903226	0	0	0	0	0	0	0	0	0	0	0	0	0	0	0	0	0	0	0.240196078431373	0	0	0	0	0	0	0.0167224080267559	0	0	0	0.142857142857143	0	0	0	216.84
SRR5354473	0	0	0	0	0	0	0	0.0384615384615385	0	0	0	0	0	0	0	0	0	0	0	1	0	0	0	0	0	0.19047619047619	0	0	0	0	0	0	0	0	0	0	0	0	0	0	0	0	0	0	0	0	0	0.294117647058824	0	0	0	0	0	0	0	29.74
SRR5354474	0	0	0	0	0	0	0	0	0	0	0	0.175226586102719	0	1	0	0	0.00340136054421769	0	0	1	0	0	0	0	0	0	0	0	0	0	0	0	0	0	0	0	0	0	0	0	0	0	0	0	0	0	0.00249376558603491	0.0172839506172839	0	0	0	0	0	0	0	286.27
SRR5354475	0	0	0	0	0	0	0	0	0	0	0	0	0	1	0	0	0	0.43	0	1	0	0	0	0	0	0	0	0	0	0	0	0	0	0	0	0	0	0	0	0	0	0	0	0	0	0	0	0	0	0	0	0	0	0	0	86.62
SRR5354476	0	0	0	0	0	0	0	0	0	0	0	0	0	1	0	0	0	0	0	0	0	0	0	0	0	0	0	0	0	0	0	0	0	0	0	0	0	0	0	0	0	0	0	0	0	0	0	0	0	0	0	0	0	0	0	60.79
SRR5354477	0	0	0	0	0	0	0	0	0	0	0	0	0	1	0	0	0	0	0	1	0	0	0	0	0	0	0	0	0	0	0	0	0	0	0	0	0	0	0	0	0.166666666666667	0	0	0	0	0	0	0	0	0	0	0	0	0	0	9.43
SRR5354478	0	0	0	0	0	0	0	0	0	0	0	0	0	1	0	0	0	0	0	1	0	0	0	0	0	0	0	0	0	0	0	0	0	0	0	0	0	0	0	0	0	0	0	0	0	0	0	0	0	0	0	0	0	0.0434782608695652	0	36.6
SRR5354479	0	0	0	0	0	0	0	0	0	0	0	0	0	1	0	0	0	0	0	1	0	0	0	0	0	0	0	0	0	0	0	0	0	0	0	0	0	0	0	0	0	0	0	0	0	0	0	0	0	0	0	0	0.0263157894736842	0.0344827586206897	0	44.29
SRR5354480	0	0	0	0	0	0	0	0	0	0	0	0	0	1	0	0	0	0	0	1	0	0	0	0	0	0	0	0	0	0	0	0	0	0	0	0	0	0	0	0	0	0.221052631578947	0	0	0	0	0	0	0.223214285714286	0	0	0	0	0	0	97.21
SRR5354481	0	0	0	0	0	0	0	0	0	0	0	0	0	1	0	0.00476190476190476	0	0	0	1	0	0	0	0	0	0	0	0	0	0	0.107317073170732	0	0	0	0	0	0	0	0	0	0	0	0.787878787878788	0	0	0	0	0	0	0	0	0	0	0	0	176.8
SRR5354482	0	0	0	0	0	0	0	0.0106382978723404	0	0	0	0	0	1	0	0	0	0	0	1	0	0	0	0	0	0	0	0	0	0	0	0	0	0	0	0	0	0	0	0	0	0	0	0	0	0	0	0.0266666666666667	0	0	0.0116279069767442	0	0	0.0075187969924812	0	112.43
SRR5354483	0	0	0	0	0	0	0	0.0185185185185185	0	0	0	0	0	1	0	0	0	0	0	1	0	0	0	0	0	0	0	0	0	0	0	0	0	0	0	0	0	0	0	0	0	0	0	0	0	0	0	0	0	0	0	0	0	0	0	85.45
SRR5354484	0	0	0	0	0	0.123893805309735	0	0	0	0	0	0	0	1	0	0	0	0	0	1	0	0	0	0	0	0	0.357575757575758	0	0	0	0	0	0	0	0	0	0	0	0	0	0.0346820809248555	0.00602409638554217	0	0	0	0	0	0	0	0	0	0.0125	0	0	0	163.91
SRR5354485	0	0	0	0.0277777777777778	0	0	0	0.0204081632653061	0	0	0	0	0	1	0	0	0	0	0	1	0	0	0.285714285714286	0	0	0	0	0	0	0	0	0	0.107142857142857	0	0	0	0	0	0	0	0	0	0	0	0	0	0	0	0	0.183673469387755	0	0	0	0.102941176470588	0	65.98
SRR5354486	0	0	0	0	0	0	0	0	0	0.506666666666667	0	0	0	1	0	0	0	0	0	1	0	0	0	0	0	0	0	0	0	0	0	0	0	0	0	0	0	0	0.166666666666667	0	0.0326086956521739	0	0	0	0	0	0	0	0	0	0	0.103448275862069	0	0	0	66.94
SRR5354487	0	0	0	0	0	0	0	0	0	0	0	0	0	1	0	0	0	0	0	1	0	0	0	0	0	0	0	0	0.347826086956522	0	0.00757575757575758	0	0	0	0	0	0	0.100719424460432	0	0	0.0185185185185185	0	0.00925925925925926	0	0	0	0.140845070422535	0	0	0	0	0	0	0	0	110.69
SRR5354488	0	0	0	0	0	0	0.010989010989011	0	0	0	0	0	0	1	0	0	0	0	0	1	0	0	0	0	0	0	0	0	0	0	0	0	0	0	0	0	0	0	0	0	0.01	0	0	0	0	0	0	0	0	0	0.857142857142857	0	0	0	0.010989010989011	88.89
SRR5354489	0	0	0	0	0	0	0	0	0	0	0	0	0	1	0	0	0	0	0	1	0	0	0	0	0	0	0	0	0	0	0	0	0	0	0	0	0	0	0	0	0	0	0	0	0	0	0	0	0	0	0	0.111111111111111	0	0	0	33.26
SRR5354490	0	0	0	0	0	0	0	0	0	0	0	0.00353356890459364	0	1	0	0.187290969899666	0	0.00467289719626168	0	1	0	0	0	0	0	0.0226415094339623	0	0	0	0	0	0	0	0	0	0	0	0	0	0	0.0905172413793103	0.0045662100456621	0	0	0	0	0	0	0	0	0	0.0454545454545455	0	0	0	226.15
SRR5354491	0	0	0	0	0	0	0	0	0	0.00619195046439629	0	0.00348432055749129	0	1	0	0	0	0	0	1	0	0	0	0	0	0.0151515151515152	0	0	0	0	0	0	0	0	0	0.00384615384615385	0	0	0	0	0.0973451327433628	0	0	0	0	0	0	0	0	0	0	0.0294117647058824	0	0	0	236.1
SRR5354492	0	0	0	0	0	0	0	0	0	0	0	0	0	1	0	0	0	0	0	1	0	0	0	0	0	0.00689655172413793	0	0	0	0.13	0	0	0.0121951219512195	0	0	0	0	0	0	0	0.123287671232877	0	0	0	0.00606060606060606	0	0	0	0	0	0	0.0689655172413793	0	0	0	121.18
SRR5354493	0	0	0	0	0	0	0	0	0	0	0	0	0	1	0	0	0.142857142857143	0	0	1	0	0	0	0	0	0	0	0	0	0	0	0	0	0	0	0	0	0	0	0	0	0.027027027027027	0	0	0	0	0	0	0	0	0	0	0	0	0	43.6
SRR5354494	0	0	0	0	0	0	0	0	0	0	0	0.010752688172043	0	1	0	0	0	0	0	1	0	0	0	0	0	0.00970873786407767	0	0	0	0	0	0	0	0	0	0	0	0	0	0	0	0	0	0	0	0	0	0	0	0	0	0	0	0	0	82.82
SRR5354495	0	0	0	0	0	0	0	0	0	0	0	0	0	0.980392156862745	0	0	0	0.0048780487804878	0	1	0	0	0	0.504273504273504	0	0	0	0.0037593984962406	0	0	0	0	0	0	0	0	0.823045267489712	0	0	0	0	0	0	0	0.00467289719626168	0	0	0	0	0	0	0	0	0	0	191.86
SRR5354496	0	0	0.0277777777777778	0	0	0	0	0	0	0	0	0.00578034682080925	0	1	0	0	0	0	0	1	0	0	0	0	0	0.00444444444444444	0	0	0	0	0	0	0	0	0	0	0	0	0	0	0	0	0	0	0	0	0	0	0.00543478260869565	0	0.0142857142857143	0	0	0	0.0138248847926267	173.41
SRR5354497	0	0	0	0	0	0	0	0	0	0	0	0	0	1	0	0	0	0	0	1	0	0	0	0	0	0.12	0	0	0	0	0	0	0	0	0	0	0	0	0	0	0	0	0	0	0	0	0	0	0	0	0	0	0	0	0	24.75
SRR5354498	0	0	0	0	0.129496402877698	0	0	0	0	0.00571428571428571	0	0.00806451612903226	0	1	0	0.0062111801242236	0	0	0.134831460674157	1	0	0	0	0	0	0.0192307692307692	0	0	0	0.00578034682080925	0	0	0	0	0	0	0	0	0	0	0.078740157480315	0	0	0.00833333333333333	0	0	0	0	0	0	0	0.0384615384615385	0	0	0	117.87
SRR5354499	0	0	0	0	0	0	0	0	0	0	0	0	0	1	0	0	0	0	0	1	0	0	0	0	0	0	0	0	0.0294117647058824	0	0	0	0	0	0	0	0	0	0	0	0	0	0	0	0	0	0	0	0	0	0	0.0416666666666667	0	0	0.0454545454545455	25.02
SRR5354500	0	0	0	0	0	0	0	0	0.284210526315789	0	0	0	0	1	0	0	0	0.0138888888888889	0	1	0	0	0	0	0	0	0	0	0	0	0.0106382978723404	0	0	0	0	0	0	0	0	0	0	0	0.0185185185185185	0	0	0	0	0	0	0	0	0	0	0	0	73.89
SRR5354501	0	0	0	0	0	0	0	0	0	0	0	0	0	0.985507246376812	0	0	0	0.00234741784037559	0	1	0	0	0	0	0	0	0	0	0	0	0.00194552529182879	0	0	0	0	0	0	0	0	0	0	0	0	0	0	0	0	0.00392927308447937	0	0	0	0	0	0	0	374.62
SRR5354502	0	0	0	0	0	0	0	0	0	0.015748031496063	0.0212765957446809	0	0	1	0	0.0166666666666667	0	0	0	1	0	0	0.0148148148148148	0	0	0	0	0	0	0.00495049504950495	0	0	0	0	0	0	0	0	0.00862068965517241	0	0	0.0427350427350427	0	0	0	0	0	0	0.0072463768115942	0	0	0	0	0	0.226277372262774	106.44
SRR5354503	0	0	0	0	0	0	0	0	0	0.00408163265306122	0	0	0	1	0	0	0	0	0	1	0	0	0	0	0	0	0	0	0	0	0	0	0	0	0	0	0	0	0	0	0.00975609756097561	0	0	0	0	0	0	0	0.00833333333333333	0.00546448087431694	0	0	0	0	0	187.21
SRR5354504	0	0	0	0.17910447761194	0	0	0	0	0	0.0173913043478261	0	0	0	0.935483870967742	0.292452830188679	0	0	0	0	1	0	0	0	0	0	0	0	0	0	0	0	0	0	0	0	0	0	0	0.0126582278481013	0	0	0	0	0	0	0	0	0	0.00934579439252336	0	0.0140845070422535	0	0	0	0	92.74
SRR5354505	0	0	0	0	0	0	0	0	0	0.015625	0	0	0	1	0	0	0	0	0	1	0	0	0	0	0	0	0	0	0.015625	0	0.0384615384615385	0	0	0	0	0	0	0	0	0	0	0	0.0512820512820513	0	0	0	0	0	0	0	0	0	0	0	0	42.75
SRR5354506	0	0	0	0	0	0	0	0	0	0.00389105058365759	0	0	0	0.947368421052632	0	0	0	0.00226244343891403	0	1	0	0	0	0	0	0	0	0	0.00171232876712329	0	0.00186567164179104	0.00195694716242661	0	0	0	0	0	0	0	0	0	0	0	0	0.376417233560091	0	0	0	0	0	0	0	0	0	0	369.66
SRR5354507	0	0	0	0	0	0	0	0	0	0.00714285714285714	0	0	0	1	0	0	0	0.00462962962962963	0	1	0	0	0	0	0	0	0	0	0	0	0.00593471810089021	0	0	0	0	0	0	0	0.00699300699300699	0	0	0	0.0255102040816327	0	0.00390625	0	0	0	0	0	0	0	0	0	0	221.6
SRR5354508	0	0.121739130434783	0	0	0	0	0	0	0	0.0536585365853659	0	0	0	0.933333333333333	0.00537634408602151	0	0	0	0	1	0	0	0.00584795321637427	0	0.129032258064516	0	0.00555555555555556	0	0	0	0	0	0	0	0	0	0	0	0	0	0	0.0122699386503067	0.0078740157480315	0	0.0105263157894737	0	0	0	0.0240963855421687	0.0075187969924812	0	0	0	0	0	155.56
SRR5354509	0	0	0	0	0	0	0	0	0	0.292682926829268	0	0	0	1	0	0	0	0	0	1	0	0	0	0	0	0	0.0212765957446809	0	0.0166666666666667	0	0	0	0	0	0	0	0	0	0.0606060606060606	0	0	0.0689655172413793	0	0	0	0	0	0	0.0789473684210526	0.0263157894736842	0	0	0	0	0	34.64
SRR5354510	0	0	0	0	0	0	0	0	0	0.0579710144927536	0	0	0	1	0	0	0	0	0	1	0	0.00735294117647059	0.0163934426229508	0	0	0	0.0106382978723404	0	0	0	0.00684931506849315	0	0	0	0	0	0	0	0	0	0	0.0227272727272727	0	0	0	0	0	0	0.00854700854700855	0	0	0	0	0	0	110.63
SRR5354511	0	0	0	0	0	0	0	0	0	0.133333333333333	0	0	0	1	0	0	0	0	0	1	0	0	0	0	0	0	0	0	0.0571428571428571	0	0.0769230769230769	0	0	0	0	0	0	0	0	0	0	0.0714285714285714	0.3	0	0	0	0	0	0.0416666666666667	0	0.0714285714285714	0	0	0	0	22.43
SRR5354512	0	0	0	0	0	0	0	0	0	0	0	0	0	1	0	0	0	0	0	1	0	0	0	0	0	0	0	0	0.0112359550561798	0	0	0	0	0	0	0	0	0	0	0	0	0	0	0	0	0	0	0	0	0	0	0	0	0	0	58.73
SRR5354513	0	0	0	0	0	0	0	0	0	0	0	0	0	1	0	0	0	0	0	1	0	0	0	0	0	0	0.00613496932515337	0	0	0	0	0	0	0	0	0	0	0	0	0.89010989010989	0	0	0	0	0.00657894736842105	0	0	0	0	0	0.0315789473684211	0	0	0	0	141.98
SRR5354514	0.100917431192661	0	0	0	0	0	0	0	0	0.0140845070422535	0	0	0	1	0	0.0134228187919463	0	0	0	1	0	0	0.0196078431372549	0	0	0	0.0256410256410256	0	0	0.0111111111111111	0	0	0	0	0	0	0	0	0	0	0	0	0	0	0	0	0	0	0	0	0	0	0	0	0	119.79
SRR5354515	0	0	0	0	0	0	0	0	0	0.0923076923076923	0	0	0	1	0	0	0	0	0	1	0	0	0.0784313725490196	0	0	0	0.0377358490566038	0	0	0	0	0	0	0	0	0.012987012987013	0	0	0	0	0	0	0	0	0	0	0	0	0.0133333333333333	0.0566037735849057	0	0	0	0	0	53.7
SRR5354516	0	0	0	0	0	0	0	0	0	0.133333333333333	0	0	0	1	0	0.0192307692307692	0	0	0	1	0	0	0.0714285714285714	0	0	0	0.0408163265306122	0	0	0	0	0	0	0	0	0	0	0	0	0	0	0	0.04	0	0	0	0	0	0.0697674418604651	0.0487804878048781	0	0	0	0	0.037037037037037	43.62
SRR5354517	0	0	0	0	0	0	0	0	0	0	0	0	0	1	0	0	0	0	0	1	0	0	0	0	0	0	0	0	0.0102040816326531	0	0	0	0	0	0	0	0	0	0	0	0	0	0	0	0	0	0	0	0	0	0	0	0	0	0.0128205128205128	133.54
SRR5354518	0	0	0	0	0	0	0	0	0	0	0	0	0	1	0	0.00440528634361234	0	0	0	1	0	0	0	0	0	0	0	0	0.00302114803625378	0	0	0	0	0	0	0	0.008	0.00869565217391304	0	0	0	0	0	0	0.00427350427350427	0	0.00381679389312977	0	0	0	0.0512820512820513	0	0	0	0	189.11
SRR5354519	0	0	0	0	0	0	0	0	0	0	0	0	0	1	0	0.0119047619047619	0	0	0	1	0	0.354838709677419	0	0	0	0	0	0	0.00892857142857143	0	0	0	0	0	0	0	0	0	0	0	0	0	0	0	0	0	0	0	0	0	0.2	0	0	0	0	68.05
SRR5354520	0	0	0	0	0	0	0	0	0	0	0	0	0	1	0	0.041958041958042	0	0	0	1	0	0.176470588235294	0	0	0	0	0	0	0.00518134715025907	0.00490196078431373	0	0	0	0	0	0	0	0	0	0	0	0	0	0	0	0	0	0	0	0	0	0	0	0	0	111.88
SRR5354521	0	0	0	0	0	0	0	0	0	0	0	0	0	1	0	0.176470588235294	0	0	0	1	0	0	0	0	0	0	0	0	0	0.0769230769230769	0	0	0	0	0	0	0	0	0	0	0	0	0	0	0	0	0	0	0	0	0	0	0	0	0	25.92
SRR5354522	0	0	0	0	0	0	0	0	0	0.00858369098712446	0	0	0	1	0	0.0187265917602996	0	0	0	1	0	0	0	0	0	0	0	0	0.00347222222222222	0.0104166666666667	0	0	0	0	0	0	0	0	0	0	0.010989010989011	0	0	0	0	0	0	0	0	0	0	0	0	0	0	186.42
SRR5354523	0	0	0	0	0	0	0.181818181818182	0	0	0	0	0	0	1	0	0.130434782608696	0	0	0	1	0	0	0	0	0	0	0	0	0.03125	0	0	0	0	0	0	0	0	0	0	0	0	0	0	0	0	0	0	0	0	0	0.35	0	0	0	0	17.79
SRR5354524	0	0	0	0	0	0	0	0	0	0	0	0	0	0.972222222222222	0	0	0	0	0	1	0	0	0	0	0	0	0	0.271641791044776	0.00218340611353712	0	0.00259067357512953	0	0	0	0	0	0	0	0	0	0	0	0	0	0.00292397660818713	0	0.00274725274725275	0	0	0	0.0101010101010101	0	0	0	0.00628930817610063	273.13
SRR5354525	0	0	0	0	0	0	0	0	0.00060459492140266	0.00257864878803507	0	0	0	0.991071428571429	0	0	0.000610500610500611	0	0.000851063829787234	1	0	0.00179856115107914	0	0	0	0	0	0	0	0	0	0	0	0	0	0	0	0.00057372346528973	0	0	0.0167765128819652	0.00140350877192982	0	0	0	0	0	0	0	0	0	0	0	0	0	1564.58
SRR5354526	0	0	0	0	0	0	0	0	0	0	0	0	0	0.976190476190476	0	0.0223642172523962	0	0	0	1	0	0	0	0	0	0	0	0	0	0	0	0	0	0	0	0	0	0	0	0	0	0	0	0	0	0	0	0	0	0	0	0	0	0	0.00325732899022801	268.79
SRR5354527	0	0	0	0	0	0	0	0	0	0	0	0	0	1	0	0.0376344086021505	0	0	0	1	0	0	0	0	0	0	0	0	0.00366300366300366	0.0036101083032491	0	0	0	0	0	0	0	0	0	0	0	0	0	0	0	0	0	0	0	0	0	0	0	0	0	176.07
SRR5354528	0	0	0	0	0	0	0	0	0	0	0	0	0	1	0	0	0	0	0	1	0	0	0	0	0	0	0	0	0	0	0	0	0	0	0	0	0	0	0	0	0	0	0	0	0	0	0	0	0	0	0	0	0	0	0	218.04
