cells	chrMT:146:T/C	chrMT:189:A/G	chrMT:687:G/A	chrMT:750:A/G	chrMT:810:G/A	chrMT:870:C/T	chrMT:903:T/C	chrMT:921:T/C	chrMT:1240:A/G	chrMT:1509:T/C	chrMT:2159:T/C	chrMT:2416:T/C	chrMT:2561:T/C	chrMT:2706:A/G	chrMT:3003:A/G	chrMT:3047:G/A	chrMT:3594:C/T	chrMT:3628:A/G	chrMT:3907:G/A	chrMT:3967:G/A	chrMT:4454:T/C	chrMT:4769:A/G	chrMT:5026:A/G	chrMT:5291:T/C	chrMT:5418:T/C	chrMT:5650:G/A	chrMT:6004:G/A	chrMT:6018:G/A	chrMT:6933:T/C	chrMT:6934:T/C	chrMT:6940:T/C	chrMT:7256:C/T	chrMT:7299:A/G	chrMT:7812:T/C	chrMT:8720:G/A	chrMT:9331:T/C	chrMT:9377:A/G	chrMT:9442:T/C	chrMT:9489:G/A	chrMT:9554:G/A	chrMT:10176:G/A	chrMT:10345:T/C	chrMT:10618:A/G	chrMT:10643:T/C	chrMT:10955:C/T	chrMT:11176:G/A	chrMT:11559:G/A	chrMT:11690:G/A	chrMT:11893:A/G	chrMT:11933:A/G	chrMT:12070:G/A	chrMT:12560:A/G	chrMT:12561:G/A	chrMT:12775:G/A	chrMT:12808:T/C	chrMT:12913:T/C	chrMT:13089:T/C	chrMT:13121:G/A	chrMT:13369:T/C	chrMT:13489:T/C	chrMT:13650:C/T	chrMT:13710:A/G	chrMT:13718:G/A	chrMT:13837:G/A	chrMT:14180:T/C	chrMT:14299:T/C	chrMT:14364:G/A	chrMT:14845:C/T	chrMT:14926:A/T	chrMT:14935:T/C	chrMT:15135:G/A	chrMT:15301:G/A	chrMT:15458:T/C	chrMT:15731:G/A	chrMT:15750:T/C	chrMT:16093:T/C	chrMT:16247:A/G	chrMT:16300:A/G	chrMT:16362:T/C	chrMT:16399:A/G	depth
SRR5354145	1	0	0	1	0	1	0	0	0	0	1	1	0	1	0.0181818181818182	0	1	0	0	0	0	1	0	0	0.032258064516129	0	0	0	0.0476190476190476	0	0	1	0	0	0	0	0	0	0	1	0	0	0	0	1	0	0	0	0	0	0	0	0	0	0	0	0	0.176470588235294	0	0	1	0	0	0	0.444444444444444	0	0	1	0	0	0	1	1	0	0	1	0	1	0	1	34.34
SRR5354146	1	0	0	1	0	1	0	0.0196078431372549	0	0	1	1	0	1	0	0	1	0	0	0	0	1	0	0	0	0	0	0	0	0	0	1	0	0.0222222222222222	0	0	0	0	0	1	0	0	0	0	1	0	0	0	0	0	0	0	0	0	0	0	0	0	0	0	1	0	0	0	0.9375	0	0	1	0	0	0	1	1	0	0.0344827586206897	1	0	1	0	1	35.58
SRR5354147	1	0	0	1	0	0.986666666666667	0	0	0	0	1	1	0	1	0	0	1	0	0	0	0	1	0	0	0	0	0.0119047619047619	0	0	0	0	1	0	0.0185185185185185	0	0	0	0	0	0.964285714285714	0	0	0	0	1	0	0	0	0	0	0	0	0	0	0	0	0.010989010989011	0.0520833333333333	0	0	1	0	0	0	0.388888888888889	0	0	1	0	0	0	1	1	0	0	0.9375	0	1	0	1	73.64
SRR5354148	1	0	0	1	0	0.984615384615385	0	0	0	0	1	1	0	1	0	0	1	0	0	0	0	1	0	0	0	0	0	0	0	0	0	1	0	0.0103092783505155	0	0	0	0	0	1	0	0.02	0.00934579439252336	0	1	0	0	0	0	0	0	0	0	0	0	0	0	0	0	0	1	0	0	0	1	0	0	0.989247311827957	0	0	0	1	1	0	0	1	0	1	0	1	67.32
SRR5354149	1	0	0	1	0	1	0	0.00561797752808989	0	0	1	1	0	1	0	0	1	0	0	0	0	1	0	0	0	0	0	0	0	0	0	1	0.716814159292035	0	0	0	0	0	0	1	0	0	0	0	1	0	0	0	0	0	0	0	0	0	0	0	0	0.0036101083032491	0.00386100386100386	0	1	0	0	0	1	0	0	1	0	0	0	1	1	0	0	1	0	1	0	1	181.85
SRR5354150	1	0	0	1	0	1	0	0	0	0	1	1	0	1	0	0	1	0	0	0	0	1	0	0	0	0.125	0	0	0	0	0	1	0	0	0	0	0	0	0	1	0	0	0	0	1	0	0	0	0	0	0	0	0	0	0	0	0	0	0	0	1	0	0	0	0.973684210526316	0	0	1	0	0	0	1	1	0	0	1	0	1	0	1	30.94
SRR5354151	1	0	0	1	0	1	0	0	0	0	1	1	0	1	0	0	1	0.0136986301369863	0	0	0	1	0	0	0	0	0	0	0	0	0	1	0	0	0	0	0	0	0	1	0.024390243902439	0	0	0	1	0	0	0	0	0	0	0	0	0	0	0	0	0	0	0	1	0	0	0	0.966101694915254	0	0	1	0	0	0	1	1	0	0	1	0	1	0	1	56.44
SRR5354152	1	0	0	1	0	1	0	0	0	0	1	1	0.027027027027027	1	0	0	1	0	0	0	0	1	0	0	0	0	0	0	0.027027027027027	0	0	1	0	0.0344827586206897	0	0	0	0	0	1	0	0	0	0	1	0	0	0	0	0	0	0	0	0	0	0	0	0.0227272727272727	0	0	1	0	0	0	0.923076923076923	0	0	1	0	0	0	1	1	0	0	0.857142857142857	0	1	0	1	22.83
SRR5354153	1	0	0	1	0	1	0	0	0	0	1	1	0	1	0	0	1	0	0	0	0	1	0	0	0	0	0	0	0	0.219512195121951	0	1	0	0.0833333333333333	0	0.212121212121212	0	0	0	1	0	0.05	0	0	1	0	0	0	0	0	0	0	0	0	0	0	0	0	0	0	1	0	0	0	0.961538461538462	0	0	1	0	0	0	1	1	0	0	1	0	1	0	1	26.54
SRR5354154	1	0	0	1	0	0.978723404255319	0	0	0	0	1	1	0	1	0	0	1	0	0	0	0	1	0.463917525773196	0	0	0.217391304347826	0	0	0	0	0	1	0	0	0	0	0	0	0	1	0	0	0	0	1	0	0	0	0	0	0	0	0	0.0166666666666667	0	0	0	0	0	0	1	0	0	0	0.984848484848485	0	0	1	0.0072992700729927	0	0	1	1	0	0	1	0	1	0	1	111.54
SRR5354155	1	0	0	1	0	1	0	0	0	0	1	1	0	1	0	0	1	0	0	0	0	1	0	0	0	0	0	0	0.153846153846154	0	0	0	0	0	0	0	0	0	0	1	0	0	0	0	1	0	0	0	0	0	0	0	0	0	0	0	0	0	0	0	1	0	0	0	0	0	0	1	0	0	0	1	1	0	0	1	0	1	0	1	7.06
SRR5354156	1	0	0	1	0	1	0	0	0	0	1	1	0	1	0	0	1	0	0	0	0	1	0	0	0	0	0	0	0	0	0	1	0	0	0	0	0	0	0	1	0	0	0	0	1	0	0	0	0	0	0	0	0	0	0	0	0	0	0	0	1	0	0	0	0.954545454545455	0	0	1	0	0	0	1	1	0	0	1	0	1	0	1	26.35
SRR5354157	1	0	0	1	0	1	0	0	0	0	1	1	0	1	0	0	1	0	0.0540540540540541	0	0	1	0	0	0.0357142857142857	0	0	0	0	0	0	1	0	0	0	0	0	0	0.551724137931034	1	0	0	0	0	1	0	0	0	0	0	0	0	0	0	0	0	0.461538461538462	0	0	0	1	0	0	0	1	0	0	1	0	0	0	1	1	0	0	1	0	1	0	1	32.18
SRR5354158	1	0	0	1	0	1	0	0	0	0	1	1	0.181818181818182	1	0	0	1	0	0	0	0	1	0	0	0	0	0	0	0.0186915887850467	0	0	1	0	0	0	0	0	0	0.0114942528735632	1	0	0	0	0	1	0	0	0	0	0	0	0	0	0	0	0	0.00862068965517241	0.0145985401459854	0	0	1	0	0	0	0.391752577319588	0	0	1	0	0	0	1	1	0	0	1	0	1	0	1	82.17
SRR5354159	1	0	0	1	0	1	0	0	0	0	1	1	0	1	0	0	1	0	0	0	0	1	0	0	0.0128205128205128	0	0	0	0	0	0	1	0	0	0	0	0	0	0	1	0	0	0	0	1	0	0	0	0	0	0	0	0	0	0	0	0	0.0172413793103448	0	0	1	0	0	0	0.985915492957746	0	0	1	0	0	0	1	1	0	0	1	0	1	0	1	57.42
SRR5354160	1	0	0	1	0	1	0	0	0	0	1	1	0	1	0	0	1	0	0	0	0	1	0	0	0	0	0	0	0	0	0	1	0	0	0	0	0	0	0	1	0	0	0	0	1	0	0	0	0	0	0	0	0	0	0	0	0	0	0	0	1	0	0	0	0.775510204081633	0	0	1	0	0	0	1	1	0.392156862745098	0	1	0	1	0	1	41.69
SRR5354161	1	0	0	1	0	1	0	0	0	0.0833333333333333	1	1	0	1	0	0	1	0	0	0	0	0	0	0	0	0	0	0	0.125	0	0	0	0	0	0	0	0	0	0	1	0	0	0	0	1	0	0	0	0	0	0	0	0	0	0	0	0	0	0	0	1	0	0	0	1	0	0	1	0	0	0	1	1	0	0	1	0	1	0	1	8.13
SRR5354162	1	0	0	1	0	1	0	0	0	0	1	1	0	1	0.018348623853211	0	1	0	0	0.19047619047619	0	1	0	0	0	0	0	0	0	0	0.83695652173913	1	0	0	0	0	0	0	0	1	0	0	0	0	1	0	0	0	0	0	0.0227272727272727	0	0	0	0	0	0	0	0	0	0.988505747126437	0	0	0	1	0	0	1	0	0	0	1	1	0	0	1	0	1	0	1	70.66
SRR5354163	1	0	0	1	0	1	0	0	0	0	1	1	0	1	0	0	1	0	0	0	0	1	0	0	0.0149253731343284	0	0	0	0	0	0	1	0	0	0.171875	0	0	0	0	1	0	0	0	0	1	0	0	0	0	0	0	0	0	0	0	0	0	0	0	0	1	0	0	0	0.447368421052632	0	0	1	0	0	0	1	1	0	0	1	0	1	0	1	65.87
SRR5354164	1	0	0	1	0	1	0	0	0	0	1	1	0	1	0.222222222222222	0	1	0	0	0	0	1	0	0	0.0666666666666667	0	0.0666666666666667	0	0	0	0	1	0	0	0	0	0	0	0	1	0	0	0	0	1	0	0	0	0	0	0	0	0	0	0	0	0	0	0	0	1	0	0	0	1	0	0	1	0	0	0	1	1	0	0	1	0	1	0	1	15.67
SRR5354165	1	0	0	1	0	1	0	0	0	0	1	1	0	1	0	0	1	0	0	0	0	1	0	0	0.037037037037037	0	0	0	0	0	0	1	0	0	0	0	0	0	0	1	0	0	0	0	1	0	0	0	0	0.0188679245283019	0	0	0	0	0	0	0	0.108108108108108	0	0	1	0	0	0	0.92	0	0	1	0	0	0	1	1	0	0	1	0	1	0	1	28.87
SRR5354166	1	0	0	1	0	1	0	0	0	0	1	1	0	1	0.0485436893203883	0	1	0	0	0	0	1	0	0.239130434782609	0	0	0.0099009900990099	0	0	0	0	1	0	0	0	0	0	0	0	1	0	0	0	0	1	0.315384615384615	0	0	0	0	0	0	0	0	0	0	0	0	0	0	1	0	0	0	0.989690721649485	0	0	1	0	0	0	1	1	0	0	1	0	1	0	1	86.21
SRR5354167	1	0	0	1	0	1	0	0	0	0	1	1	0	1	0.0631578947368421	0	1	0	0	0	0	1	0.0222222222222222	0	0	0	0.0684931506849315	0	0	0	0	1	0	0	0	0	0	0	0	1	0	0	0	0	1	0	0	0	0	0	0	0	0	0	0	0	0	0	0	0	1	0	0	0	1	0	0	1	0	0	0	1	1	0	0	1	0	1	0	1	60.85
SRR5354168	1	0	0	1	0	1	0	0	0	0	1	1	0	1	0.176470588235294	0	1	0	0	0	0	1	0	0	0	0	0.227272727272727	0	0	0	0	1	0	0	0	0	0	0	0	1	0	0	0	0	1	0	0	0	0	0	0	0	0	0	0	0	0	0	0	0	1	0	0	0	1	0	0	1	0	0	0	1	1	0	0	1	0	1	0	1	19.18
SRR5354169	1	0	0	1	0	1	0	0	0	0	1	1	0	1	0	0	1	0	0	0	0	1	0	0	0.0065359477124183	0	0	0	0	0	0	1	0	0	0	0	0.0128205128205128	0	0	1	0	0	0	0	1	0	0	0	0	0	0	0	0	0	0	0	0	0.0120481927710843	0	0	1	0	0.00813008130081301	0	0.975206611570248	0	0	1	0	0	0	1	1	0	0	1	0	1	0	1	112.09
SRR5354170	1	0	0	1	0	1	0	0	0	0	1	1	0	1	0	0	1	0	0	0	0	1	0	0	0.0136986301369863	0	0	0	0	0	0	1	0	0.0127388535031847	0	0	0	0	0	0.984615384615385	0	0	0	0	1	0	0	0	0	0	0	0	0	0	0	0	0	0.00574712643678161	0	0	1	0	0	0	0.525316455696203	0	0	1	0	0	0	0.994117647058824	1	0	0	1	0	1	0	1	124.08
SRR5354171	1	0	0	1	0	1	0	0	0	0	1	1	0	1	0	0	0.992307692307692	0	0	0	0	1	0	0	0	0	0	0	0	0	0	1	0	0	0	0	0	0	0	1	0	0	0	0	1	0	0	0.00578034682080925	0	0	0	0	0	0	0	0.342592592592593	0	0	0	0	1	0	0	0	0.970443349753695	0	0	1	0	0	0	1	1	0	0	1	0	1	0	1	164.12
SRR5354172	1	0	0	1	0	1	0	0	0	0	1	1	0	1	0.046875	0	0.916666666666667	0	0	0	0	1	0	0	0.12962962962963	0	0.0512820512820513	0	0	0	0	1	0	0.0172413793103448	0	0	0	0	0	1	0	0	0	0	1	0	0	0	0	0	0	0	0	0	0	0	0.0666666666666667	0	0	0	1	0	0	0	1	0	0	1	0	0	0	1	1	0	0	1	0	1	0	1	36.09
SRR5354173	1	0	0	1	0	1	0	0	0	0	1	1	0	1	0	0	1	0	0	0	0	0	0	0	0	0	0.142857142857143	0	0	0	0	0	0	0	0	0	0	0	0	1	0	0	0	0	1	0	0	0	0	0	0	0	0	0	0	0	0	0	0	0	1	0	0	0	0.5	0	0	1	0	0	0	1	1	0	0	1	0	1	0	1	9.76
SRR5354174	1	0	0	1	0	1	0	0	0	0	1	1	0	1	0	0	0.989247311827957	0	0	0	0	1	0.00609756097560976	0	0	0	0	0	0.435028248587571	0	0	1	0	0	0	0	0	0	0	1	0	0.00510204081632653	0	0	1	0	0	0	0	0	0	0	0	0	0	0	0	0	0	0	1	0	0	0	1	0	0	1	0	0	0	1	1	0	0	1	0	1	0	1	131.34
SRR5354175	1	0	0	1	0	0.923076923076923	0	0	0	0	1	1	0	1	0	0	1	0	0	0	0	1	0	0	0	0	0	0	0	0	0	0	0	0	0	0	0	0	0	1	0	0.0285714285714286	0	0	1	0	0	0	0	0	0	0	0	0	0	0	0	0.147058823529412	0	0	1	0	0	0	0.478260869565217	0	0	1	0	0	0	1	1	0	0	1	0	1	0	1	23.76
SRR5354176	1	0	0	1	0	0.989473684210526	0	0	0	0	1	1	0	1	0	0	1	0	0	0	0	1	0	0	0	0	0	0	0	0	0	1	0	0	0	0	0	0	0	1	0	0	0	0	0.980769230769231	0	0	0	0	0	0	0	0	0	0	0	0	0	0	0	1	0.0140845070422535	0	0	0.991379310344828	0	0	1	0	0	0	1	1	0	0	1	0	1	0	1	94.5
SRR5354177	1	0	0	1	0	1	0	0.0158730158730159	0	0	1	1	0	1	0	0	1	0	0	0	0	1	0	0	0.0106382978723404	0	0.0128205128205128	0	0	0	0	1	0	0	0	0	0	0	0	1	0	0.0120481927710843	0	0	1	0	0	0	0	0	0	0	0	0.808823529411765	0	0	0	0	0	0	1	0	0	0	0.9625	0	0	0.984126984126984	0	0	0	1	1	0	0	1	0	1	0	1	65.84
SRR5354178	1	0	0	1	0	1	0	0	0	0	1	1	0	1	0.03125	0	1	0	0	0	0	1	0	0	0	0	0	0.44	0	0	0	1	0	0	0	0	0	0	0	1	0	0	0	0	1	0	0	0	0	0	0	0	0	0	0	0	0	0	0	0	1	0	0	0	0.970588235294118	0	0	1	0	0	0	1	1	0	0	1	0	1	0	1	26.01
SRR5354179	1	0	0	1	0	1	0	0	0	0	1	1	0	1	0	0	1	0	0	0	0	1	0	0	0	0	0	0	0	0	0	1	0	0	0	0	0	0	0	1	0	0	0	0	1	0	0	0	0	0	0	0	0	0	0	0	0	0	0	0	1	0	0	0	0.986842105263158	0	0	1	0	0	0	1	1	0	0	1	0	1	0	1	49.83
SRR5354180	1	0	0	1	0	0.972222222222222	0	0	0	0	1	1	0	1	0.0377358490566038	0	1	0	0	0	0	1	0	0	0	0	0	0	0	0	0	1	0	0	0	0	0	0	0	1	0	0	0	0	1	0	0	0	0	0.966101694915254	0	0	0	0	0	0	0	0	0	0	1	0	0	0	1	0	0	1	0	0	0	1	1	0	0	0.16	0	1	0	1	40.24
SRR5354181	1	0	0	1	0	1	0	0	0	0	1	1	0	1	0	0	1	0	0	0	0	1	0	0	0	0	0	0	0	0	0	1	0	0	0	0	0	0	0	1	0	0.027027027027027	0	0	1	0	0	0	0	0	0	0	0	0	0	0	0	0.0263157894736842	0	0	1	0	0	0	1	0	0	1	0	0	0	1	1	0	0	1	0	1	0	0.982758620689655	34.59
SRR5354182	1	0	0	1	0	1	0	0	0	0	1	1	0	1	0	0	0.993421052631579	0	0	0	0	1	0	0	0	0	0	0	0	0	0	1	0	0	0	0	0	0	0	1	0	0.00476190476190476	0	0	1	0	0	0	0	0	0	0	0	0	0	0	0	0.00383141762452107	0	0	1	0	0	0	0.979899497487437	0	0	0.995495495495496	0	0	0	1	1	0	0	1	0	1	0	1	177.59
SRR5354183	1	0	0	1	0	1	0	0	0	0	1	1	0	1	0	0	1	0	0	0	0	1	0	0	0	0	0	0	0	0	0	1	0	0.00680272108843537	0	0	0	0	0	1	0	0	0	0	1	0	0	0	0	0	0	0	0	0	0	0	0	0.00537634408602151	0	0	1	0	0	0	1	0	0	1	0	0	0	1	1	0	0	1	0	1	0	1	121.87
SRR5354184	1	0	0	1	0	1	0	0	0	0	1	1	0	1	0.368932038834951	0.00952380952380952	1	0	0	0	0	1	0	0	0	0	0.211111111111111	0	0	0	0	1	0	0	0	0	0	0	0	1	0	0	0.00833333333333333	0	1	0	0	0	0	0	0	0	0	0	0	0	0	0	0	0	1	0	0	0	1	0	0	1	0	0	0	1	1	0	0	1	0	1	0	1	83.78
SRR5354185	1	0	0	1	0	1	0	0	0	0	1	1	0	1	0	0	1	0	0	0	0	0	0	0	0	0	0	0	0	0	0	1	0	0	0	0	0	0	0	1	0	0	0	0	1	0	0	0	0	0	0	0	0	0	0	0	0	0	0	0	1	0	0	0	0.833333333333333	0	0	1	0	0	0	1	1	0	0	0.714285714285714	0	1	0	1	6.22
SRR5354186	1	0	0	1	0	1	0	0.0123456790123457	0	0	1	1	0	1	0	0	1	0	0	0	0	1	0	0	0	0	0	0	0	0	0	0.888888888888889	0	0	0	0.0123456790123457	0	0	0	1	0	0	0	0	1	0	0	0	0	0	0	0	0	0	0	0	0	0	0	0	1	0	0	0	0.98780487804878	0	0	1	0.0112359550561798	0	0	1	1	0	0	1	0	0.988235294117647	0.00917431192660551	1	84.43
SRR5354187	1	0	0	1	0	1	0	0	0	0	1	1	0	1	0	0	0.958333333333333	0	0	0	0	1	0	0	0	0	0	0	0	0	0	1	0	0.830769230769231	0	0	0	0	0	1	0	0	0	0	1	0	0	0	0	0	0	0	0	0	0	0	0	0	0	0	1	0	0	0	1	0	0	1	0	0	0	0.98876404494382	1	0	0	1	0.0357142857142857	1	0	1	57.57
SRR5354188	1	0	0	1	0	1	0	0	0	0	1	1	0	1	0	0	1	0	0	0	0	1	0	0	0	0	0	0	0	0	0	1	0	0	0	0	0	0	0	1	0	0	0	0	1	0	0	0	0	0	0	0	0	0	0	0	0	0	0	0	1	0	0	0	0.846153846153846	0	0	1	0.0384615384615385	0	0	1	1	0	0	1	0	1	0	1	19.62
SRR5354189	1	0	0	1	0	1	0	0	0	0	1	1	0	1	0	0	0.977777777777778	0	0.010752688172043	0	0	1	0	0	0.0108695652173913	0	0	0	0	0	0	1	0	0	0	0	0	0	0	1	0	0	0	0	1	0	0	0	0	0	0	0	0	0	0	0	0.135416666666667	0	0	0	1	0	0	0	0.138613861386139	0	0	1	0	0	0	1	1	0	0	1	0	1	0	1	71.63
SRR5354190	1	0	0	1	0	1	0	0	0	0	1	1	0	1	0	0	1	0	0.0121951219512195	0	0	1	0	0	0	0	0	0	0	0	0	1	0	0	0	0	0	0	0	1	0	0	0	0	1	0	0	0	0	0	0	0	0	0	0	0	0	0	0	0	1	0	0	0	1	0	0	0.987951807228916	0	0	0	1	1	0	0	1	0.0487804878048781	1	0	1	65.95
SRR5354191	1	0	0	1	0	1	0	0	0	0	1	1	0	1	0	0	1	0.125	0	0	0	1	0	0	0	0	0	0	0	0	0	1	0	0	0	0	0	0	0	1	0	0	0	0	1	0	0	0	0	0	0	0	0	0	0	0	0	0	0	0	1	0	0	0	1	0	0	1	0.166666666666667	0	0	1	1	0	0	1	0.428571428571429	1	0.0909090909090909	1	5.47
SRR5354192	1	0	0	1	0	1	0	0	0	0	1	1	0	1	0	0	1	0	0	0	0	1	0	0	0	0	0	0	0	0	0	1	0	0	0	0	0	0	0	1	0	0	0	0	1	0	0	0	0	0	0	0	0	0	0	0	0	0	0	0	1	0	0	0	1	0	0	1	0	0	0	1	1	0	0	1	0.833333333333333	1	0	1	7.29
SRR5354193	1	0	0	1	0	1	0	0	0	0	1	1	0	1	0	0	1	0	0.125	0	0	1	0	0	0	0	0	0	0	0	0	0	0	0	0	0	0	0	0	1	0	0	0	0	1	0	0	0	0	0	0	0	0	0	0	0	0	0	0	0	1	0	0	0	0.3125	0	0	1	0	0	0	1	1	0	0	0.833333333333333	0	1	0	1	13.66
SRR5354194	1	0	0	1	0	1	0	0	0	0	1	1	0	1	0	0	1	0.0344827586206897	0	0	0	1	0	0	0	0	0	0	0	0	0	1	0	0	0	0	0	0	0	1	0	0.0238095238095238	0	0	1	0	0	0	0	0	0	0	0	0	0	0	0	0	0	0	1	0	0	0	0.851851851851852	0	0	1	0	0	0	1	1	0	0	1	0	1	0	1	31.46
SRR5354195	1	0	0	1	0	1	0	0	0	0	1	1	0	1	0	0	1	0	0	0	0	1	0	0	0	0	0	0	0	0	0	0	0	0	0	0	0	0	0	0.9375	0	0.0344827586206897	0	0	1	0	0	0	0	0	0	0	0	0	0	0	0	0	0	0	1	0	0	0	0.818181818181818	0	0	1	0	0	0	1	1	0	0	1	0	1	0	1	20.55
SRR5354196	1	0	0	1	0	0.979166666666667	0	0	0	0	1	1	0	1	0	0	1	0.206349206349206	0	0	0	1	0	0	0	0	0	0	0	0	0	1	0	0	0	0	0	0	0	0.964285714285714	0	0	0	0	1	0	0	0	0	0	0	0	0	0	0	0	0	0	0	0	1	0	0	0	1	0	0	1	0	0	0	1	1	0	0	1	0.45	1	0.176470588235294	1	59.94
SRR5354197	1	0.71875	0	1	0	1	0	0	0	0	1	1	0.00980392156862745	1	0	0	1	0	0	0	0	1	0	0	0	0	0	0	0	0	0	1	0	0	0	0	0	0	0	1	0	0	0	0	0.982142857142857	0	0	0	0	0	0	0	0	0	0	0	0	0	0	0	1	0	0	0	1	0	0	1	0	0	0	1	1	0	0	1	0.0941176470588235	1	0.0103092783505155	1	78.89
SRR5354198	1	0	0	1	0	1	0	0	0	0	1	1	0	1	0	0	1	0	0	0	0	1	0	0	0	0	0	0	0	0	0	1	0	0	0	0	0	0	0	1	0	0	0	0	1	0	0	0	0	0	0	0	0	0	0	0	0	0	0	0	1	0	0	0	1	0	0	1	0	0	0	1	1	0	0	1	0.263157894736842	1	0.04	1	19.86
SRR5354199	1	0	0	1	0	1	0	0	0	0	1	1	0	1	0	0	1	0	0	0	0.383333333333333	1	0	0	0	0	0	0	0	0	0	1	0	0	0	0	0	0	0	1	0	0	0	0	1	0	0	0	0	0	0	0	0	0	0	0	0	0.00662251655629139	0	0	1	0	0	0	0.984962406015038	0	0	1	0	0	0	1	1	0	0	0.974025974025974	0	1	0	1	111.56
SRR5354200	1	0	0	1	0	1	0	0	0	0	1	1	0	1	0	0	0.979591836734694	0	0	0	0	1	0	0	0	0	0	0	0	0	0	1	0	0.0188679245283019	0	0	0	0	0	1	0	0	0	0	1	0	0	0	0.0196078431372549	0	0	0	0	0	0	0	0.0175438596491228	0	0	0	1	0	0	0	0.777777777777778	0	0	1	0	0	0	0.982456140350877	1	0	0	0.888888888888889	0	1	0	1	44.51
SRR5354201	1	0	0	1	0.107692307692308	1	0	0	0	0	1	1	0	1	0	0	1	0	0	0	0	1	0	0	0	0	0	0	0	0	0	0	0	0	0	0	0	0	0	1	0	0	0	0	1	0	0	0	0	0	0	0	0	0	0	0	0	0	0	0	1	0	0	0	1	0	0	1	0	0	0	1	1	0	0	1	0	1	0	1	46.6
SRR5354202	1	0	0	1	0	1	0	0	0	0	1	1	0	1	0	0	0.983606557377049	0	0	0	0	0.857142857142857	0	0	0	0	0	0	0	0	0	1	0	0	0	0	0	0	0	1	0	0	0	0	1	0	0	0	0	0	0	0	0	0	0	0	0	0	0	0	1	0	0	0	1	0	0	1	0	0.117647058823529	0	1	1	0	0	1	0	1	0	1	73.55
SRR5354203	1	0	0	1	0	1	0	0	0	0	1	1	0	1	0	0	1	0	0	0	0	1	0	0	0	0	0	0	0	0	0	1	0	0	0	0	0	0	0	1	0	0	0	0	1	0	0	0	0	0	0	0	0	0	0	0	0	0	0	0	1	0	0	0	0.961538461538462	0	0	1	0	0	0	0.983606557377049	1	0	0	1	0	1	0	1	43.62
SRR5354204	1	0	0	1	0	0.981651376146789	0	0	0	0	1	1	0	1	0	0	1	0	0	0	0	1	0	0.0119047619047619	0	0	0	0	0	0	0	1	0	0	0	0	0	0	0	1	0	0	0	0	1	0	0	0	0	0	0	0	0	0	0	0	0	0	0	0	1	0	0	0	0.992592592592593	0	0	0.993243243243243	0	0	0	0.993006993006993	1	0	0	1	0	1	0	1	116.67
SRR5354205	1	0	0	1	0	1	0	0	0	0	1	1	0	1	0	0	1	0	0.0363636363636364	0	0	1	0	0	0	0	0	0	0	0	0	1	0	0.0363636363636364	0	0	0	0	0	1	0	0	0	0	1	0	0	0.32258064516129	0.36	0	0	0	0	0	0	0	0	0	0	0	1	0	0	0	0.902439024390244	0	0	1	0	0	0	1	1	0	0	1	0	1	0	1	38.13
SRR5354206	1	0	0	0.978723404255319	0	1	0	0	0	0	1	1	0	1	0	0	1	0	0.0136986301369863	0	0	1	0	0	0	0	0	0	0	0	0	1	0	0	0	0	0	0	0	1	0	0.0153846153846154	0	0	1	0	0	0	0	0	0	0.172043010752688	0	0	0	0	0	0.0520833333333333	0	0	1	0	0	0	0.884615384615385	0	0	1	0	0	0	0.986842105263158	1	0	0	1	0	1	0	1	52.87
SRR5354207	1	0	0	1	0	0.993103448275862	0	0	0	0	1	1	0	1	0	0	1	0	0	0	0	1	0	0	0.0707070707070707	0	0	0	0	0	0	0.916666666666667	0	0	0	0	0	0	0	1	0	0	0	0.00390625	1	0	0	0	0	0	0	0	0	0	0	0	0	0.00458715596330275	0	0	1	0	0	0	0.944444444444444	0	0	1	0	0	0	0.994413407821229	1	0	0	1	0	1	0	1	153.81
SRR5354208	1	0	0	1	0	1	0	0	0	0	1	1	0.00680272108843537	1	0	0	1	0	0	0	0	1	0	0	0	0	0	0	0	0	0	1	0	0	0	0	0	0	0	1	0	0	0	0	1	0	0	0	0	0	0	0	0	0	0	0	0	0	0.0065359477124183	0	1	0.194915254237288	0.00757575757575758	0.225	0.245614035087719	0	0	1	0	0	0	1	1	0	0	1	0.00892857142857143	1	0	1	131.46
SRR5354209	1	0	0	1	0	1	0	0	0	0	1	1	0	1	0	0	1	0	0	0	0	1	0.0526315789473684	0	0	0	0	0	0	0	0	0	0	0	0	0	0	0	0	1	0	0	0	0	1	0	0	0	0	0	0	0	0	0	0	0	0	0	0	0	1	0	0	0	1	0	0	1	0	0	0	1	1	0	0	1	0	1	0	0.947368421052632	21.34
SRR5354210	1	0	0	1	0	1	0	0	0	0	1	1	0	1	0	0	1	0	0	0	0	1	0	0	0	0	0	0	0	0	0	1	0	0	0	0	0	0	0	1	0	0	0	0	1	0	0	0	0	0	0	0	0	0	0	0	0	0	0	0	1	0	0	0	1	0	0	1	0	0	0	1	1	0	0	1	0	1	0	1	112.08
SRR5354211	1	0	0	1	0	0.987341772151899	0	0	0	0	1	1	0	1	0	0	1	0	0	0	0	1	0	0	0.0982142857142857	0	0	0	0	0	0	1	0	0	0	0	0	0	0	1	0	0	0	0	1	0	0	0	0	0	0	0	0	0	0	0	0	0.0547945205479452	0	0.00892857142857143	1	0	0	0	0.894736842105263	0	0	1	0	0	0	1	1	0	0	1	0	1	0	1	98.92
SRR5354212	1	0	0	1	0	1	0	0	0	0	1	1	0	1	0	0	1	0	0	0	0	1	0	0	0	0	0	0	0	0	0	1	0	0	0	0	0	0	0	1	0	0	0	0	1	0	0	0	0	0	0	0	0.274193548387097	0	0	0	0	0.04	0	0	1	0	0	0	0.833333333333333	0	0	1	0	0	0	0.984126984126984	1	0	0	0.971428571428571	0	1	0	1	56.7
SRR5354213	1	0	0	1	0	1	0	0	0	0	1	1	0	1	0	0	1	0	0.193877551020408	0	0	1	0	0	0	0	0	0	0	0.00561797752808989	0	0.857142857142857	0	0	0	0	0	0	0	0.982758620689655	0	0	0	0.123222748815166	1	0	0	0	0	0	0	0	0	0	0	0	0	0.0203045685279188	0	0	1	0	0	0	0.921348314606742	0	0	1	0	0	0	0.993827160493827	1	0	0	0.976190476190476	0	1	0	1	152.23
SRR5354214	1	0	0	1	0	1	0.352941176470588	0	0	0	1	1	0	1	0	0	1	0	0	0	0	1	0	0	0	0	0	0	0	0	0	1	0	0	0	0	0	0	0	1	0.0344827586206897	0	0	0	1	0	0.272727272727273	0	0	0	0	0	0	0	0	0	0	0	0.0943396226415094	0.131578947368421	1	0	0	0	0.923076923076923	0	0	1	0	0	0	1	1	0	0	1	0	1	0	1	33.3
SRR5354215	1	0	0	1	0	0.988505747126437	0	0	0	0	1	1	0	1	0	0	1	0	0.00714285714285714	0	0	1	0	0	0	0	0	0	0	0	0	1	0	0	0	0	0	0	0	0.964912280701754	0.120967741935484	0	0.00719424460431655	0	1	0	0	0	0	0	0	0	0	0	0	0	0	0	0	0	1	0	0	0	0.828282828282828	0	0	0.992	0	0	0	1	1	0	0	1	0	1	0	1	103.9
SRR5354216	1	0	0	1	0	1	0	0	0	0	1	1	0	1	0	0	1	0	0	0	0	1	0	0	0	0	0	0	0	0	0	1	0	0	0	0	0	0	0	0.941176470588235	0	0	0	0	1	0	0	0	0	0	0.0103092783505155	0	0	0.0307692307692308	0	0	0	0	0.790697674418605	0	1	0	0	0	0.982758620689655	0	0	1	0	0	0	1	1	0	0	1	0	1	0	1	60.7
SRR5354217	1	0	0	1	0	1	0	0.008	0	0	1	1	0	1	0	0.169230769230769	1	0	0	0	0	1	0	0	0	0	0	0	0	0	0	1	0	0.00662251655629139	0	0	0.174418604651163	0	0	1	0	0	0	0	1	0	0	0	0	0	0	0	0	0	0	0	0	0	0	0	1	0	0.184466019417476	0	0.754901960784314	0	0	1	0	0	0	1	1	0	0	1	0	1	0	1	110.78
SRR5354218	1	0	0	1	0	1	0	0	0	0	1	1	0	1	0	0	1	0	0	0	0	1	0	0	0.04	0	0	0	0	0	0	0	0	0	0	0	0	0	0	1	0	0	0	0	1	0	0	0	0	0	0	0	0	0	0	0	0	0.0740740740740741	0	0	1	0	0	0	0.967741935483871	0	0	1	0	0	0	1	1	0	0	1	0	1	0	1	20.82
SRR5354219	1	0	0	1	0	1	0	0.253012048192771	0	0	1	1	0	1	0	0	1	0	0	0	0	1	0	0	0	0	0	0	0	0	0	1	0	0	0	0	0	0	0	1	0	0.01	0	0	1	0	0	0	0	0	0	0	0	0	0	0	0	0	0	0	1	0	0	0	0.963414634146341	0	0	1	0	0	0	1	1	0	0	1	0	1	0	1	80.46
SRR5354220	1	0	0	1	0	1	0	0	0	0	1	1	0	1	0	0	1	0	0	0	0	1	0	0	0	0	0	0	0	0	0	0.875	0	0	0	0	0.0181818181818182	0	0	0.975609756097561	0.0116279069767442	0.00757575757575758	0.00602409638554217	0	0.981818181818182	0	0	0	0	0	0	0	0	0	0	0	0	0	0.0258620689655172	0	1	0	0	0	0.978723404255319	0	0.831325301204819	1	0	0	0	1	1	0	0	1	0	1	0	1	92.78
SRR5354221	1	0	0	1	0	0.985714285714286	0	0	0	0	1	1	0	1	0	0.0078125	1	0	0	0	0	1	0	0	0	0	0	0	0	0	0	1	0.0192307692307692	0	0	0	0	0	0	1	0	0.0104166666666667	0	0	1	0	0	0	0	0	0	0	0	0	0	0	0	0	0.0476190476190476	0	1	0	0	0	0.126050420168067	0	0	1	0	0	0	1	1	0	0	1	0	1	0	1	85.89
SRR5354222	0.987179487179487	0	0	1	0	0.99009900990099	0	0	0	0	1	1	0	1	0	0	1	0	0	0	0	1	0	0	0	0	0	0	0	0	0	1	0	0	0	0	0	0	0	1	0	0	0	0	0.985915492957746	0	0	0	0	0	0	0	0	0	0	0	0	0	0.024390243902439	0	1	0	0	0	0.975308641975309	0.00943396226415094	0	1	0	0	0	0.990654205607477	1	0	0	1	0	1	0	1	94.3
SRR5354223	1	0	0	1	0	1	0	0	0	0	1	1	0	1	0	0	1	0	0	0	0	1	0	0	0	0	0	0	0	0	0	0	0	0	0	0	0	0	0	1	0	0.0769230769230769	0.3	0	1	0	0	0	0	0	0	0	0	0	0	0	0	0	0	0	1	0	0	0	1	0	0	1	0	0	0	1	1	0	0	1	0	1	0	1	12.68
SRR5354224	1	0	0	1	0	1	0	0	0	0	1	1	0	0.99009900990099	0	0	1	0	0	0	0	1	0	0	0	0	0	0	0	0	0	1	0	0	0	0	0	0	0	1	0	0.00680272108843537	0	0	1	0.00740740740740741	0	0	0	0	0	0	0	0	0	0	0	0	0	0.00763358778625954	1	0	0	0	0.973451327433628	0.902255639097744	0	1	0	0	0	1	1	0	0	1	0	1	0	1	102.19
SRR5354225	1	0	0	1	0	1	0	0	0	0	1	1	0	0.992805755395683	0	0	0.98936170212766	0	0.00602409638554217	0	0	1	0	0	0.00694444444444444	0	0	0	0	0	0	0.833333333333333	0	0	0	0	0	0	0	1	0	0	0	0	1	0	0	0	0	0	0	0	0	0	0	0	0	0	0	0	1	0	0	0	1	0	0	1	0	0	0	1	1	0	0	0.941176470588235	0	1	0	1	118.6
SRR5354226	1	0	0	1	0	1	0	0	0	0	1	1	0	1	0	0	1	0	0	0	0	1	0	0	0	0	0	0	0	0	0	0.833333333333333	0	0.00826446280991736	0	0	0	0	0	1	0	0.854166666666667	0	0	1	0	0	0	0	0	0	0	0	0	0	0	0	0	0	0	1	0	0	0	0.980392156862745	0	0	0.990909090909091	0	0	0	0.991228070175439	1	0	0	1	0	1	0	1	85.51
SRR5354227	1	0	0	1	0	1	0	0	0	0	1	1	0	1	0	0	1	0	0	0	0	1	0	0	0	0	0	0	0	0	0	1	0	0	0	0	0	0.152671755725191	0	1	0	0	0.0053475935828877	0	1	0	0	0	0	0	0	0	0	0	0	0	0	0	0.00471698113207547	0	1	0.00862068965517241	0	0	0.993630573248408	0	0	1	0	0	0	0.994845360824742	1	0	0	1	0	1	0	1	147.14
SRR5354228	1	0	0	1	0	1	0	0	0	0	1	1	0	1	0	0	1	0	0	0	0	1	0	0	0	0	0	0	0	0	0	1	0	0	0	0	0	0	0	1	0.025974025974026	0	0	0.010752688172043	1	0	0	0	0	0	0	0	0	0	0	0	0	0	0	0	1	0	0	0	0.981818181818182	0.0144927536231884	0	1	0	0	0	1	1	0	0.169354838709677	1	0	1	0	1	70.43
SRR5354229	1	0	0	1	0	0.981132075471698	0	0	0	0	1	1	0	1	0	0	1	0	0	0	0	1	0	0	0	0	0	0	0.00645161290322581	0	0	1	0	0	0	0	0	0	0	1	0	0	0	0	1	0	0	0	0	0.0113636363636364	0	0	0	0	0	0	0	0.0104166666666667	0	0	1	0	0	0	0.992424242424242	0	0	1	0.449612403100775	0	0	1	1	0	0	1	0	1	0	1	123.16
SRR5354230	1	0	0	1	0	1	0	0	0	0.320754716981132	1	1	0	1	0	0	1	0	0	0	0	1	0	0	0	0	0	0	0	0	0	1	0	0	0	0	0	0	0	1	0	0	0	0	1	0	0	0	0	0	0	0.0128205128205128	0	0	0.483870967741935	0	0	0.0125	0	0	1	0	0	0	1	0	0	1	0	0	0	1	1	0	0	1	0.0303030303030303	1	0	1	58.07
SRR5354231	1	0	0	1	0	1	0	0	0	0	1	1	0	1	0	0	1	0	0	0	0	1	0	0	0	0	0	0	0	0	0	1	0	0	0	0.028169014084507	0	0	0	1	0	0	0	0	1	0	0	0	0	0	0	0	0	0	0	0	0.0227272727272727	0.0465116279069767	0	0	1	0	0	0	1	0	0	1	0	0	0	1	1	0	0	1	0	1	0	1	41.3
SRR5354232	1	0	0	1	0	1	0	0	0	0	1	1	0	1	0	0	1	0	0	0	0	1	0	0	0	0	0	0	0	0	0	1	0	0	0	0	0	0	0	1	0	0.0357142857142857	0	0	1	0	0	0	0	0	0	0	0	0	0	0	0	0	0	0	1	0	0	0	0.857142857142857	0	0	1	0	0	0	1	1	0	0	1	0	1	0	1	16.38
SRR5354233	1	0	0	1	0	1	0	0	0	0	1	1	0	1	0	0	1	0	0	0	0	1	0	0	0	0	0	0	0	0	0	0	0	0	0	0	0	0	0	1	0	0	0	0	1	0	0	0	0	0	0	0	0	0	0	0	0	0	0	0	1	0	0	0	1	0	0	1	0	0	0	1	1	0	0	1	0	1	0	1	8.95
SRR5354234	1	0	0	1	0	0.974358974358974	0	0	0	0	1	1	0	1	0	0	1	0	0.0294117647058824	0	0	1	0	0	0	0	0	0	0	0	0	1	0	0	0	0	0	0	0	1	0.125	0	0	0	1	0	0	0	0	0	0	0	0	0	0	0	0	0	0	0	1	0	0	0	0.957446808510638	0	0	1	0	0	0	1	1	0	0	1	0	1	0	1	27.72
SRR5354235	1	0	0	1	0	1	0	0	0	0	1	1	0	1	0	0	1	0	0	0	0	1	0	0	0	0	0	0	0	0	0	1	0	0	0	0	0	0	0	1	0	0	0	0	1	0	0	0	0	0	0	0	0	0	0	0	0	0.0769230769230769	0	0	1	0	0	0	1	0	0	1	0	0	0	1	1	0	0	1	0	1	0	1	14.63
SRR5354236	1	0	0	1	0	1	0	0	0	0	1	1	0	1	0	0	1	0	0.0126582278481013	0.015625	0	1	0	0	0	0	0	0	0	0	0	1	0	0	0	0	0	0	0	0.980769230769231	0	0	0	0	1	0	0	0	0	0	0	0	0	0	0	0	0	0.0314465408805031	0	0	0.992424242424242	0	0	0	0.989473684210526	0	0	0.991666666666667	0	0	0	1	1	0	0	1	0	1	0	1	111.91
SRR5354237	1	0	0	1	0	1	0	0	0	0	1	1	0	1	0	0	0.995555555555556	0	0	0	0	1	0	0	0	0	0	0	0	0	0	0.85	0	0	0	0	0	0	0	0.994594594594595	0	0	0	0	1	0	0	0	0	0	0	0	0	0	0	0	0	0.0129533678756477	0	0	1	0	0	0	0.819314641744548	0	0	0.996732026143791	0	0	0	1	1	0	0	0.95959595959596	0	1	0	1	262.85
SRR5354238	1	0	0	1	0	1	0	0	0	0	1	1	0	1	0	0	1	0	0	0	0	1	0	0	0	0	0	0	0	0	0	1	0	0	0	0	0	0	0	1	0	0.00862068965517241	0	0	1	0	0	0	0	0	0	0	0	0	0	0	0	0	0	0	1	0	0	0.02	0.9625	0	0	1	0	0	0.116279069767442	1	1	0	0	0.963636363636364	0	1	0	1	92.77
SRR5354239	1	0	0	1	0	0.987012987012987	0	0	0	0	1	1	0	1	0	0	1	0	0	0	0	1	0	0	0	0	0	0	0	0	0	0	0	0	0	0	0	0	0	1	0	0.0186915887850467	0	0	1	0	0	0	0	0	0.1171875	0	0	0	0	0	0.00909090909090909	0	0	0	1	0	0	0	0.989690721649485	0	0	1	0	0	0	0.980769230769231	1	0	0	1	0	1	0	1	86.87
SRR5354240	1	0	0.936363636363636	1	0	1	0	0	0.752688172043011	0	1	0.993103448275862	0	1	0	0	1	0	0	0	0	1	0	0	0	0	0	0	0	0	0	1	0	0	0	0	0	0	0	0.978021978021978	0	0	0	0	0.989795918367347	0	0	0	0	0	0	0	0	0	0	0	0	0	0	0	1	0	0	0	0.995	0	0.0147058823529412	0.994623655913978	0	0	0	0.995238095238095	1	0	0	1	0	1	0	1	160.34
