cells	chrMT:204:T/C	chrMT:642:T/C	chrMT:674:T/C	chrMT:676:G/A	chrMT:865:A/G	chrMT:1300:A/G	chrMT:1567:A/G	chrMT:1592:T/C	chrMT:1606:G/A	chrMT:1611:G/A	chrMT:1767:G/A	chrMT:1836:A/G	chrMT:1941:G/A	chrMT:2004:G/A	chrMT:2371:T/C	chrMT:2425:A/G	chrMT:2623:A/G	chrMT:2786:T/C	chrMT:3160:A/G	chrMT:3244:G/A	chrMT:3344:T/C	chrMT:3578:T/C	chrMT:3887:A/G	chrMT:4225:A/C	chrMT:4841:G/A	chrMT:4969:G/A	chrMT:5497:T/C	chrMT:5788:T/C	chrMT:5917:G/A	chrMT:5925:T/C	chrMT:6116:A/G	chrMT:6160:T/C	chrMT:6179:G/A	chrMT:6183:T/C	chrMT:6337:T/C	chrMT:6384:G/A	chrMT:6513:G/A	chrMT:6524:T/C	chrMT:7165:T/C	chrMT:7571:A/G	chrMT:8060:G/A	chrMT:8075:G/A	chrMT:8136:T/C	chrMT:8165:G/A	chrMT:9182:G/A	chrMT:9449:C/G	chrMT:9667:A/G	chrMT:10187:T/C	chrMT:10512:T/A	chrMT:10711:T/C	chrMT:10726:G/A	chrMT:10905:T/C	chrMT:10966:T/C	chrMT:10978:A/G	chrMT:11223:T/C	chrMT:11453:G/A	chrMT:11719:G/A	chrMT:12060:A/C	chrMT:12090:T/C	chrMT:12315:G/A	chrMT:12367:A/G	chrMT:12733:A/G	chrMT:13269:A/G	chrMT:13367:G/A	chrMT:13487:C/T	chrMT:13706:T/C	chrMT:13965:T/C	chrMT:14314:A/G	chrMT:14459:G/C	chrMT:14727:T/C	chrMT:14798:T/C	chrMT:14804:G/A	chrMT:15109:T/C	chrMT:15246:G/A	chrMT:15674:T/C	chrMT:15780:A/G	chrMT:15874:A/T	chrMT:16039:G/A	chrMT:16129:G/A	chrMT:16293:A/G	chrMT:16519:T/C	depth
SRR5354721	0	0.0137362637362637	0	0	0.00300525920360631	0	0.0008058017727639	0	0	0	0	0	0	0.000788643533123028	0	0	0.00129198966408269	0	0	0	0	0	0	0	0	0	0	0	0	0.0117647058823529	0	0	0	0	0	0	0	0	0.000847457627118644	0	0	0	0	0	0	0	0	0	0	0	0	0	0	0	0	0	0.989256938227395	0	0	0	0	0	0.00426136363636364	0	0.00582901554404145	0	0	0	0	0	1	0	0	0	0	0	0	0	0.00706713780918728	0	1	1158.17
SRR5354722	0	0.25764192139738	0	0	0.116949152542373	0	0	0	0	0	0	0	0	0	0	0	0	0	0	0	0	0	0	0	0	0.00139470013947001	0	0	0	0.137931034482759	0	0	0	0	0	0	0	0	0	0	0.00562851782363977	0	0	0	0	0	0	0	0	0	0	0	0	0	0	0	0.985446985446986	0	0	0	0	0.0218978102189781	0	0	0.132283464566929	0	0.00188323917137476	0	0	0	1	0	0	0	0	0	0	0	0	0	1	527.53
SRR5354723	0	0.0271739130434783	0	0	0	0	0	0	0	0	0	0	0	0.00386100386100386	0	0	0	0	0	0	0	0	0	0.0188679245283019	0	0	0	0	0	0	0	0	0	0	0	0	0	0	0	0	0	0	0	0	0	0	0	0	0	0	0	0	0.363636363636364	0	0	0	1	0	0	0	0	0.0102040816326531	0	0	0	0	0	0	0	0	1	0.00578034682080925	0	0	0	0	0	0	0	0	1	198.12
SRR5354724	0.0165289256198347	0	0	0	0.53416149068323	0	0	0	0	0	0	0	0	0	0	0	0.207317073170732	0	0	0	0	0	0	0	0.0136054421768707	0	0	0	0	0.222222222222222	0	0	0	0	0	0	0	0	0.0132450331125828	0	0	0	0	0	0	0	0	0	0	0	0	0	0	0	0.114942528735632	0	0.990384615384615	0	0	0	0	0	0.525714285714286	0	0.550295857988166	0	0	0	0	0	1	0	0	0	0	0	0	0	0	0	1	143.48
SRR5354725	0	0.0136054421768707	0	0	0	0	0	0	0	0	0	0	0	0	0	0	0	0	0	0	0	0	0	0	0	0	0	0	0	0	0	0	0	0	0	0	0	0	0	0	0	0	0	0	0	0	0	0	0	0	0	0	0	0	0	0	1	0.00465116279069767	0	0	0	0	0	0	0	0	0.18232044198895	0	0	0	1	0	0	0	0	0	0	0	0	0.00478468899521531	1	170.62
SRR5354726	0	0.015625	0	0	0	0	0	0	0	0	0	0	0	0	0	0	0	0	0	0	0	0	0.0158730158730159	0	0	0	0	0	0	0	0	0	0	0	0	0	0	0	0	0	0	0	0	0	0	0	0	0	0	0	0	0	0	0	0	0	1	0	0	0	0	0	0	0	0	0	0	0	0	0	0.984126984126984	0	0	0	0	0	0	0	0	0	1	91.43
SRR5354727	0	0	0	0	0.0192307692307692	0.914285714285714	0	0	0	0	0	0	0	0	0	0	0	0	0	0	0	0	0	0	0	0	0	0	0	0	0	0	0	0	0	0	0	0	0	0	0	0	0	0	0	0	0	0	0	0	0	0	0	0	0	0	0.99236641221374	0	0	0	0	0	0	0	0.0148514851485149	0	0	0	0	0	1	0	0	0	0	0	0	0	0	0	1	148.55
SRR5354728	0	0	0	0	0	0	0	0	0	0	0	0	0	0	0	0	0	0	0	0	0	0	0.19375	0	0	0	0	0	0	0	0	0	0	0	0	0	0	0	0	0	0	0	0	0	0	0	0	0	0	0	0	0	0	0	0	0	1	0	0	0	0	0	0	0	0	0	0	0	0	0	1	0	0	0	0.00526315789473684	0	0	0.197802197802198	0	0	1	132.41
SRR5354729	0.00229885057471264	0.113170731707317	0	0	0.0289855072463768	0	0	0	0	0	0	0	0	0	0	0	0	0	0	0	0	0	0	0	0	0	0.00094876660341556	0	0	0.11864406779661	0	0	0	0	0	0	0	0	0	0	0	0	0	0	0	0	0	0	0	0	0	0	0	0	0	0	0.989141164856861	0.00070323488045007	0	0	0	0.0267765190525232	0	0	0.0294351630867144	0	0	0.00163398692810458	0	0	1	0	0	0	0.000699300699300699	0	0	0	0.0228215767634855	0.000851063829787234	0.93298969072165	1046.95
SRR5354730	0	0	0	0	0	0	0	0	0	0	0	0	0	0	0	0	0	0	0	0	0	0	0	0	0	0	0	0	0	0	0	0	0	0	0	0	0	0	0	0	0	0	0	0	0	0	0	0	0	0	0	0	0	0	0	0	1	0	0	0	0	0	0	0	0	0	0	0	0	0	1	0	0	0	0	0	0	0	0	0	1	61.49
SRR5354731	0	0	0	0	0	0	0	0	0	0	0	0	0	0	0	0	0	0	0	0	0	0	0	0	0	0	0	0	0	0	0	0	0	0	0	0	0	0	0	0	0	0	0	0	0	0	0	0	0	0	0	0	0	0	0	0	1	0	0	0	0	0	0	0	0	0	0	0	0	0	1	0	0	0	0	0	0	0	0	0	1	8.65
SRR5354732	0	0	0	0	0	0	0	0	0	0	0	0	0	0.0163934426229508	0	0	0	0.024390243902439	0	0	0	0	0	0	0	0	0	0	0	1	0	0	0	0	0	0	0	0	0	0	0	0	0	0	0	0	0	0.0266666666666667	0	0	0	0	0	0	0	0	1	0	0	0	0	0	0	0	0	0	0	0	0	0	1	0.0172413793103448	0	0	0	0	0	0	0	0	1	61.09
SRR5354733	0	0.166666666666667	0	0	0	0	0	0	0	0	0	0	0	0	0	0	0	0	0	0	0	0	0	0	0	0	0	0	0	0	0	0	0	0	0	0	0	0	0	0	0	0	0	0	0	0	0	0	0	0	0	0	0	0	0	0	1	0	0	0	0	0	0	0	0	0	0	0	0	0	1	0	0	0	0	0	0	0	0	0	1	11.06
SRR5354734	0	0	0	0	0.0165289256198347	0	0	0	0	0	0	0	0	0	0	0	0	0.019047619047619	0	0	0	0	0	0	0	0	0.542056074766355	0	0	0.0666666666666667	0	0	0	0	0	0	0	0	0	0	0	0	0.0125	0	0	0	0	0	0	0	0	0	0	0	0	0	1	0	0	0	0	0	0	0	0.00793650793650794	0	0	0	0	0	1	0	0	0	0	0	0	0	0	0	1	95.2
SRR5354735	0	0	0	0	0.0327868852459016	0	0	0	0	0	0	0	0	0	0	0.00602409638554217	0	0	0	0	0	0	0	0	0	0	0	0	0	0.428571428571429	0	0	0	0	0	0	0	0	0	0	0.00578034682080925	0	0.00584795321637427	0	0	0	0	0	0	0	0	0	0	0	0	0	0.984615384615385	0	0	0	0	0	0	0	0.0697674418604651	0	0	0	0	0	1	0	0	0	0	0	0	0	0.0615384615384615	0.00666666666666667	1	170.55
SRR5354736	0	0	0	0	0	0	0	0	0	0	0	0	0	0	0	0	0	0	0	0	0	0	0	0	0	0	0	0	0	0	0	0	0	0	0	0	0	0	0	0	0	0	0	0	0	0	0	0	0	0	0	0	0	0	0	0	1	0	0	0	0	0	0	0	0	0	0	0	0	0	0	0	0	0	0	0	0	0	0	0	1	4.7
SRR5354737	0	0	0	0	0	0	0	0	0	0	0	0	0	0	0	0	0	0	0	0	0	0	0	0	0	0	0	0	0	0	0	0	0	0	0	0	0	0	0	0	0	0	0	0	0	0	0	0	0	0	0	0	0	0	0	0	1	0	0	0	0	0	0	0	0	0	0	0	0	0	0	0	0	0	0	0	0	0	0	0	1	3.11
SRR5354738	0	0.170616113744076	0	0	0	0	0	0	0.177631578947368	0	0	0	0	0	0	0	0	0.0181159420289855	0	0	0	0	0	0	0	0	0	0	0	0.275	0	0	0	0	0	0	0	0	0	0	0	0	0	0	0	0	0	0.136200716845878	0.107142857142857	0	0	0	0.00769230769230769	0	0	0	0.99	0	0	0	0	0	0	0	0.194444444444444	0	0	0.00416666666666667	0	0	0.995073891625616	0	0	0	0	0	0	0	0.0661157024793388	0	0.990740740740741	250.58
SRR5354739	0	0.0833333333333333	0	0	0	0	0	0	0	0	0	0	0	0	0	0	0	0	0	0	0	0	0	0	0	0	0	0	0	0	0	0	0	0	0	0	0	0	0	0	0	0	0	0	0	0	0	0	0	0	0	0	0	0	0	0	1	0	0	0	0	0	0	0	0	0	0	0	0	0	1	0	0	0	0	0	0	0	0	0	1	22.62
SRR5354740	0	0.533333333333333	0	0	0	0	0	0	0	0	0	0	0	0	0	0	0	0	0	0	0	0	0	0	0	0	0	0	0	0.125	0	0	0	0	0	0	0	0	0	0	0	0	0	0	0	0	0	0	0	0	0	0	0	0	0	0	1	0	0	0	0	0	0	0	0.0384615384615385	0	0	0	0	0	1	0	0	0	0	0	0	0	0	0	1	22.66
SRR5354741	0	0.261904761904762	0	0	0.0701754385964912	0	0	0	0	0	0.112903225806452	0	0	0	0	0	0	0.0175438596491228	0	0	0	0	0	0	0	0	0	0	0	0.0833333333333333	0	0	0	0	0	0	0	0	0	0	0	0	0	0	0	0	0	0	0	0	0	0	0	0	0	0	0.935483870967742	0	0	0	0	0.703703703703704	0	0	0.0483870967741935	0	0	0	0	0	1	0	0	0	0	0	0	0	0	0	1	43.9
SRR5354742	0	0.35042735042735	0	0	0	0	0	0	0	0	0	0	0.00862068965517241	0	0	0	0	0.191011235955056	0	0	0	0	0	0	0	0	0	0	0	0	0	0	0	0	0	0	0	0	0	0	0	0	0	0	0	0	0	0	0	0	0	0	0	0	0	0	0.977272727272727	0	0	0	0	0	0	0	0	0	0	0	0	0	1	0	0	0	0	0	0	0	0	0	0.990196078431373	141.65
SRR5354743	0	0.0277777777777778	0	0	0	0	0	0	0	0	0	0	0.435643564356436	0	0	0	0	0	0	0	0	0	0	0	0	0.134408602150538	0	0	0	0	0	0	0	0	0	0.00546448087431694	0	0	0	0.0142857142857143	0	0	0	0	0	0	0	0	0	0	0	0	0	0	0	0	0.982905982905983	0	0	0	0	0	0	0	0	0	0	0	0	0	1	0	0	0	0	0	0	0	0	0	1	132.82
SRR5354744	0	0.0317460317460317	0	0	0	0	0	0	0	0	0	0	0	0	0	0	0	0	0	0	0	0	0	0	0	0	0	0	0	0	0	0	0	0	0	0	0	0	0	0	0	0	0	0.0153846153846154	0	0	0	0	0	0	0	0	0	0	0	0	1	0	0	0	0	0	0	0	0	0	0	0	0	0	0.974358974358974	0	0	0	0	0	0	0	0	0	1	77.21
SRR5354745	0	0.0230769230769231	0	0.77	0	0	0	0	0	0	0	0	0	0	0	0	0	0	0	0	0	0	0	0	0	0	0	0	0	0	0	0	0	0	0.00995024875621891	0	0	0	0	0	0	0	0	0	0	0	0	0	0	0	0	0	0	0	0	0	1	0	0	0	0	0	0	0	0.0102564102564103	0	0	0	0	0	1	0	0	0	0	0	0	0	0	0.0114285714285714	1	154.24
SRR5354746	0	0.00465116279069767	0	0	0	0	0	0	0	0	0	0	0	0	0	0	0	0	0	0	0	0	0	0	0	0	0	0	0	0	0	0	0	0.00555555555555556	0	0	0	0.0056980056980057	0	0	0.00558659217877095	0	0.00384615384615385	0	0	0	0	0	0	0	0	0	0	0	0	0	0.994117647058824	0	0.264822134387352	0	0	0	0	0	0.00378787878787879	0	0	0	0	0.248618784530387	1	0	0	0	0	0	0	0	0	0.00408163265306122	1	221.39
SRR5354747	0.013745704467354	0.0147651006711409	0	0	0.00119189511323004	0	0	0	0	0	0	0	0	0	0	0.00303030303030303	0.0453629032258065	0	0	0.0104408352668213	0	0	0	0	0	0	0	0	0	0.0422535211267606	0	0	0	0	0.000911577028258888	0	0	0	0	0	0	0	0.00251572327044025	0	0	0	0.00160513643659711	0	0	0	0	0	0	0	0	0	0.989855072463768	0	0	0	0	0.0572687224669604	0.00120772946859903	0	0	0	0	0	0	0.00181818181818182	1	0	0	0	0	0	0	0	0	0.00249687890137328	1	749.32
SRR5354748	0	0.203592814371257	0	0	0	0	0	0	0	0	0	0	0	0	0	0.129411764705882	0	0	0	0	0	0	0.00446428571428571	0	0	0	0	0	0	0	0	0.802083333333333	0	0	0	0.00416666666666667	0	0	0	0	0	0	0	0	0	0	0	0	0	0	0	0	0	0	0	0	1	0	0	0	0	0	0	0	0	0	0	0	0	0	1	0.0150375939849624	0	0	0	0	0	0	0	0	1	172.1
SRR5354749	0	0	0	0	0	0	0	0	0	0	0	0	0	0	0	0	0	0	0	0	0	0	0	0	0	0	0	0	0	0	0	0	0	0	0	0	0	0	0	0	0	0	0	0	0	0	0	0	0	0	0	0	0	0	0	0	1	0	0	0	0	0	0	0	0	0	0	0	0	0	0	0	0	0	0	0	0	0	0	0	1	4.3
SRR5354750	0.00636942675159236	0.0959409594095941	0	0	0	0	0	0	0	0	0	0	0	0	0	0	0	0	0	0	0.226158038147139	0	0	0	0	0	0	0.00418410041841004	0	0	0.00952380952380952	0	0	0.203647416413374	0	0	0	0	0	0	0	0	0	0	0	0	0	0	0	0	0.00225733634311512	0	0	0	0	0	0.996655518394649	0	0	0	0	0	0	0	0	0	0	0	0	0	1	0	0	0	0	0	0	0	0	0.00949367088607595	1	324.41
SRR5354751	0	0	0	0	0	0	0	0	0	0	0	0	0	0	0	0	0	0	0	0	0	0	0	0	0	0	0	0	0	0	0	0	0	0	0	0	0	0	0	0	0	0.0625	0	0	0	0	0	0	0	0	0	0	0	0	0	0	0.925925925925926	0	0	0	0	0	0	0	0	0	0	0	0	0	1	0	0	0	0	0	0	0	0	0	1	22.66
SRR5354752	0	0.00819672131147541	0	0	0	0	0	0	0	0	0	0	0	0	0	0	0	0	0	0	0	0	0	0	0	0	0	0	0	0	0	0.0158730158730159	0	0	0	0	0	0	0	0	0	0	0	0	0	0	0	0	0	0	0	0	0	0	0	0	0.976190476190476	0	0	0	0	0	0	0	0.00595238095238095	0	0	0	0	0	1	0	0	0	0	0	0	0	0	0	1	153.32
SRR5354753	0	0.0344827586206897	0	0	0	0	0	0	0	0	0	0	0	0	0	0	0	0	0	0	0.0158730158730159	0	0	0	0	0	0	0	0	0.333333333333333	0	0	0	0.0384615384615385	0	0	0	0	0	0	0	0	0	0	0	0	0	0	0	0	0	0	0	0	0	0	1	0	0	0	0	0	0	0	0.0416666666666667	0	0	0	0	0	1	0	0	0	0	0	0	0	0	0.15	1	28.21
SRR5354754	0	0.0130718954248366	0	0	0	0	0	0	0	0	0	0	0	0	0	0	0	0	0	0	0	0	0	0	0	0	0	0	0	0	0	0	0	0	0	0	0	0	0	0	0	0	0	0	0	0	0	0	0	0	0	0	0	0	0	0	0.993464052287582	0	0	0	0	0	0	0	0	0	0	0	0	0	1	0	0	0	0	0	0.00564971751412429	0	0	0	1	160.95
SRR5354755	0	0.112033195020747	0	0	0	0	0	0	0	0	0	0	0	0	0	0	0	0	0	0	0	0	0	0	0	0	0	0	0	0.0754716981132075	0.0287081339712919	0	0.00225225225225225	0.00647948164146868	0.00412087912087912	0	0	0	0	0	0	0	0	0	0	0	0	0	0	0	0	0	0	0	0	0	0.988839285714286	0	0	0	0	0	0	0	0	0	0	0	0	0	1	0	0.105666156202144	0	0	0	0	0	0	0	1	479.33
SRR5354756	0	0.0131004366812227	0	0	0	0	0.00485436893203883	0	0	0	0	0	0	0	0	0	0	0	0	0	0.00429184549356223	0	0	0	0	0	0	0	0	0	0.025	0	0	0.00485436893203883	0	0	0	0	0	0	0.00985221674876847	0	0	0	0	0	0	0	0	0	0.00377358490566038	0	0	0	0	0	0.994475138121547	0	0	0	0	0	0	0	0	0	0	0	0	0	1	0	0.012448132780083	0	0	0	0	0	0	0	1	198.54
SRR5354757	0	0	0	0	0	0	0	0	0	0	0	0	0	0.189189189189189	0	0	0	0	0	0	0.019047619047619	0	0	0	0	0	0	0	0	0.0222222222222222	0	0	0	0	0	0	0	0.0151515151515152	0	0	0.4375	0	0	0	0	0	0	0	0	0	0	0	0	0	0	0	1	0	0	0	0	0	0	0	0	0	0	0	0	0	1	0	0	0	0	0	0	0	0	0	1	159.22
SRR5354758	0	0	0	0	0.0113636363636364	0	0	0	0	0	0	0	0	0	0	0	0	0	0	0	0	0	0	0	0	0	0	0	0	0	0	0	0	0	0	0	0	0	0	0	0	0	0	0	0	0	0	0	0	0	0	0	0	0	0	0	0.986486486486487	0	0	0	0	0	0	0	0.010752688172043	0	0	0	0	0	1	0	0	0	0.0087719298245614	0	0	0	0	0	1	81.63
SRR5354759	0	0.6	0	0	0	0	0	0	0	0	0	0	0	0	0	0	0	0	0	0	0	0	0	0	0	0	0	0	0	0.0714285714285714	0	0	0	0	0	0	0	0	0	0	0	0	0	0	0	0	0	0	0	0	0	0	0	0	0	0	1	0	0	0	0	0	0	0	0	0	0	0	0	0	1	0	0	0	0	0	0	0	0	0	1	108.34
SRR5354760	0	0	0	0	0	0	0	0	0	0	0	0	0	0	0	0	0	0	0	0	0	0	0	0	0	0	0	0	0	0	0.0185185185185185	0	0	0.00649350649350649	0	0.00555555555555556	0	0	0	0	0	0	0	0	0	0	0	0	0	0	0	0	0	0	0	0.164102564102564	1	0	0	0	0	0	0	0	0	0	0	0	0	0	1	0	0.0110497237569061	0	0	0	0	0	0	0	1	143.69
SRR5354761	0	0.285714285714286	0	0	0	0	0	0	0	0	0	0	0	0	0	0	0	0	0	0	0	0	0	0	0	0	0	0	0	0	0.333333333333333	0	0	0	0	0	0	0	0	0	0	0	0	0	0	0	0	0	0	0	0	0	0	0	0	0	1	0	0	0	0	0	0	0	0	0	0	0	0	0	1	0	0.19047619047619	0	0	0	0	0	0	0	1	11.76
SRR5354762	0	0.0185185185185185	0	0	0	0	0	0	0	0	0	0	0	0	0	0	0	0	0	0	0	0	0	0	0	0	0	0	0	0	0.0227272727272727	0	0	0	0	0	0	0	0	0	0	0	0	0	0	0	0	0	0	0	0	0	0	0	0	0	1	0	0	0	0	0	0	0	0	0	0.00847457627118644	0	0	0	1	0.0113636363636364	0.0522388059701493	0	0	0	0	0	0	0	1	114.65
SRR5354763	0	0	0	0	0.209677419354839	0	0	0.00398406374501992	0	0	0	0	0	0	0	0	0	0	0	0	0	0	0	0	0	0	0	0	0	0.22	0	0	0	0	0	0	0	0.00201612903225806	0	0	0	0	0.209169054441261	0	0	0	0	0	0	0.00271739130434783	0	0	0	0	0	0	0.99290780141844	0	0	0	0	0	0	0	0.168674698795181	0	0	0	0	0	1	0	0	0	0	0	0	0	0	0	0.990147783251232	321.84
SRR5354764	0	0	0	0	0.037037037037037	0	0	0	0	0	0	0	0	0	0	0	0.00675675675675676	0	0	0	0	0	0	0	0	0	0	0	0	0.0714285714285714	0	0	0	0	0	0	0.112	0.0125786163522013	0	0	0	0	0	0	0	0	0	0	0	0	0	0	0	0	0	0	0.990291262135922	0	0	0	0	0	0.0145985401459854	0	0.0135135135135135	0	0	0	0	0	1	0	0	0	0	0	0	0	0	0	1	109.61
SRR5354765	0	0.00862068965517241	0	0	0.0072992700729927	0	0.282051282051282	0	0	0	0	0	0	0	0	0	0	0	0	0	0	0	0	0	0	0	0	0	0	0	0	0	0	0	0	0	0	0.0154639175257732	0	0	0	0	0	0	0	0	0	0	0	0	0	0.00680272108843537	0	0	0	0	0.990825688073395	0	0	0	0	0	0.0152671755725191	0	0.0372670807453416	0.0149253731343284	0	0	0	0	1	0	0	0	0	0	0	0	0	0	1	126.36
SRR5354766	0	0.00952380952380952	0	0	0	0	0	0	0	0	0	0	0	0	0	0	0	0	0	0	0.00694444444444444	0	0	0	0	0	0	0	0	0	0.0196078431372549	0	0	0	0	0	0	0	0	0	0	0	0	0	0	0	0	0	0	0	0	0	0	0	0	0.020979020979021	1	0	0	0	0	0	0	0	0	0	0	0	0	0	1	0	0.00826446280991736	0	0.0124223602484472	0	0	0	0	0	1	107.55
SRR5354767	0	0.308571428571429	0	0	0	0	0	0	0	0	0	0	0	0	0	0	0	0	0	0.050251256281407	0	0	0	0	0	0	0	0	0	0	0	0	0	0	0	0	0	0	0	0	0	0	0	0	0	0	0	0	0	0	0	0	0	0	0	0.0108695652173913	1	0	0	0	0	0	0	0	0	0	0	0	0	0	1	0	0	0	0	0	0	0	0	0	1	186.79
SRR5354768	0	0	0	0	0	0	0	0	0	0	0	0	0	0	0	0	0.0645161290322581	0	0	0	0	0	0	0	0	0	0	0	0	0.1	0	0	0	0	0	0	0	0	0	0	0	0	0	0	0	0	0	0	0	0	0	0	0	0	0	0.0196078431372549	1	0	0	0	0	0	0	0	0	0	0	0	0	0	1	0	0	0	0	0	0	0	0	0	1	31.4
SRR5354769	0	0.004739336492891	0	0	0.0072463768115942	0	0	0	0	0	0	0	0	0	0	0	0.00687285223367698	0	0	0	0	0	0	0	0	0	0	0.00704225352112676	0	0	0	0	0	0	0	0	0	0	0	0	0	0	0.00380228136882129	0	0	0	0	0	0	0	0	0	0	0	0	0	0.990740740740741	0.003003003003003	0	0	0	0	0	0	0	0	0	0	0	0	1	0	0	0	0	0	0	0	0	0	0.9957805907173	222.91
SRR5354770	0	0.00564971751412429	0	0	0.0390243902439024	0	0	0	0	0	0	0	0	0	0	0	0	0	0	0	0.0104166666666667	0	0.00510204081632653	0	0.0112994350282486	0	0	0.043010752688172	0	0.0571428571428571	0	0	0	0	0	0	0	0.00393700787401575	0	0	0	0	0	0	0	0	0	0.00492610837438424	0	0	0	0	0	0	0	0	1	0	0	0.00558659217877095	0	0	0.0611111111111111	0.300469483568075	0.0875576036866359	0	0	0	0	0	1	0	0	0	0	0	0	0	0	0	1	158.47
SRR5354771	0	0.0970149253731343	0	0	0	0	0	0	0	0	0	0	0	0	0	0	0.00446428571428571	0	0	0	0	0	0	0	0	0	0	0.0394736842105263	0	0.304347826086957	0	0	0	0	0	0	0	0	0	0	0	0	0	0	0	0	0	0	0	0	0	0	0	0	0	0	0.993288590604027	0	0	0.0227272727272727	0	0.00952380952380952	0	0	0	0	0	0	0	0	1	0	0	0	0	0	0	0	0	0	1	157.15
SRR5354772	0	0.004739336492891	0	0	0	0	0	0	0	0	0	0	0	0	0	0	0	0	0	0.00749063670411985	0	0	0	0	0	0	0	0	0	0.113636363636364	0.818181818181818	0	0	0	0	0	0	0	0	0	0	0	0	0	0	0	0	0	0	0	0	0	0	0	0	0	1	0	0	0	0	0	0.10377358490566	0	0.130769230769231	0	0	0	0	0	1	0	0	0	0	0	0	0	0	0	1	232.18
SRR5354773	0	0.243243243243243	0	0	0	0	0	0	0	0	0	0	0	0	0	0	0	0	0	0	0	0.32	0	0	0	0	0	0	0	0	0	0	0	0	0	0	0	0	0.127272727272727	0	0	0	0	0	0	0	0	0	0	0	0	0	0	0	0	0	1	0	0	0	0	0	0	0	0	0	0	0	0	0	1	0	0	0	0	0	0	0	0	0	1	57.49
SRR5354774	0	0	0	0	0	0	0	0	0	0	0	0	0	0	0	0	0	0	0	0	0	0	0	0	0	0	0	0	0	0	0	0	0.56441717791411	0	0	0	0	0.00649350649350649	0	0	0	0	0	0	0	0.6375	0	0	0	0	0	0	0	0	0	0.00628930817610063	1	0	0	0	0	0	0	0	0	0	0	0	0	0	1	0	0	0	0	0	0	0	0	0	1	216.57
SRR5354775	0	0.108474576271186	0	0	0	0.0082815734989648	0	0	0	0	0	0	0	0	0	0.0033003300330033	0	0	0	0	0	0	0	0	0	0	0	0.00467289719626168	0	0.0128205128205128	0	0	0	0	0	0	0	0	0	0	0	0	0	0	0	0	0	0	0	0	0	0	0	0	0	0	0.995689655172414	0	0.00255754475703325	0.00571428571428571	0	0.0514705882352941	0.00518134715025907	0	0.00268817204301075	0	0.00626959247648903	0	0	0	1	0	0	0	0	0	0	0	0	0.178674351585014	1	329.02
SRR5354776	0	0.617647058823529	0	0	0	0	0	0	0	0	0	0	0	0	0	0	0	0	0	0	0	0	0	0	0.0116279069767442	0	0	0.0172413793103448	0	0	0	0	0	0	0	0.0402684563758389	0.024	0	0	0	0	0	0	0	0	0	0	0	0	0	0	0	0	0	0	0	1	0	0	0	0	0	0	0	0.0099009900990099	0	0	0	0	0	1	0	0	0	0	0	0	0	0	0	1	91.13
SRR5354777	0	0.00732600732600733	0	0	0.00311526479750779	0	0	0	0	0	0	0	0	0	0.00316455696202532	0	0	0	0	0.104294478527607	0	0	0	0	0	0	0	0	0	0.0178571428571429	0	0	0	0	0	0.0201005025125628	0	0	0	0	0	0	0	0	0	0	0	0	0	0	0	0	0	0	0	0	0.988929889298893	0	0	0	0.00348432055749129	0	0	0	0	0	0	0	0	0	1	0	0	0	0	0	0	0	0	0	1	288.7
SRR5354778	0	0.0769230769230769	0	0	0	0	0	0	0	0	0	0	0	0	0	0	0	0	0	0	0	0	0	0	0	0.117647058823529	0	0	0	0.428571428571429	0	0	0	0	0	0	0	0	0	0	0	0	0	0	0	0	0	0	0	0	0	0	0	0	0	0	1	0.0952380952380952	0	0	0	0	0	0	0	0	0	0	0	0	1	0	0	0	0	0	0	0	0	0	1	21.85
SRR5354779	0	0.0425531914893617	0	0	0	0	0	0	0	0	0	0	0	0	0	0	0	0	0	0	0	0	0	0	0	0	0	0	0	0	0	0	0	0	0	0	0	0	0	0	0	0	0	0	0	0	0	0	0	0	0	0	0	0	0	0	1	0	0	0	0	0	0	0	0	0	0	0	0	0	1	0	0	0	0	0	0	0	0	0	1	70.09
SRR5354780	0	0.514124293785311	0	0	0	0	0	0	0	0	0	0	0	0	0	0	0	0	0	0	0	0	0	0	0	0	0	0.00900900900900901	0	0	0	0	0	0	0	0	0	0	0	0	0	0	0	0.100529100529101	0	0	0	0	0	0	0	0	0	0	0	0	0.987730061349693	0	0	0	0	0	0	0	0	0	0	0	0	0	1	0	0	0	0	0	0	0	0	0	1	185.15
SRR5354781	0	0	0	0	0	0	0	0	0	0	0	0	0	0	0	0	0.00746268656716418	0	0	0	0	0	0	0	0	0	0	0	0	0	0	0	0	0	0	0.0239043824701195	0	0	0	0	0	0	0	0	0	0	0	0	0	0	0	0	0	0	0	0	1	0	0	0	0	0	0	0	0	0	0	0	0	0	1	0	0	0	0	0	0	0	0	0	1	212.51
SRR5354782	0	0	0	0	0	0	0	0	0	0	0	0	0	0	0	0	0	0	0	0	0	0	0	0	0	0	0	0	0	0	0	0	0	0	0	0	0.00335570469798658	0	0	0	0	0	0	0	0.0043859649122807	0	0	0	0	0	0	0	0	0	0	0	1	0.00306748466257669	0	0	0	0.0423280423280423	0	0	0	0	0	0	0	0	1	0.0045045045045045	0	0	0	0.0029673590504451	0	0	0	0	1	239.45
SRR5354783	0	0	0	0	0.185840707964602	0	0	0	0	0	0	0	0	0	0.00269541778975741	0	0.0317460317460317	0	0	0	0	0	0	0	0	0	0	0	0.0375	0.177215189873418	0	0	0	0	0	0	0	0.100616016427105	0	0	0	0	0	0	0	0	0	0	0	0	0	0	0	0	0	0	0.983498349834984	0.00888888888888889	0	0	0.00272479564032698	0	0.203791469194313	0	0.182464454976303	0	0	0	0	0	1	0	0	0	0	0.00213219616204691	0	0	0	0	0.991452991452991	360.6
SRR5354784	0.130434782608696	0.41044776119403	0	0	0	0	0	0	0	0	0	0	0	0	0	0	0	0	0.00689655172413793	0	0	0	0	0	0	0	0	0	0	0	0	0	0	0	0	0	0	0	0	0	0	0	0	0	0	0	0	0	0	0.0053475935828877	0	0	0	0	0	0	1	0	0	0	0	0	0	0	0	0	0	0	0	0	1	0	0	0	0	0	0	0	0	0	1	146.67
SRR5354785	0	0.0769230769230769	0	0	0	0	0	0	0	0	0	0	0	0	0	0	0	0	0	0	0	0	0	0	0	0	0	0	0	0.04	0	0	0.00833333333333333	0	0	0	0	0	0	0	0	0	0	0	0	0	0	0	0	0	0	0	0	0	0	0	1	0	0	0	0	0	0	0	0.0392156862745098	0	0	0	0	0	1	0	0	0.0104166666666667	0	0	0	0	0	0	1	150.51
SRR5354786	0	0.424920127795527	0	0	0	0	0	0.00387596899224806	0	0	0	0	0	0	0	0	0	0	0	0	0.0781990521327014	0	0	0	0	0.00223214285714286	0	0	0	0	0	0	0	0	0	0.00700934579439252	0	0	0	0	0	0	0	0	0	0	0	0	0	0	0.00228310502283105	0	0	0	0	0	0.996062992125984	0	0	0	0	0	0	0	0	0	0	0.00242718446601942	0	0	1	0	0	0	0	0	0.00292397660818713	0	0	0	1	325.34
SRR5354787	0	0.0283018867924528	0	0	0	0	0	0	0	0	0	0	0	0	0	0	0	0	0	0	0	0	0	0	0	0	0	0	0.032258064516129	0	0	0	0	0	0.626666666666667	0	0	0.00558659217877095	0	0	0	0	0	0	0	0	0	0	0	0	0	0	0	0	0	0	1	0.0208333333333333	0	0	0	0	0	0	0.00689655172413793	0	0	0	0	0	1	0	0	0	0	0	0	0	0.0147058823529412	0	1	114.86
SRR5354788	0	0.0290697674418605	0	0	0.00564971751412429	0	0	0	0	0	0	0	0	0	0	0	0	0	0	0	0	0	0	0	0.285714285714286	0	0	0.7421875	0.032258064516129	0	0	0	0	0	0	0	0	0	0	0	0	0	0	0	0	0	0	0	0	0	0	0	0	0	0	0	1	0.00975609756097561	0	0.145454545454545	0	0	0	0	0	0	0	0	0	0	0.993788819875776	0	0	0	0	0	0	0	0	0	1	159.78
SRR5354789	0	0.0226415094339623	0	0	0	0	0	0	0	0	0	0	0	0	0	0	0	0	0	0	0	0	0.00638977635782748	0	0.0034965034965035	0	0.00617283950617284	0	0	0	0	0	0	0	0	0	0	0	0	0	0	0	0	0	0.144578313253012	0	0	0	0	0	0	0	0	0	0	0	0.9875	0	0	0	0	0	0	0	0.0182926829268293	0	0	0	0	0	1	0	0	0	0	0	0	0	0	0	1	271.7
SRR5354790	0	0.857798165137615	0	0	0.0037593984962406	0	0	0	0	0	0	0	0	0	0	0	0	0	0	0	0	0	0	0.136986301369863	0	0	0	0	0	0	0	0	0	0	0	0	0	0	0	0	0	0	0	0	0	0	0	0	0	0	0	0	0	0	0	0	0.989795918367347	0	0	0	0	0.0157068062827225	0	0	0	0	0	0	0	0	1	0	0	0	0	0	0	0	0.00925925925925926	0	1	228.24
SRR5354791	0	0.00348432055749129	0	0	0	0	0	0	0	0	0	0	0	0	0	0	0	0	0	0	0	0	0.00531914893617021	0	0	0	0.0033112582781457	0	0	0	0	0	0	0	0	0	0	0	0	0	0	0	0	0	0	0	0	0	0	0	0	0	0	0	0	0	0.987654320987654	0	0	0	0	0	0	0	0	0	0	0	0	0	1	0	0	0	0.248502994011976	0	0	0	0	0	1	291.92
SRR5354792	0	0.00854700854700855	0	0	0.214285714285714	0	0	0	0	0	0	0	0	0	0.00636942675159236	0	0	0	0	0	0	0	0	0	0	0	0	0	0	0.28	0	0	0	0	0	0	0	0	0	0	0	0	0	0	0	0	0	0	0	0	0	0	0	0	0	0	0.99009900990099	0	0.00684931506849315	0	0	0.010752688172043	0	0	0.26530612244898	0	0	0	0	0	1	0	0	0	0	0	0	0	0	0	1	123.55
SRR5354793	0.0078740157480315	0.00387596899224806	0	0	0	0	0	0	0	0	0	0	0	0	0.237837837837838	0	0	0	0	0	0	0	0	0	0	0	0	0	0	0	0	0	0	0	0	0.580736543909348	0	0	0	0	0	0	0	0	0	0	0	0	0	0	0	0	0	0.0036101083032491	0	0	0.980842911877395	0	0	0	0.101818181818182	0	0	0	0	0	0	0	0	0	1	0	0	0.110810810810811	0	0	0	0	0	0.0909090909090909	1	284.49
SRR5354794	0	0.135416666666667	0	0	0	0	0	0.105263157894737	0	0	0	0	0	0	0	0	0	0	0	0	0	0	0	0	0	0.0072463768115942	0	0	0	0	0	0	0	0	0	0	0	0	0	0	0	0	0	0	0	0	0	0	0	0	0	0	0	0	0	0	0.990196078431373	0	0	0	0	0	0	0	0.00746268656716418	0	0	0	0	0	1	0	0	0	0	0	0	0	0	0	1	98.28
SRR5354795	0	0	0	0	0	0	0	0	0	0	0	0	0	0	0	0	0	0	0	0	0	0	0	0	0	0.0428954423592493	0	0	0.396825396825397	0	0	0	0	0	0	0	0	0	0	0	0	0	0	0	0	0	0	0	0	0	0	0	0	0	0	0	0.986577181208054	0.13953488372093	0	0	0	0	0	0	0.00278551532033426	0	0	0	0	0	1	0	0	0	0	0.187660668380463	0	0	0	0	1	303.72
SRR5354796	0	0	0	0	0	0	0	0	0	0	0	0	0	0	0	0	0	0	0.287179487179487	0	0	0	0	0	0	0	0	0	0	0	0	0	0	0	0	0	0	0	0	0	0	0	0	0	0	0	0.231292517006803	0	0	0	0	0	0	0	0	0	1	0	0	0	0	0	0	0	0	0	0	0	0	0	1	0	0	0	0.00395256916996047	0	0	0	0	0	1	180.58
SRR5354797	0	0.529411764705882	0	0	0	0	0	0	0	0	0	0	0	0	0	0	0	0	0	0	0	0	0	0	0	0	0	0	0	0.333333333333333	0	0	0	0	0.00854700854700855	0	0	0	0	0	0	0	0	0	0	0	0	0	0	0	0	0	0	0	0	0	0.966666666666667	0	0	0	0	0	0	0	0.19047619047619	0	0	0	0	0	1	0	0	0	0	0	0	0	0	0	1	76.62
SRR5354798	0	0	0	0	0	0	0	0	0	0	0	0	0	0	0	0	0	0	0	0	0	0	0	0	0	0	0	0	0	0	0	0	0	0	0	0	0	0	0	0	0	0	0	0	0	0	0	0	0	0	0	0	0	0	0	0	1	0	0	0	0	0	0	0	0	0	0	0	0	0	1	0	0	0	0	0	0	0	0	0	1	24.06
SRR5354799	0	0.190140845070423	0	0	0	0	0	0	0	0	0	0	0	0	0	0.00404858299595142	0	0	0	0	0	0	0	0	0	0	0	0	0	0.0188679245283019	0	0	0	0	0	0	0	0	0	0	0	0	0	0	0	0	0	0	0	0	0	0	0	0	0	0	0.991967871485944	0	0	0	0	0	0.00290697674418605	0	0.00547945205479452	0	0	0	0	0	1	0	0.00290697674418605	0	0	0	0	0	0	0	1	295.14
SRR5354800	0	0	0	0	0	0	0	0	0	0	0	0	0	0	0	0	0	0	0	0	0	0	0	0	0	0	0	0	0	0	0	0	0	0	0	0	0	0	0	0	0	0	0	0	0	0	0	0	0	0	0	0	0	0	0	0	1	0	0	0	0	0	0.00543478260869565	0	0	0	0	0	0	0	1	0	0	0	0	0	0	0	0	0	1	135.76
SRR5354801	0	0	0	0	0	0	0	0	0	0	0	0	0	0	0	0	0	0	0	0	0	0	0	0	0	0.015625	0	0	0	0.2	0	0	0	0	0	0	0	0	0	0	0	0	0	0	0	0	0	0	0	0	0	0	0	0	0	0	0.974358974358974	0	0	0	0	0	0	0	0.430769230769231	0	0	0	0	0	1	0	0	0	0.0131578947368421	0	0	0	0	0	1	53.55
SRR5354802	0	0.0192307692307692	0	0	0	0	0	0	0	0	0	0	0	0	0	0	0.0136986301369863	0	0	0	0	0	0	0	0	0	0	0	0	0	0	0	0	0	0	0	0	0	0	0	0	0	0	0	0	0	0	0	0	0.80952380952381	0	0	0	0	0	0	1	0	0	0	0	0	0	0	0	0	0	0.802083333333333	0	0	1	0	0.00645161290322581	0	0	0	0	0	0	0	1	105.64
SRR5354803	0	0.306532663316583	0	0	0	0	0	0	0	0	0	0	0	0	0	0	0	0	0	0.00357142857142857	0	0	0	0	0	0	0	0	0	0	0	0	0.00421940928270042	0	0	0	0	0	0	0	0	0	0	0	0	0	0	0	0	0	0.259649122807018	0	0	0	0	0	1	0	0	0	0	0	0	0	0	0	0	0	0.13671875	0	1	0.127962085308057	0	0	0	0	0.317391304347826	0	0	0	1	233.11
SRR5354804	0	0.00952380952380952	0	0	0	0	0	0	0	0	0	0	0	0	0	0	0	0	0	0	0	0	0	0	0	0	0	0	0	0	0	0	0	0	0	0	0	0	0	0	0	0	0	0	0	0	0	0	0	0	0	0	0	0	0	0	0.994594594594595	0	0	0	0	0	0	0	0.00732600732600733	0	0	0	0	0	1	0	0	0	0	0	0	0	0.252336448598131	0	1	227.74
SRR5354805	0	0	0	0	0.015625	0	0	0	0	0	0	0	0	0	0	0	0	0	0	0	0	0	0	0	0	0	0	0	0	0.0285714285714286	0	0	0	0	0	0	0	0	0	0.807228915662651	0	0	0	0	0	0	0	0	0	0	0	0.216981132075472	0	0	0	0	0.991935483870968	0	0	0	0	0	0.00492610837438424	0	0.0212765957446809	0	0	0	0	0	1	0	0	0	0	0	0	0	0	0	1	165.19
SRR5354806	0	0.00396825396825397	0	0	0	0	0	0	0	0	0	0	0	0	0	0	0	0	0	0.00819672131147541	0	0	0	0	0	0	0	0	0	0.357142857142857	0.0344827586206897	0	0	0	0	0	0	0	0	0	0	0	0	0	0	0	0	0	0	0	0	0.00384615384615385	0	0	0	0	0.987903225806452	0	0	0	0	0	0	0	0	0	0	0	0	0	1	0	0	0	0	0	0	0	0	0	1	237
SRR5354807	0	0.0102564102564103	0	0	0.00980392156862745	0	0	0	0	0	0	0	0	0	0	0	0	0	0	0	0	0	0	0	0	0	0	0	0	0	0	0	0	0	0	0	0	0	0	0	0	0	0	0	0	0	0	0	0	0	0	0	0	0	0	0	1	0	0	0	0	0	0.00806451612903226	0	0.0269058295964126	0	0	0	0	0	1	0	0	0	0	0	0	0.00775193798449612	0	0	1	181.36
SRR5354808	0.00714285714285714	0.0955806783144913	0	0.00381679389312977	0.0102996254681648	0	0	0	0	0	0	0	0	0.00102774922918808	0	0.00118906064209275	0.0366886171213547	0	0	0	0	0	0	0	0.00101010101010101	0.00165425971877585	0	0	0.00446428571428571	0.0472103004291846	0	0	0	0	0	0	0	0	0	0	0	0	0	0	0	0	0	0	0	0	0	0	0	0	0	0	0.993961352657005	0	0.00183992640294388	0	0	0.0450121654501217	0	0	0.0166229221347332	0	0	0	0	0	1	0	0.000861326442721792	0	0	0	0	0	0	0	1	913.36
SRR5354809	0	0.0110497237569061	0	0	0.241379310344828	0	0	0	0	0	0	0	0	0	0	0	0	0	0	0	0.003690036900369	0	0	0	0	0	0	0	0	0.0714285714285714	0	0	0	0	0	0	0	0	0	0	0.00632911392405063	0	0	0	0	0	0	0	0	0	0	0	0	0	0	0	1	0	0	0	0	0	0.118226600985222	0	0.0792079207920792	0	0	0	0	0	1	0	0	0	0	0	0	0	0	0	1	186.14
SRR5354810	0.025	0.695652173913043	0	0	0	0	0	0	0	0	0	0	0	0	0	0	0	0	0	0	0.0298507462686567	0	0	0	0	0	0	0	0	0	0	0	0	0	0	0	0	0	0	0	0	0	0	0	0	0	0	0	0	0	0	0	0	0	0	0	1	0	0	0	0	0	0.0144927536231884	0	0	0	0	0	0	0	1	0	0	0	0	0	0	0	0.0384615384615385	0	1	50.83
SRR5354811	0	0.555555555555556	0	0	0.0344827586206897	0	0	0	0	0	0	0.288	0	0	0	0	0	0	0	0	0	0	0	0	0	0	0	0	0	0.032258064516129	0	0	0	0	0	0	0	0	0	0	0	0	0	0	0	0	0	0	0	0	0	0	0	0	0	0	1	0	0	0	0	0.0714285714285714	0.0305343511450382	0	0.0327868852459016	0	0	0	0	0	1	0	0	0	0	0	0	0	0	0	1	112.57
SRR5354812	0.0065359477124183	0.0178571428571429	0	0	0	0	0	0	0	0	0	0	0	0	0	0	0	0	0	0	0	0	0	0	0	0	0	0	0	0	0	0	0	0	0	0	0	0	0	0	0	0	0	0	0	0	0	0	0	0	0	0	0	0	0	0	1	0	0.00248138957816377	0	0	0	0	0	0	0	0	0	0	0	1	0	0	0	0	0	0	0	0.0177777777777778	0	1	338.36
SRR5354813	0	0	0	0	0	0	0	0	0	0	0	0	0	0	0	0	0	0	0	0	0	0	0	0	0	0	0	0	0	0	0	0	0	0	0	0	0	0	0	0	0	0	0	0	0	0	0	0	0	0	0	0	0	0	0	0	0	0	0	0	0	0	0	0	0	0	0	0	0	0	0	0	0	0	0	0	0	0	0	0	0	1.81
SRR5354814	0	0.602150537634409	0	0	0	0	0	0	0	0	0	0	0	0	0	0.00952380952380952	0	0	0	0	0	0	0	0	0	0	0	0	0	0.0384615384615385	0	0	0	0	0	0	0	0	0.0165289256198347	0	0	0	0	0	0	0	0	0	0	0	0	0	0	0	0	0	0.990990990990991	0	0	0	0	0	0	0	0	0	0	0	0	0	1	0	0	0	0	0	0	0	0	0	1	116.24
SRR5354815	0.0507936507936508	0.0420875420875421	0	0.0019723865877712	0.00508259212198221	0	0	0	0	0	0	0	0	0	0	0	0.00359281437125748	0	0	0	0	0	0	0	0	0	0	0	0	0.178571428571429	0	0	0	0	0.00230414746543779	0	0	0	0	0	0	0	0	0	0	0	0	0	0	0	0	0	0	0	0	0	0.996240601503759	0	0	0	0.00171232876712329	0	0	0	0.0395480225988701	0	0	0	0	0	1	0	0	0	0	0	0	0	0	0	1	615.18
SRR5354816	0	0	0.115492957746479	0	0	0	0	0	0	0.157894736842105	0	0	0	0	0	0	0	0	0	0	0	0	0	0	0	0.0393700787401575	0	0	0	0	0	0	0	0	0	0	0	0	0	0	0.00555555555555556	0.170391061452514	0	0	0	0	0	0	0	0	0	0	0	0.11864406779661	0.00187265917602996	0	0.986394557823129	0	0	0	0	0	0	0	0.00217864923747277	0.112299465240642	0	0	0	0	1	0.0026525198938992	0	0	0	0	0	0	0	0	1	371.81
