cells	chrMT:39:C/T	chrMT:263:A/G	chrMT:664:G/C	chrMT:1339:G/C	chrMT:2698:G/A	chrMT:3002:G/A	chrMT:3095:G/A	chrMT:3193:T/C	chrMT:3308:T/C	chrMT:3316:G/C	chrMT:3796:A/G	chrMT:4082:T/C	chrMT:4769:A/G	chrMT:5186:A/G	chrMT:7055:A/G	chrMT:8090:G/A	chrMT:8860:A/G	chrMT:10068:G/A	chrMT:10387:G/A	chrMT:10851:G/A	chrMT:11204:T/C	chrMT:11843:G/A	chrMT:11904:T/C	chrMT:12008:G/A	chrMT:13255:T/C	chrMT:13267:G/A	chrMT:13444:T/C	chrMT:13543:T/C	chrMT:13579:G/A	chrMT:14259:G/A	chrMT:14453:G/A	chrMT:14641:A/G	chrMT:14838:G/A	chrMT:14872:C/T	chrMT:14900:G/A	chrMT:14996:G/A	chrMT:15168:G/A	chrMT:15200:G/A	chrMT:15203:A/G	chrMT:15566:T/C	chrMT:15724:A/C	depth
SRR5354625	0	1	0	0	0	0	0	0	0	0	0	0	1	0	0	0	1	0	0	0	0	0	0	0	0	0	0	0.107296137339056	0	0	0	0	0	0.994949494949495	0	0	0	0	0	0	0	200.7
SRR5354626	0	1	0	0	0	0	0	0	0	0	0	0	1	0	0	0	1	0	0	0	0	0	0	0	0	0	0	0	0	0	0	0	0	1	0	0.189189189189189	0	0	0	0	0	44.21
SRR5354627	0	1	0	0	0	0	0	0	0	0	0	0	1	0	0	0	1	0	0	0	0	0	0	0	0	0	0	0	0	0	0	0	0	1	0	0	0	0	0	0	0	48.79
SRR5354628	0	1	0	0	0	0	0	0	0	0	0	0	1	0	0	0	1	0.00684931506849315	0	0	0	0	0	0	0	0	0	0	0	0	0.00520833333333333	0	0	0.994974874371859	0	0	0	0	0	0	0	194.23
SRR5354629	0	1	0	0	0	0	0	0	0	0	0	0	0.933333333333333	0	0	0	1	0	0	0	0	0	0	0	0.484848484848485	0	0	0	0	0	0	0	0	1	0	0	0	0	0	0	0	101.48
SRR5354630	0	1	0	0	0	0	0	0	0	0.0078740157480315	0	0	1	0	0	0	1	0	0	0	0	0	0	0	0.00515463917525773	0	0	0	0	0	0	0	0	1	0	0	0	0	0	0	0	143.69
SRR5354631	0	1	0	0	0	0	0	0	0	0	0	0	1	0	0	0	0.928571428571429	0	0	0	0	0	0	0	0	0	0	0	0	0	0	0	0	1	0	0	0	0	0	0	0	94.44
SRR5354632	0	0	0	0	0	0	0	0	0	0	0	0	1	0	0	0	0	0	0	0	0	0	0	0	0	0	0	0	0	0	0	0	0	0	0	0	0	0	0	0	0	1.71
SRR5354633	0	0	0	0	0	0	0	0	0	0	0	0	0	0	0	0	0	0	0	0	0	0	0	0	0	0	0	0	0	0	0	0	0	0	0	0	0	0	0	0	0	1.03
SRR5354634	0	1	0	0	0	0	0	0	0	0	0	0	1	0.00917431192660551	0	0	1	0	0	0	0	0	0	0	0	0	0	0	0	0	0	0	0	1	0	0	0	0	0	0	0	147.57
SRR5354635	0	1	0	0	0	0	0	0	0	0	0	0	1	0	0	0	1	0	0	0	0	0	0	0	0	0	0	0	0	0	0	0	0	1	0	0	0	0	0	0	0	4.93
SRR5354636	0	1	0	0	0	0	0	0	0	0	0	0	1	0	0	0.22	0.857142857142857	0	0	0	0	0	0	0	0	0	0	0	0	0	0	0	0	1	0.162162162162162	0	0	0	0	0	0	52.98
SRR5354637	0	1	0	0	0	0	0	0	0	0	0	0	1	0	0	0	1	0	0	0	0	0	0	0	0	0	0	0	0	0	0	0	0	1	0	0	0	0	0	0	0	127.32
SRR5354638	0	1	0	0	0	0	0	0	0	0	0	0	1	0	0	0	1	0	0	0	0	0	0	0	0	0	0	0	0	0	0	0.0178571428571429	0	1	0	0	0	0	0	0	0	80.22
SRR5354639	0	0	0	0	0	0	0	0	0	0	0	0	0	0	0	0	0	0	0	0	0	0	0	0	0	0	0	0	0	0	0	0	0	0	0	0	0	0	0	0	0	1.53
SRR5354640	0	0	0	0	0	0	0	0	0	0	0	0	1	0	0	0	0	0	0	0	0	0	0	0	0	0	0	0	0	0	0	0	0	1	0	0	0	0	0	0	0	2.71
SRR5354641	0	1	0	0	0	0	0	0	0	0	0	0	1	0	0	0	1	0	0	0.68	0	0	0	0	0	0	0	0	0	0	0	0	0	1	0	0	0	0	0	0	0	28.63
SRR5354642	0	1	0	0	0	0	0	0	0	0	0	0	1	0	0	0	1	0	0	0	0	0	0	0	0	0	0	0	0	0	0	0.152173913043478	0	1	0	0	0	0	0	0	0	84.7
SRR5354643	0	1	0	0	0	0	0	0	0	0	0	0	1	0	0	0	0	0	0	0	0	0	0	0	0	0	0	0	0	0	0	0	0	1	0	0	0	0	0	0	0	16.08
SRR5354644	0	1	0	0	0	0	0	0	0	0	0	0	1	0	0	0	1	0	0	0	0	0	0	0	0	0	0	0	0	0	0	0	0	1	0	0	0	0	0	0.0135135135135135	0	61.8
SRR5354645	0	0	0	0	0	0	0	0	0	0	0	0	0	0	0	0	0	0	0	0	0	0	0	0	0	0	0	0	0	0	0	0	0	1	0	0	0	0	0	0	0	1.23
SRR5354646	0	1	0	0	0	0	0	0	0	0	0	0	1	0	0	0	1	0	0	0	0	0	0	0	0	0	0	0	0.00833333333333333	0	0	0	0	1	0	0	0	0	0	0	0	125.21
SRR5354647	0	1	0	0.643410852713178	0	0	0	0	0	0	0	0	1	0	0	0	1	0	0	0	0	0	0	0	0	0	0	0	0	0	0	0	0	0.990566037735849	0	0	0	0	0	0	0	116.36
SRR5354648	0.14	1	0	0	0	0	0	0	0	0	0	0.0149253731343284	1	0	0	0	1	0	0	0	0	0	0	0	0	0	0	0	0	0	0	0	0	0.983333333333333	0	0	0	0	0	0	0	84.75
SRR5354649	0	1	0	0.666666666666667	0	0	0	0	0	0	0	0.5	1	0	0	0	0	0	0	0	0	0	0	0	0	0	0	0	0	0	0	0	0	0.8	0	0	0	0	0	0	0	3.58
SRR5354650	0	1	0	0	0	0	0	0	0	0	0	0	0.979591836734694	0	0	0	1	0	0	0	0	0	0.00297619047619048	0	0	0.220472440944882	0	0	0.003690036900369	0	0	0	0	0.996336996336996	0.00393700787401575	0	0	0	0	0	0	212.7
SRR5354651	0	1	0	0	0	0	0	0	0	0	0	0	1	0	0	0	1	0	0.0114942528735632	0	0	0	0	0	0	0	0	0	0	0	0	0	0	1	0	0	0	0	0	0	0	101.87
SRR5354652	0	1	0	0.00662251655629139	0	0	0	0	0	0	0	0	0.956521739130435	0	0	0	1	0	0.453703703703704	0	0	0	0	0	0	0	0	0	0	0	0	0	0	1	0	0	0	0	0	0	0	115.25
SRR5354653	0	1	0	0.555555555555556	0	0	0	0	0	0	0	0	1	0	0	0	1	0	0	0	0	0	0	0	0	0	0	0	0	0	0	0	0	1	0	0	0	0	0	0	0.166666666666667	9.19
SRR5354654	0	1	0	0.0310880829015544	0	0	0	0	0	0	0	0	1	0	0	0	1	0	0.00454545454545455	0	0	0	0	0	0	0	0	0	0	0	0	0	0	0.99492385786802	0	0	0	0	0	0	0	192.37
SRR5354655	0	1	0	0	0	0	0	0	0	0	0	0	1	0	0	0	1	0	0.111111111111111	0	0	0	0	0	0	0	0	0	0	0	0	0	0	1	0	0	0	0	0	0	0	4.62
SRR5354656	0	1	0	0	0	0	0	0	0	0	0	0	1	0	0	0	1	0	0.0114942528735632	0	0	0	0	0	0	0	0	0	0.933333333333333	0	0	0	0	0.990909090909091	0	0	0	0	0	0	0	93.49
SRR5354657	0	1	0	0	0	0	0	0	0	0	0	0	1	0	0	0	1	0	0.00657894736842105	0	0	0	0	0	0	0	0	0	0	0	0	0	0	1	0	0	0.0100502512562814	0	0	0	0	167.94
SRR5354658	0	1	0	0.363636363636364	0	0	0	0	0	0	0	0	1	0	0	0	1	0	0.272727272727273	0	0	0	0	0	0	0	0	0	0	0	0	0	0	1	0	0	0	0	0	0	0	9.98
SRR5354659	0	1	0	0.0714285714285714	0	0	0	0	0	0	0	0	1	0	0	0	0	0	0.428571428571429	0	0	0	0	0	0	0	0	0	0	0	0	0	0	1	0	0	0	0	0	0	0	8.92
SRR5354660	0	1	0	0	0	0	0	0	0	0	0	0	1	0	0	0	1	0	0.120689655172414	0	0.0169491525423729	0	0.313432835820896	0	0	0	0	0	0	0	0	0	0	1	0	0	0	0	0	0	0	45.78
SRR5354661	0	1	0	0	0	0	0	0	0	0	0	0	1	0	0	0	1	0	0	0	0.29	0	0	0	0	0	0	0.00520833333333333	0	0	0	0	0	1	0	0	0	0	0	0	0	157.68
SRR5354662	0	1	0	0	0	0	0	0	0	0	0	0	1	0	0	0	1	0	0	0	0	0	0	0	0	0	0	0	0	0	0	0	0	1	0	0	0	0	0	0	0	4.2
SRR5354663	0	1	0	0	0	0	0	0	0	0	0	0	0.96551724137931	0	0	0	1	0	0.0112359550561798	0	0	0	0	0	0	0	0	0	0	0	0	0	0	1	0	0	0.100840336134454	0	0	0	0	82.59
SRR5354664	0	1	0	0	0	0.106918238993711	0	0	0	0	0	0	0.909090909090909	0	0	0	1	0	0.020979020979021	0	0	0	0	0	0	0	0	0	0	0	0.262626262626263	0	0	1	0	0	0	0	0	0	0	116.25
SRR5354665	0	1	0	0	0	0	0	0	0	0	0	0	1	0	0	0	0	0	0	0	0	0	0	0	0	0	0	0	0	0	0	0	0	1	0	0	0	0	0	0	0	7.54
SRR5354666	0	1	0	0	0	0	0	0	0	0	0	0	1	0	0	0	1	0	0	0	0	0	0	0	0	0	0	0	0	0	0	0	0	1	0	0	0	0	0	0	0	29.93
SRR5354667	0	1	0	0	0	0	0	0	0	0	0	0	1	0	0	0	1	0	0	0	0	0	0	0	0	0	0	0	0	0	0	0	0	1	0	0	0	0	0	0	0	89.37
SRR5354668	0	1	0	0	0	0	0	0	0	0	0	0.0143884892086331	0.961538461538462	0	0	0	1	0	0	0	0	0	0	0	0	0	0	0	0	0.00746268656716418	0	0	0	1	0	0	0	0	0	0	0	126.74
SRR5354669	0	1	0	0	0	0	0	0	0	0	0	0	1	0	0	0	0.947368421052632	0	0	0	0	0	0	0	0	0	0	0	0	0	0	0	0	1	0	0	0	0	0	0	0	191.77
SRR5354670	0	1	0	0	0	0.0512820512820513	0	0	0	0.0227272727272727	0	0	0.846153846153846	0	0	0	1	0	0	0	0	0	0	0	0	0	0	0	0	0	0	0	0	1	0	0	0	0	0	0	0	34.49
SRR5354671	0	1	0	0	0	0.111111111111111	0	0	0	0	0	0	1	0	0	0	0	0	0	0	0	0	0	0	0	0	0	0	0	0	0	0	0	1	0	0	0	0	0	0	0	8.96
SRR5354672	0	1	0	0	0	0.0188679245283019	0	0	0	0	0	0	1	0	0	0	1	0	0	0	0	0	0	0	0	0	0	0	0	0	0	0	0	1	0	0	0	0	0	0	0	41.63
SRR5354673	0	1	0	0	0	0	0	0	0	0	0	0	1	0	0	0	1	0	0	0	0	0	0	0	0	0	0	0	0	0	0	0	0	1	0	0	0.037037037037037	0	0	0	0	31.04
SRR5354674	0	1	0	0	0	0.00869565217391304	0	0.0188679245283019	0	0	0	0	1	0	0	0	0.947368421052632	0	0	0	0	0	0	0	0	0	0	0	0	0	0	0	0	1	0	0	0.00961538461538462	0	0	0	0	91.46
SRR5354675	0	1	0	0	0	0	0	0	0	0	0	0	1	0	0	0	1	0	0	0	0	0	0	0	0	0	0	0	0	0	0	0	0	1	0	0	0.0103092783505155	0	0	0	0	56.48
SRR5354676	0	1	0	0	0	0.00537634408602151	0	0	0	0	0	0	1	0	0	0	1	0	0	0	0	0	0	0	0	0	0.353293413173653	0	0	0	0.0072463768115942	0	0	1	0	0	0	0	0	0	0	143.65
SRR5354677	0	1	0	0	0	0.0260869565217391	0	0	0	0	0	0.021505376344086	0.962962962962963	0	0	0	1	0	0	0	0	0	0	0	0	0	0	0	0	0	0.0125	0	0	1	0	0	0	0	0	0	0	91.1
SRR5354678	0	1	0	0	0	0.0315789473684211	0	0	0	0	0	0	1	0	0	0	1	0	0	0	0	0	0	0	0	0	0	0	0	0	0.0238095238095238	0	0.153061224489796	1	0	0	0	0	0	0	0	90.42
SRR5354679	0	1	0	0	0	0	0	0	0	0	0	0	1	0	0.105263157894737	0	1	0	0	0	0	0	0	0	0	0	0	0	0	0	0.00840336134453781	0	0	1	0	0	0	0.00458715596330275	0	0	0	143.2
SRR5354680	0	1	0	0	0	0	0	0	0	0	0	0	1	0	0	0	0.894736842105263	0	0	0	0	0.00632911392405063	0	0	0	0	0	0	0	0	0	0	0	1	0	0	0	0	0	0	0	137.79
SRR5354681	0	1	0	0	0.116883116883117	0	0	0	0	0.156521739130435	0	0	1	0	0	0	1	0	0	0	0	0	0	0	0	0	0	0	0	0	0	0	0	1	0	0	0	0	0	0	0	108.33
SRR5354682	0	1	0	0	0	0	0	0	0	0	0	0	1	0	0	0	1	0	0	0	0	0	0	0	0	0	0.0909090909090909	0	0	0	0	0	0	0.875	0	0	0	0	0	0	0	7.68
SRR5354683	0	1	0	0	0	0.00552486187845304	0	0	0	0	0	0	1	0	0	0	1	0	0	0	0	0	0	0	0	0	0	0	0.00537634408602151	0	0	0	0	1	0	0	0	0	0	0	0	150.72
SRR5354684	0	1	0	0	0	0	0	0	0	0	0.128571428571429	0	1	0	0	0	1	0.170212765957447	0	0	0	0	0	0	0	0	0	0	0	0	0	0	0	1	0	0	0	0	0	0	0	67.66
SRR5354685	0	1	0	0	0	0	0	0	0	0	0	0	1	0	0	0	1	0	0	0	0	0	0.00769230769230769	0	0	0	0	0	0	0	0	0	0	1	0	0	0	0	0	0	0	182.08
SRR5354686	0	1	0	0	0	0	0	0	0	0	0	0	1	0	0	0	1	0	0	0	0	0	0	0	0	0	0	0	0	0	0	0	0	1	0	0	0	0	0	0	0	74.72
SRR5354687	0	1	0	0	0	0	0	0	0	0	0	0	1	0	0	0	1	0	0	0	0	0	0	0	0	0	0	0	0	0	0	0	0	1	0	0	0	0	0	0	0	23.45
SRR5354688	0	1	0	0	0	0	0	0	0	0	0	0	1	0	0	0	1	0	0	0	0	0	0	0	0	0	0	0	0	0	0	0	0	1	0	0	0	0	0.00925925925925926	0.252173913043478	0	163.21
SRR5354689	0	1	0	0	0.0048780487804878	0	0	0	0	0	0	0.23030303030303	1	0	0	0	1	0	0	0	0	0	0	0	0	0	0	0	0	0	0	0.0121951219512195	0	0.994413407821229	0	0	0	0	0	0	0	165.18
SRR5354690	0	1	0	0	0	0	0	0	0	0	0	0	1	0	0	0	1	0	0	0	0	0	0	0	0	0	0.013986013986014	0	0	0	0	0	0	1	0	0	0	0	0	0	0	147.01
SRR5354691	0	1	0	0	0	0	0	0	0	0	0	0	1	0	0	0	1	0	0	0	0	0	0	0	0	0	0	0	0	0	0	0	0	1	0	0	0	0	0	0	0	11.43
SRR5354692	0	1	0	0	0	0	0	0	0	0	0	0	1	0	0	0	1	0	0	0	0	0	0	0	0	0	0	0	0	0	0	0	0	1	0	0	0	0	0	0	0	20.28
SRR5354693	0	1	0	0	0	0	0	0	0	0.0454545454545455	0	0	1	0	0	0	1	0	0	0	0	0	0	0	0	0	0	0	0	0	0	0	0	0.923076923076923	0	0	0	0	0	0	0	10.89
SRR5354694	0	1	0	0	0	0	0	0	0	0	0	0.0454545454545455	1	0	0	0	1	0	0	0	0	0	0	0	0	0	0.1	0	0	0	0	0	0	1	0	0	0	0	0	0	0	25.97
SRR5354695	0	1	0	0	0	0	0	0	0	0	0	0	1	0	0	0	1	0	0	0	0	0	0	0	0	0	0	0	0	0	0	0	0	1	0	0	0	0	0	0	0	186.19
SRR5354696	0	1	0	0	0	0	0	0	0	0	0	0	1	0	0	0	0.964285714285714	0	0	0	0	0	0	0	0	0	0.00510204081632653	0	0	0	0	0	0	0.99492385786802	0	0	0	0	0	0	0	167.79
SRR5354697	0	1	0	0	0	0	0	0	0	0	0	0	1	0	0	0	1	0	0	0	0	0	0	0	0	0	0	0	0	0	0	0	0	1	0	0	0	0	0	0	0	60.59
SRR5354698	0	1	0.10958904109589	0	0.00689655172413793	0	0	0	0	0	0	0	0.954545454545455	0	0	0	1	0	0	0	0	0	0	0	0	0	0.00869565217391304	0	0	0	0	0	0	1	0	0	0	0	0	0	0	103.52
SRR5354699	0	1	0	0	0	0	0	0	0	0	0	0	1	0	0	0	0.909090909090909	0	0	0.00970873786407767	0	0	0	0	0	0	0	0	0	0	0	0	0	1	0	0	0	0	0	0	0.159420289855072	114.86
SRR5354700	0	1	0	0	0	0	0	0	0	0	0	0	1	0	0	0	1	0	0	0	0	0	0	0	0	0	0.0714285714285714	0	0	0	0	0	0	1	0	0	0	0	0	0	0	18.82
SRR5354701	0	1	0	0	0	0	0	0	0	0	0	0	0.971428571428571	0	0	0	0.961538461538462	0	0	0	0	0	0	0.00512820512820513	0	0	0.0126582278481013	0	0	0	0	0	0	1	0	0	0	0	0	0	0	127.93
SRR5354702	0	1	0	0	0	0	0	0	0	0	0	0.0204081632653061	1	0	0	0	1	0	0	0	0	0	0	0	0	0	0.0303030303030303	0	0	0	0	0	0	1	0	0	0	0.0133333333333333	0	0	0	58.57
SRR5354703	0	1	0	0	0.0123456790123457	0	0	0	0	0	0	0	1	0	0	0	1	0	0	0	0	0	0	0	0	0	0	0	0	0.929824561403509	0	0	0	1	0	0	0	0	0	0	0	61.09
SRR5354704	0	1	0	0	0.0555555555555556	0	0	0	0	0	0	0	1	0	0	0	1	0	0	0	0	0	0	0	0	0	0	0	0	0	0	0	0	1	0	0	0	0	0	0	0	12.36
SRR5354705	0	1	0	0	0	0	0	0	0	0.0333333333333333	0	0	1	0	0	0	1	0	0	0	0	0.153846153846154	0	0	0	0	0	0	0	0	0	0	0	1	0	0	0	0	0.25	0	0	45.07
SRR5354706	0	1	0	0	0	0	0.294573643410853	0	0	0	0	0	1	0	0	0	1	0	0	0	0	0	0	0.00558659217877095	0	0	0	0	0	0	0	0	0	1	0	0	0	0	0	0	0	120.21
SRR5354707	0	1	0	0	0	0	0	0	0	0	0	0	1	0	0	0	1	0	0	0	0	0	0	0	0	0	0	0	0	0	0	0	0	1	0	0	0.00833333333333333	0	0	0	0	78.12
SRR5354708	0	1	0	0	0	0	0	0	0	0	0	0	1	0	0	0	1	0	0	0	0	0	0	0.104166666666667	0.00917431192660551	0	0	0	0	0	0	0	0	1	0	0	0	0	0	0	0	84.58
SRR5354709	0	1	0	0	0.0476190476190476	0	0	0	0	0.0740740740740741	0	0	1	0	0	0	1	0	0	0	0	0	0	0	0	0	0	0	0	0	0	0	0	1	0	0	0	0	0	0	0	28.36
SRR5354710	0	1	0	0	0	0	0	0	0	0	0	0	1	0	0	0	1	0	0	0	0	0	0	0	0	0	0	0	0	0	0	0	0	0.987012987012987	0	0	0	0	0	0	0	146.52
SRR5354711	0	1	0	0	0	0	0	0	0	0.0357142857142857	0	0	1	0	0	0	1	0	0	0	0	0	0	0	0	0	0	0	0	0	0	0	0	1	0	0	0	0	0	0	0	24.25
SRR5354712	0	1	0	0	0	0	0	0	0	0	0	0	1	0.554455445544555	0	0	1	0	0	0	0	0	0	0	0	0	0	0	0	0	0	0	0	1	0	0	0	0.153488372093023	0	0.00413223140495868	0	173.16
SRR5354713	0	1	0	0	0	0	0	0	0.16025641025641	0	0	0	1	0	0	0	1	0	0	0	0	0	0	0	0	0	0	0	0	0	0	0	0	1	0	0	0	0	0	0	0	168.86
SRR5354714	0	1	0	0	0	0	0	0	0	0	0	0.00714285714285714	1	0	0	0	0.971428571428571	0	0	0	0	0	0	0	0	0	0	0	0	0	0	0	0	1	0	0	0	0	0	0	0	148.95
SRR5354715	0	1	0	0	0	0	0	0	0	0	0	0	1	0	0	0	1	0	0	0	0	0	0	0	0	0	0	0	0	0	0	0	0	1	0	0	0	0	0	0	0	17.07
SRR5354716	0	1	0	0	0.0277777777777778	0	0	0	0	0	0	0	1	0	0	0	1	0	0	0	0	0	0	0	0	0	0	0	0	0	0	0	0	1	0	0	0	0	0	0	0	42.52
SRR5354717	0	1	0	0	0	0	0	0.207692307692308	0	0	0	0	1	0	0	0	1	0	0	0	0	0	0	0	0	0	0	0	0	0	0	0	0	0.992125984251969	0	0	0	0	0	0	0	142.35
SRR5354718	0	1	0	0	0	0	0	0	0	0	0	0	0.948717948717949	0	0	0	1	0	0	0	0.0101010101010101	0	0	0	0	0	0	0	0	0	0	0	0	1	0	0	0	0	0	0	0	157.25
SRR5354719	0	1	0	0	0	0	0	0	0	0	0	0.476923076923077	1	0	0	0	1	0.0133333333333333	0	0	0	0	0	0	0	0	0	0	0	0	0	0	0	1	0	0	0	0	0	0	0	80.79
SRR5354720	0	1	0	0	0	0	0	0	0	0	0	0.0227272727272727	1	0	0	0	0.888888888888889	0	0	0	0	0	0	0	0	0	0	0	0	0	0	0	0.0212765957446809	1	0	0	0	0	0	0	0	53.58
