cells	chrMT:227:A/G	chrMT:678:T/C	chrMT:820:G/A	chrMT:831:T/C	chrMT:887:G/A	chrMT:1219:T/G	chrMT:1438:A/G	chrMT:2759:T/C	chrMT:2960:T/C	chrMT:2964:T/C	chrMT:3065:T/C	chrMT:3633:T/C	chrMT:3918:G/A	chrMT:4231:A/G	chrMT:4341:G/A	chrMT:4769:A/G	chrMT:5441:A/G	chrMT:5999:T/C	chrMT:6189:C/T	chrMT:6205:G/A	chrMT:6384:G/A	chrMT:6798:G/A	chrMT:7085:T/C	chrMT:7953:T/C	chrMT:8538:T/C	chrMT:8860:A/G	chrMT:9139:G/A	chrMT:9307:G/A	chrMT:9643:G/A	chrMT:9798:T/C	chrMT:9942:G/A	chrMT:10068:G/A	chrMT:10457:T/C	chrMT:10462:T/C	chrMT:10558:T/C	chrMT:10905:T/C	chrMT:11856:A/G	chrMT:12503:G/A	chrMT:12865:A/G	chrMT:13159:A/G	chrMT:13327:A/G	chrMT:13434:A/G	chrMT:13645:T/C	chrMT:13813:G/A	chrMT:14972:G/A	chrMT:15024:G/A	chrMT:15108:T/C	chrMT:15195:T/C	chrMT:15218:A/G	chrMT:15578:T/C	chrMT:16134:C/T	chrMT:16294:C/T	depth
SRR5354529	0	0	0	0	0	0	1	0	0	0	0.00862068965517241	0	0	1	0	1	0	0.0104166666666667	0	0	0	0	0	0	0	0.931034482758621	0	0	0	0	0	0	0	0	0	0	0	0	0	0	0	0	0	0	0	0	0	0	0	0	0.0266666666666667	0	119.47
SRR5354530	0	0	0	0	0	0	1	0	0	0	0	0	0	1	0	1	0	0.0833333333333333	0	0	0	0	0	0	0	1	0	0.0833333333333333	0	0	0	0	0	0	0	0	0	0	0	0	0	0	0	0	0	0.0714285714285714	0.0714285714285714	0	0	0	0	0	10.92
SRR5354531	0	0	0	0	0	0	1	0.269896193771626	0	0	0	0	0	1	0	1	0	0	0	0	0	0	0	0	0	1	0	0.00254452926208651	0	0	0	0	0	0	0	0	0	0	0	0	0	0	0	0	0	0	0	0	0	0	0.740157480314961	0	258.07
SRR5354532	0	0	0	0	0.0333333333333333	0	1	0	0	0	0	0	0	1	0	0.904761904761905	0	0	0.168141592920354	0	0	0	0	0	0.01	1	0	0	0	0	0	0	0	0	0	0	0	0	0	0	0	0	0	0	0	0.00884955752212389	0	0	0	0	0.0363636363636364	0	106.1
SRR5354533	0	0	0	0	0	0	1	0	0	0	0	0	0	1	0	1	0	0	0.0173410404624277	0	0	0	0	0	0	1	0	0	0	0	0	0	0	0	0.00421940928270042	0.156862745098039	0	0	0	0	0	0	0	0	0	0	0.00480769230769231	0	0	0	0.553191489361702	0	162.16
SRR5354534	0	0	0.0202020202020202	0	0	0	1	0.0114942528735632	0	0	0	0	0.0121951219512195	1	0	1	0	0	0	0	0	0	0	0	0	1	0.338235294117647	0	0	0	0	0	0	0	0	0	0	0	0	0	0.111111111111111	0	0	0	0	0	0.00826446280991736	0	0	0	0.765957446808511	0	71.83
SRR5354535	0	0	0	0	0	0	1	0	0	0	0	0	0	1	0	0.75	0	0	0	0	0	0	0	0	0	1	0	0	0	0	0	0	0	0	0.0103092783505155	0	0	0	0	0	0	0.112903225806452	0	0	0	0	0	0	0	0	0.0277777777777778	0	59.75
SRR5354536	0	0	0	0	0	0	1	0	0	0	0	0	0	1	0	1	0	0	0	0	0	0	0	0	0	1	0	0.02	0	0	0	0	0	0	0	0	0	0	0	0	0	0	0	0	0	0	0	0	0	0	0.2	0	25.68
SRR5354537	0	0	0	0	0	0	1	0	0	0	0	0	0	1	0	1	0	0	0	0	0	0	0	0	0	1	0	0	0	0	0	0	0	0	0	0	0	0	0	0	0	0	0	0	0	0	0	0	0	0	0.507692307692308	0	158.82
SRR5354538	0	0	0	0	0	0	1	0	0	0	0.0238095238095238	0	0	1	0	1	0	0	0	0	0.0392156862745098	0	0	0	0	1	0.4	0.0172413793103448	0	0	0	0	0	0	0.024390243902439	0	0	0	0	0	0.235294117647059	0	0	0	0	0	0	0	0	0	0.958333333333333	0	39.14
SRR5354539	0	0	0.49609375	0	0	0	1	0	0	0	0.0122950819672131	0	0.449664429530201	1	0	1	0.128099173553719	0	0	0	0	0	0	0	0	1	0.0516431924882629	0	0	0	0	0	0	0	0.00324675324675325	0	0	0	0	0	0.0447761194029851	0	0	0	0	0	0	0	0	0	0.617977528089888	0	219.06
SRR5354540	0	0	0.0618556701030928	0	0	0	1	0	0	0	0	0	0.131578947368421	1	0	1	0	0	0	0	0	0	0	0	0	1	0	0	0	0	0	0	0	0	0	0	0	0	0	0	0	0	0	0	0	0	0	0	0	0	0.0298507462686567	0	101.27
SRR5354541	0	0.322033898305085	0	0	0	0	1	0	0	0	0	0	0	1	0	1	0	0	0	0	0	0	0	0	0	1	0	0	0	0	0	0	0	0	0	0	0	0	0	0	0	0.0130718954248366	0	0	0	0	0	0.241379310344828	0	0	0	0	138.39
SRR5354542	0	0	0	0	0	0	1	0	0	0	0	0	0	1	0	1	0	0	0	0	0	0	0	0	0	1	0	0	0	0	0	0	0	0	0	0	0	0	0	0	0	0	0	0	0	0	0.0625	0	0	0	0.04	0	19.56
SRR5354543	0	0	0	0	0	0.3	1	0	0	0	0	0	0	1	0	1	0	0	0	0	0	0	0	0	0	1	0	0	0	0	0	0	0	0	0	0	0	0	0	0	0	0	0	0	0	0	0	0	0	0	0.333333333333333	0	31.46
SRR5354544	0	0	0.0865671641791045	0	0	0	1	0	0	0	0	0	0.13953488372093	1	0	0.955555555555556	0.0167224080267559	0	0	0	0	0	0.269230769230769	0	0	1	0	0.00261096605744125	0	0	0	0	0	0	0.00261780104712042	0	0	0	0	0	0	0	0	0.00444444444444444	0	0	0.00304878048780488	0	0	0	0.164948453608247	0	258.83
SRR5354545	0	0	0.123287671232877	0	0	0	1	0	0	0	0	0	0.200836820083682	1	0	1	0.0248756218905473	0	0	0	0	0	0.0112359550561798	0	0	1	0	0	0	0	0	0	0	0	0	0	0	0	0	0	0	0	0	0	0	0.00452488687782805	0	0	0	0	0.18796992481203	0	186.37
SRR5354546	0	0	0.0192307692307692	0	0	0	1	0	0	0	0	0	0.0144927536231884	1	0	1	0	0	0	0	0	0	0.36	0	0	1	0	0	0	0	0	0	0	0	0	0	0	0	0	0	0	0	0	0	0	0.015625	0	0	0	0	0.391304347826087	0	40.45
SRR5354547	0.10077519379845	0	0.00253164556962025	0	0	0	1	0	0.0050125313283208	0	0	0.025844930417495	0	1	0	0.983050847457627	0	0	0	0	0	0	0	0	0	1	0	0	0	0	0	0	0	0	0	0	0	0	0	0	0	0.00223713646532438	0.00251256281407035	0	0	0	0.00225733634311512	0	0	0	0.484076433121019	0	352.14
SRR5354548	0	0	0	0.764705882352941	0	0	1	0.0204081632653061	0	0	0	0	0	1	0	1	0	0	0	0	0	0	0	0	0	1	0	0	0	0	0	0	0	0	0	0	0	0	0	0	0	0	0.0112359550561798	0	0	0	0	0	0	0	0.176470588235294	0	60.7
SRR5354549	0	0	0	0	0	0	1	0	0	0	0	0	0	1	0	1	0	0	0	0	0	0	0	0	0	1	0	0	0	0	0	0	0	0	0	0	0	0	0	0	0	0	0	0	0	0	0	0	0	0	0	0	45.79
SRR5354550	0	0	0	0	0	0	1	0	0	0	0	0	0	1	0	1	0	0	0	0	0	0	0.378378378378378	0	0	1	0	0	0	0	0	0	0	0	0	0	0	0	0	0	0	0	0	0	0	0.0138888888888889	0	0	0	0	0.277777777777778	0	62.4
SRR5354551	0	0	0	0	0	0	1	0	0	0	0	0	0	1	0	1	0	0	0	0	0	0	0.207547169811321	0	0	0.96551724137931	0	0.0062111801242236	0	0	0	0	0	0	0	0	0	0	0	0	0	0	0	0	0	0	0	0	0	0	0.235955056179775	0	102.3
SRR5354552	0	0	0	0	0	0	1	0	0	0	0	0	0	1	0	0.9375	0	0	0	0	0	0	0	0	0	1	0	0.0165745856353591	0	0	0	0	0	0	0	0	0	0	0	0	0	0	0	0	0	0	0	0	0	0	0.161764705882353	0	86.87
SRR5354553	0.0254237288135593	0	0	0	0.345679012345679	0	1	0	0	0	0	0	0	1	0	1	0	0	0	0	0	0	0	0	0	1	0	0.00847457627118644	0	0	0	0	0	0	0	0	0	0	0	0	0	0	0	0	0	0.00446428571428571	0	0	0	0	0.989130434782609	0	171.52
SRR5354554	0	0	0	0	0	0	1	0	0	0	0	0	0	1	0	1	0	0	0	0	0	0	0	0	0	1	0	0	0	0	0	0	0.157894736842105	0	0	0	0	0	0	0	0	0	0	0	0	0	0	0	0	0	0.957746478873239	0	123.48
SRR5354555	0	0	0	0	0	0	1	0	0	0	0.0208333333333333	0	0	1	0	1	0	0	0	0	0	0	0	0.196428571428571	0	1	0	0	0	0	0	0	0	0	0	0	0	0	0	0	0	0	0	0	0	0	0	0	0	0	0.516129032258065	0	85.51
SRR5354556	0	0	0	0	0.0526315789473684	0	1	0	0	0	0	0	0	1	0	1	0	0	0	0	0	0	0	0	0	1	0	0	0	0	0	0	0	0	0	0	0	0	0	0	0	0	0	0	0	0	0	0	0	0	0.266666666666667	0	22.57
SRR5354557	0	0	0	0	0	0	1	0	0	0	0	0	0	1	0	1	0	0	0	0	0	0	0	0	0	1	0	0	0	0	0	0	0	0	0	0	0	0	0	0	0	0	0	0	0	0	0	0	0	0	0.75	0	58.25
SRR5354558	0	0	0	0	0	0	1	0	0	0	0	0	0	1	0	1	0	0.291866028708134	0	0	0	0	0	0	0	1	0	0	0	0	0	0.0677083333333333	0	0	0	0	0	0	0	0	0	0	0	0	0	0	0	0	0	0	0.241071428571429	0	223.34
SRR5354559	0.117647058823529	0	0	0	0	0	1	0	0.00862068965517241	0	0	0.0105263157894737	0	1	0	0.961538461538462	0	0	0	0	0	0	0	0.025	0	1	0	0	0	0	0	0	0	0	0	0	0	0	0	0	0.00917431192660551	0	0	0	0	0	0.0102040816326531	0	0	0	0.320754716981132	0	86.69
SRR5354560	0.0300751879699248	0	0	0	0	0	1	0	0	0	0	0.00348432055749129	0	1	0	1	0	0	0	0	0	0	0	0.00495049504950495	0	1	0.0053475935828877	0	0	0	0	0	0	0	0	0	0	0	0	0	0	0	0	0	0	0	0	0	0	0	0.846938775510204	0	222.91
SRR5354561	0.0543478260869565	0	0	0	0	0	1	0	0	0	0	0	0	1	0	1	0	0	0	0	0	0	0	0	0	1	0	0	0	0	0	0	0	0	0.00425531914893617	0	0	0.00606060606060606	0	0	0	0	0	0	0	0	0	0	0	0	0.0752688172043011	0	164.96
SRR5354562	0	0	0	0	0	0	1	0	0	0	0	0	0	1	0	1	0	0	0	0	0	0	0	0	0	1	0	0	0	0	0	0	0	0	0	0	0	0	0	0	0	0	0	0	0	0	0	0.03125	0	0	0.235294117647059	0	28.72
SRR5354563	0	0	0	0	0	0	1	0	0	0	0	0	0	1	0	1	0	0.0555555555555556	0	0	0	0	0	0	0	1	0	0.025	0	0	0	0	0	0	0	0	0	0	0	0	0	0	0	0	0	0	0	0	0	0	0.529411764705882	0	24.5
SRR5354564	0	0	0	0	0	0	1	0	0	0	0	0	0	1	0	1	0	0	0	0	0	0	0	0	0	1	0	0.0112359550561798	0	0	0	0	0	0	0	0	0	0	0	0	0	0	0	0	0	0	0	0	0	0	0.344827586206897	0	52
SRR5354565	0	0	0	0	0	0	1	0	0	0	0	0	0	1	0	1	0	0	0	0	0	0	0	0.005	0	1	0	0	0	0	0	0	0	0	0	0	0.00352112676056338	0	0	0	0	0	0	0	0	0	0	0	0	0	0.958333333333333	0	233.28
SRR5354566	0	0	0	0	0	0	1	0	0.0140845070422535	0	0	0	0	1	0	1	0	0	0	0	0	0	0	0.0571428571428571	0	1	0	0	0	0	0	0	0	0	0	0	0	0	0	0	0	0	0	0	0	0	0	0	0	0	0.391304347826087	0	65.86
SRR5354567	0.0481927710843374	0	0	0	0	0	1	0	0.0125	0	0	0	0	1	0	1	0	0	0	0	0	0	0	0.0310077519379845	0	1	0	0	0	0	0	0	0	0	0.00485436893203883	0	0	0	0	0	0	0	0	0	0	0	0.00574712643678161	0	0	0	0.65625	0	141.68
SRR5354568	0	0	0	0	0	0	1	0	0	0	0.0588235294117647	0	0	1	0	1	0	0.027027027027027	0	0	0	0	0	0	0	1	0	0	0	0	0	0.0384615384615385	0	0	0	0	0	0	0	0	0	0	0	0	0	0	0.0277777777777778	0	0	0	0.565217391304348	0	31.72
SRR5354569	0	0	0	0	0	0	1	0	0	0	0	0	0	1	0	1	0	0.0526315789473684	0	0	0	0	0	0	0	1	0	0	0	0	0	0.0363636363636364	0	0	0	0	0	0	0	0	0	0	0.73972602739726	0	0	0	0	0	0	0	0.689655172413793	0	75.91
SRR5354570	0	0	0	0	0	0	1	0	0	0.2	0	0	0	1	0	1	0	0.230769230769231	0	0	0	0	0	0	0	1	0	0	0	0	0	0.210526315789474	0	0	0	0	0	0	0	0	0	0	0	0	0	0	0	0	0	0	0	0	21.53
SRR5354571	0	0	0	0	0	0	1	0	0.0125786163522013	0	0	0	0	1	0	1	0	0	0	0	0	0	0	0	0	0.75	0	0	0	0	0	0	0	0	0.00497512437810945	0	0	0	0	0	0	0	0	0	0	0	0	0	0	0	0.0714285714285714	0	147.34
SRR5354572	0	0	0	0	0	0	1	0	0	0	0	0	0	1	0	1	0	0	0	0	0	0	0	0	0	1	0	0.0196078431372549	0	0	0	0	0	0	0	0	0	0	0	0	0	0	0	0	0	0	0	0	0	0	0.714285714285714	0	26.93
SRR5354573	0	0	0	0	0	0	1	0	0	0	0	0	0	1	0	1	0	0	0	0	0	0	0	0	0	1	0	0	0	0	0	0	0	0	0	0	0	0	0	0	0	0	0	0	0	0	0	0	0	0	1	0	26.47
SRR5354574	0	0	0	0	0	0	1	0	0	0	0	0	0	1	0	1	0	0.136842105263158	0	0	0	0	0	0	0	1	0	0	0	0	0	0.1	0	0	0	0	0	0	0	0	0	0	0	0	0	0.010752688172043	0	0	0	0	0.308823529411765	0	73.27
SRR5354575	0	0	0	0	0	0	1	0	0	0	0	0	0	1	0	1	0	0.0647773279352227	0	0	0	0	0	0	0	1	0	0	0	0	0	0.0364583333333333	0	0	0	0	0	0	0	0	0	0	0	0	0	0	0	0	0	0	0.0512820512820513	0.00709219858156028	220.07
SRR5354576	0	0	0	0	0	0	1	0	0	0	0	0	0	1	0	1	0	0.102941176470588	0	0	0	0	0	0	0	1	0	0	0	0	0	0.0571428571428571	0	0	0	0	0	0	0	0	0	0	0	0	0	0.0169491525423729	0.0142857142857143	0	0	0	0.26	0	53.74
SRR5354577	0	0	0	0	0	0	1	0	0	0	0	0	0	1	0	1	0	0	0	0	0	0	0	0	0	0.941176470588235	0	0.00817438692098093	0	0	0	0	0	0	0	0	0	0.102040816326531	0	0	0	0.00277008310249307	0	0	0	0.00317460317460317	0	0	0	0	0.0670391061452514	0	286.17
SRR5354578	0	0	0	0	0	0	1	0	0	0	0	0	0	1	0	1	0	0	0	0	0	0	0	0	0	1	0	0	0	0	0	0	0	0	0	0	0	0	0	0	0	0	0	0	0	0	0	0	0	0	0.84	0	43.39
SRR5354579	0	0	0	0	0	0	1	0	0.0099009900990099	0	0	0	0	1	0	0.975609756097561	0	0	0	0	0	0	0	0	0	1	0	0	0	0	0.586206896551724	0	0	0	0	0	0	0	0.614785992217899	0	0	0	0	0	0	0	0	0	0	0	0.857142857142857	0	184.65
SRR5354580	0	0	0	0	0	0	1	0	0	0	0	0	0	1	0	1	0	0	0	0	0	0	0	0	0	1	0	0	0	0	0	0	0	0	0	0	0	0	0	0	0	0	0	0	0	0	0	0	0	0	0.117647058823529	0	23.7
SRR5354581	0	0	0	0	0	0	1	0	0	0	0.00884955752212389	0	0	1	0	1	0	0	0	0	0	0	0	0	0	1	0	0	0	0.0113636363636364	0	0	0	0	0	0	0	0	0	0	0	0.00826446280991736	0	0	0	0.0078740157480315	0	0	0	0	0.0285714285714286	0	111.55
SRR5354582	0	0	0	0	0	0	1	0	0	0	0	0	0	1	0	1	0	0.00448430493273543	0	0	0	0	0	0	0	1	0	0	0	0	0	0	0	0	0	0	0	0	0	0	0	0	0	0	0	0	0	0	0	0	0.0629370629370629	0	226.78
SRR5354583	0	0	0	0	0	0	1	0	0.00840336134453781	0	0	0	0	1	0	1	0	0	0	0	0	0.122448979591837	0	0	0	1	0	0	0	0	0	0	0	0.101382488479263	0.00632911392405063	0	0	0	0	0	0	0	0	0	0	0	0	0	0	0	0.991304347826087	0	231.98
SRR5354584	0	0	0	0	0	0	1	0	0.01875	0	0	0	0	1	0	1	0	0	0	0	0	0	0	0	0	1	0	0	0	0	0	0	0	0	0	0	0	0	0	0	0	0	0	0	0	0	0	0	0	0	0.153846153846154	0	132.71
SRR5354585	0	0	0	0	0	0	1	0	0.144927536231884	0	0	0	0	1	0	1	0	0	0	0	0	0	0	0	0	1	0	0	0	0	0	0	0	0	0	0	0	0	0	0	0	0	0	0	0	0	0.0147058823529412	0	0	0	0.368421052631579	0	55.65
SRR5354586	0	0	0	0	0	0	1	0	0	0	0.00392156862745098	0	0	1	0	1	0	0	0	0	0	0	0	0	0.128888888888889	1	0	0	0	0	0	0	0	0	0	0	0	0	0	0	0	0	0	0	0	0	0.0033003300330033	0	0	0	0.482142857142857	0	232.14
SRR5354587	0.00714285714285714	0	0	0	0	0	1	0	0	0	0.00248138957816377	0	0	1	0	1	0	0	0	0	0	0	0	0	0	1	0	0	0	0	0	0.00392156862745098	0	0	0	0	0	0	0	0	0	0	0	0	0	0	0	0	0	0	0.439189189189189	0	354.54
SRR5354588	0	0	0	0	0	0	1	0	0	0	0	0	0	1	0	1	0	0	0	0	0	0	0	0	0	1	0	0	0	0	0	0	0	0	0	0	0	0	0	0	0	0	0	0.163934426229508	0	0	0.0133333333333333	0	0	0	0.344827586206897	0	83.61
SRR5354589	0	0	0	0	0	0	1	0	0.0317460317460317	0	0	0	0	1	0	1	0	0	0	0	0	0	0	0	0	1	0	0	0	0.4	0	0	0	0	0	0	0	0	0	0	0	0	0	0	0	0	0	0	0	0	0.727272727272727	0	60.73
SRR5354590	0	0	0	0	0	0	1	0	0	0	0	0	0	1	0	1	0	0	0	0	0	0	0	0	0	1	0	0	0	0	0	0	0	0	0	0	0.415094339622642	0	0	0	0	0	0	0	0.512605042016807	0	0	0	0	0	0	0	93.52
SRR5354591	0	0	0	0	0	0	1	0	0	0	0	0	0	1	0	1	0	0	0	0	0	0	0	0	0	1	0	0.0120481927710843	0	0	0	0	0	0	0	0	0	0	0	0	0	0	0	0	0	0	0	0	0	0	0.0166666666666667	0	222.14
SRR5354592	0	0	0	0	0	0	1	0	0	0	0	0	0	1	0	1	0	0	0	0	0	0	0	0	0	1	0	0	0	0	0	0	0	0	0	0	0	0	0	0	0	0	0	0	0	0	0.111111111111111	0	0	0	0.153846153846154	0	28.79
SRR5354593	0	0	0	0	0	0	1	0	0	0	0	0.00520833333333333	0	1	0.150943396226415	1	0	0	0	0	0	0	0	0	0	1	0	0	0	0	0	0	0	0	0.00440528634361234	0	0	0	0	0	0	0	0	0	0	0	0	0	0	0	0.671232876712329	0	155.62
SRR5354594	0	0	0	0	0	0	1	0	0	0	0	0	0	1	0	1	0	0	0	0	0	0	0	0	0	1	0	0	0	0	0	0	0	0	0.025	0	0	0	0	0	0	0	0	0	0	0	0.027027027027027	0	0	0	0.703703703703704	0	31.43
SRR5354595	0	0	0	0	0	0	1	0	0	0	0	0	0	1	0	1	0	0	0	0	0	0	0	0.010989010989011	0	1	0	0	0	0	0	0	0	0	0	0	0	0	0	0	0	0	0	0	0	0	0	0	0	0	0.239130434782609	0	109.49
SRR5354596	0	0	0	0	0	0	1	0	0	0	0	0	0	1	0	0.964285714285714	0	0	0	0	0	0	0	0	0	0.826086956521739	0	0	0	0.00480769230769231	0	0	0	0	0	0	0	0	0	0	0	0	0	0	0	0	0.013986013986014	0	0	0	0.301075268817204	0	194.97
SRR5354597	0	0	0	0	0	0	1	0	0	0	0	0.39344262295082	0	1	0	1	0	0	0	0	0	0	0	0	0	1	0	0	0	0.0118343195266272	0	0	0	0	0	0	0	0	0	0	0	0	0	0	0	0.00523560209424084	0	0	0	0	0.0285714285714286	0	163.6
SRR5354598	0	0	0	0	0	0	1	0	0	0	0	0	0	1	0	1	0	0	0	0	0	0	0	0	0	1	0	0	0.261904761904762	0	0	0	0	0	0.012987012987013	0	0	0	0	0	0	0	0	0	0	0.216666666666667	0	0	0	0	0.3	0	56.68
SRR5354599	0	0	0	0	0	0	1	0	0	0	0.00431034482758621	0	0	1	0	1	0	0	0	0	0	0	0	0	0	1	0	0	0	0	0	0	0	0	0	0	0	0	0	0	0	0	0	0.00581395348837209	0	0	0	0	0	0	0.701298701298701	0	196.27
SRR5354600	0	0	0	0	0	0	1	0	0	0	0	0	0	1	0	1	0	0	0	0	0	0	0	0	0	1	0	0	0	0	0	0	0	0	0	0	0	0	0	0	0	0	0	0	0	0.0454545454545455	0.0869565217391304	0	0	0	0.1	0	18.03
SRR5354601	0	0	0	0	0	0	1	0	0	0	0.00413223140495868	0	0	1	0	0.962962962962963	0	0	0	0	0	0	0	0	0	1	0	0	0	0.00480769230769231	0	0	0	0.00909090909090909	0	0	0	0.00460829493087558	0	0	0	0	0	0	0	0	0.00390625	0	0	0	0.0315789473684211	0	197.26
SRR5354602	0	0	0	0	0	0	1	0	0	0	0	0	0	1	0	1	0	0	0	0	0.107142857142857	0	0	0	0	1	0	0	0	0.021505376344086	0	0	0	0	0	0	0	0	0	0	0	0	0	0	0	0.00934579439252336	0	0	0	0	0.590909090909091	0	81.8
SRR5354603	0	0.00543478260869565	0	0	0	0	1	0	0	0	0	0	0	1	0	1	0	0.00641025641025641	0	0.556053811659193	0	0	0	0	0	0.928571428571429	0	0	0	0.00961538461538462	0	0	0	0	0	0	0	0	0	0.0040650406504065	0	0	0	0	0	0	0.00390625	0	0	0	0.0618556701030928	0	184.44
SRR5354604	0	0	0	0	0	0	1	0	0	0	0	0	0	1	0	1	0	0	0	0	0	0	0	0	0	1	0	0	0	0	0	0.0149253731343284	0	0	0	0	0	0	0	0	0	0	0	0	0	0	0	0	0	0	0.482758620689655	0	95.07
SRR5354605	0	0	0	0	0	0	1	0	0	0	0	0	0	1	0	1	0	0	0	0	0	0	0	0	0	1	0	0	0	0	0	0	0	0	0	0	0	0	0	0	0	0	0	0	0	0	0.0921985815602837	0	0	0	0.777777777777778	0	101.12
SRR5354606	0	0	0	0	0	0	1	0	0	0	0	0	0	1	0	1	0	0	0	0.04	0	0	0	0	0	1	0	0	0	0	0	0	0	0	0.032258064516129	0	0	0	0	0	0	0	0	0	0	0	0	0	0	0	0.125	0	19.71
SRR5354607	0	0	0	0	0	0	1	0	0	0	0	0	0	1	0	1	0	0	0	0	0	0	0	0	0	1	0	0	0	0.0689655172413793	0	0	0	0	0	0	0	0	0	0	0	0	0	0	0	0.0166666666666667	0	0	0	0	0.0714285714285714	0	36.34
SRR5354608	0	0	0	0	0	0	1	0	0	0	0	0	0	0	0	1	0	0	0	0	0	0.0909090909090909	0	0	0	1	0	0	0	0.172413793103448	0	0	0	0	0	0	0	0	0	0	0	0	0	0	0	0.0196078431372549	0	0	0	0	0.583333333333333	0	30.68
SRR5354609	0	0	0	0	0	0	1	0	0	0	0	0	0	1	0	1	0	0	0	0	0	0	0	0	0	1	0	0	0	0.0324675324675325	0	0	0	0	0	0	0	0	0	0	0	0	0	0	0	0	0	0	0	0	0.0779220779220779	0	139.44
SRR5354610	0	0	0	0	0	0	1	0	0	0	0	0	0	1	0	0.954545454545455	0	0	0	0	0	0	0	0	0	1	0	0	0	0	0	0	0	0	0	0	0	0.0112359550561798	0	0	0	0	0	0.0392156862745098	0	0	0.00943396226415094	0	0	0	0.105263157894737	0	84.92
SRR5354611	0	0	0	0	0	0	1	0	0	0	0.104265402843602	0	0	1	0	1	0	0	0	0	0	0	0	0	0	1	0	0	0	0	0	0	0	0	0	0	0	0.00434782608695652	0	0	0	0	0	0.00543478260869565	0	0	0.004149377593361	0	0	0	0.0294117647058824	0	185.31
SRR5354612	0	0	0	0	0	0	1	0	0	0	0	0	0	1	0	1	0	0	0	0	0	0	0	0	0	1	0	0	0	0	0	0	0	0	0	0	0	0	0	0	0	0	0	0.00869565217391304	0	0	0	0	0	0	0.0285714285714286	0	169.2
SRR5354613	0	0	0	0	0	0	1	0	0	0	0	0	0	1	0	1	0	0	0	0	0	0	0	0	0	1	0	0	0	0.0120481927710843	0	0	0	0	0	0	0	0	0	0	0	0	0	0	0	0	0	0	0	0	0.661290322580645	0	148.77
SRR5354614	0	0	0	0	0	0	1	0	0	0	0	0	0	1	0	1	0	0	0	0	0	0	0	0	0	1	0	0.560669456066946	0	0.046875	0	0	0	0	0	0	0	0	0	0	0	0	0	0	0	0	0	0	0	0	0.535211267605634	0	139.52
SRR5354615	0	0	0	0	0	0	1	0	0	0	0	0	0	1	0	1	0	0	0	0	0	0	0	0	0	1	0	0.00636942675159236	0	0.256756756756757	0	0	0	0	0	0	0	0	0	0	0	0	0	0	0	0.00869565217391304	0	0	0	0.147286821705426	0.166666666666667	0	96.64
SRR5354616	0	0	0	0	0	0	1	0	0	0	0	0	0	1	0	1	0	0	0	0	0	0	0	0	0	1	0	0	0	0	0	0	0	0	0.606666666666667	0	0	0	0	0	0	0	0	0.0128205128205128	0	0.00628930817610063	0	0	0	0	0.787234042553192	0	123.41
SRR5354617	0	0	0	0	0	0	1	0	0	0	0	0	0	1	0	1	0	0	0	0	0	0	0	0	0	1	0	0	0	0	0	0	0	0	0	0	0	0	0	0	0	0	0	0.03125	0	0	0	0	0	0	0.3	0	63.65
SRR5354618	0	0	0	0	0	0	1	0	0	0	0	0	0	1	0	1	0	0	0	0	0	0	0	0	0	1	0	0	0	0	0	0	0	0	0	0	0	0	0	0	0	0	0	0.0434782608695652	0	0	0	0	0	0	0.272727272727273	0	65.46
SRR5354619	0	0	0	0	0	0	1	0	0	0	0	0	0	1	0	1	0	0	0	0	0	0	0	0	0.00847457627118644	1	0	0.004	0	0.0578512396694215	0	0	0	0	0	0	0	0	0	0	0	0	0	0	0	0	0	0	0	0	0.945205479452055	0	192.61
SRR5354620	0	0	0	0	0	0	1	0	0	0	0	0.00266666666666667	0	1	0	0.969387755102041	0	0	0	0	0	0	0	0	0	1	0	0.00114155251141553	0	0.0266903914590747	0	0	0	0	0.00130378096479791	0	0	0	0	0.0015527950310559	0	0	0	0	0	0	0	0	0	0	0.511450381679389	0.0065252854812398	526.94
SRR5354621	0	0	0	0	0	0	1	0	0	0	0	0	0	1	0	1	0	0	0	0	0	0	0	0	0	1	0	0.018348623853211	0	0.0891089108910891	0	0	0	0	0	0	0	0	0	0	0	0	0	0	0	0	0	0	0	0	0.5625	0	77.2
SRR5354622	0	0	0	0	0	0	1	0	0	0	0	0	0	1	0	1	0	0	0	0	0	0	0	0	0	0.96	0	0	0	0	0	0	0	0	0	0	0	0	0	0	0	0.00338983050847458	0	0	0	0.00294985250737463	0.00589970501474926	0	0	0	0.473282442748092	0	262.05
SRR5354623	0	0	0	0	0	0	1	0	0	0	0	0.00680272108843537	0	1	0	0.918918918918919	0	0	0	0	0	0	0	0	0	0.904761904761905	0	0	0	0	0	0	0	0	0	0	0	0	0	0.238493723849372	0	0	0	0	0	0.00427350427350427	0.00392156862745098	0	0.213973799126638	0	0.952941176470588	0	194.49
SRR5354624	0	0	0	0	0	0	1	0	0	0	0	0	0	1	0	1	0	0	0	0	0	0	0	0	0	1	0	0	0	0	0	0	0	0	0	0	0	0.00671140939597315	0	0	0	0	0	0	0	0.00671140939597315	0	0	0	0	0.955555555555556	0.5	119.73
