cells	chrMT:103:G/A	chrMT:183:A/G	chrMT:227:A/G	chrMT:489:T/C	chrMT:1412:G/A	chrMT:1888:G/A	chrMT:2002:G/A	chrMT:2260:A/G	chrMT:2542:G/A	chrMT:3002:G/A	chrMT:3186:T/C	chrMT:3242:G/A	chrMT:4509:T/C	chrMT:4769:A/G	chrMT:5400:G/A	chrMT:6627:G/C	chrMT:7258:T/C	chrMT:7640:G/A	chrMT:7897:G/A	chrMT:8860:A/G	chrMT:9209:G/A	chrMT:9457:T/C	chrMT:9474:G/A	chrMT:9984:G/A	chrMT:10245:T/C	chrMT:10290:G/A	chrMT:10492:T/C	chrMT:10569:G/A	chrMT:10675:G/A	chrMT:10690:G/A	chrMT:11166:G/A	chrMT:11693:G/A	chrMT:11700:T/C	chrMT:11814:T/C	chrMT:12508:G/A	chrMT:12592:T/C	chrMT:12811:T/C	chrMT:13635:T/C	chrMT:13717:A/G	chrMT:14185:A/C	chrMT:14259:G/A	chrMT:14641:A/G	chrMT:14721:G/A	chrMT:14831:G/A	chrMT:15028:C/T	chrMT:15431:G/C	chrMT:15615:G/A	chrMT:15758:A/G	chrMT:15874:A/G	chrMT:16050:T/G	chrMT:16086:T/C	chrMT:16129:G/A	chrMT:16172:T/C	chrMT:16258:A/G	chrMT:16274:G/A	depth
SRR5354433	0	0	0	0	0	0	0	0	0	0	0	0	0	16	0	0	0	0	0	5	0	21	0	0	0	0	0	0	0	0	0	0	0	0	0	0	0	0	0	0	0	0	0	0	0	0	0	0	0	0	0	0	0	0	0	91.1
SRR5354434	0	0	0	0	0	0	0	0	0	0	0	0	0	29	2	0	0	0	2	7	0	0	0	0	0	0	0	0	0	0	0	0	0	0	0	0	0	0	0	0	0	0	0	0	0	0	0	0	0	0	0	0	0	0	0	172.06
SRR5354435	0	0	0	0	0	0	0	0	0	0	0	0	0	10	0	0	0	0	0	0	0	0	0	0	0	0	0	0	0	0	0	0	0	0	0	0	0	0	0	0	0	0	0	0	0	0	0	0	0	0	0	0	0	0	0	64.19
SRR5354436	0	0	0	0	0	0	0	0	0	0	0	0	0	34	0	0	0	0	0	9	0	0	0	0	0	0	0	0	0	0	0	0	0	0	0	0	0	0	0	0	0	0	0	0	0	0	0	0	0	0	0	0	0	0	0	146.12
SRR5354437	0	0	0	0	0	0	0	0	0	0	0	0	0	0	0	0	0	0	0	0	0	0	0	0	0	0	0	0	0	0	0	0	0	0	0	0	0	0	0	0	0	0	0	0	0	0	0	0	0	0	0	0	0	0	0	6.45
SRR5354438	0	0	0	0	0	0	0	0	0	0	0	0	0	0	0	0	0	0	0	0	0	0	0	0	0	0	0	0	0	0	0	0	0	0	0	0	0	0	0	0	0	0	0	0	0	0	0	0	0	0	0	0	0	0	0	4.22
SRR5354439	0	0	0	0	0	0	0	0	0	0	0	0	0	1	0	0	0	0	0	2	0	0	0	0	0	0	0	0	0	0	0	0	0	0	0	0	0	0	0	0	0	0	0	0	0	0	0	0	0	0	0	0	0	0	0	8.09
SRR5354440	0	0	0	0	0	0	0	0	0	0	0	0	0	8	0	0	0	0	0	5	0	3	0	0	0	0	0	0	0	0	0	0	0	0	0	0	0	0	0	0	0	0	0	0	1	0	0	0	0	0	0	0	0	0	0	37.99
SRR5354441	0	0	0	0	0	0	0	0	0	0	0	0	0	5	0	0	0	0	0	0	0	2	0	0	0	0	0	0	0	0	0	0	0	0	0	0	0	0	0	0	0	0	0	0	0	0	0	0	0	0	0	0	0	0	0	21.49
SRR5354442	0	0	0	1	0	0	0	0	0	0	0	0	0	38	0	0	0	0	0	11	0	0	0	0	0	0	0	0	0	0	0	0	0	0	0	0	0	0	0	0	93	0	0	0	1	0	0	0	0	0	0	0	0	0	0	252.34
SRR5354443	0	0	0	0	0	0	0	0	1	0	0	0	0	24	0	0	0	0	0	10	24	0	0	0	0	0	0	0	0	0	0	0	0	0	0	0	0	0	0	0	1	0	0	0	0	0	0	0	0	0	0	1	0	0	0	144.88
SRR5354444	0	0	0	0	0	0	0	0	0	0	0	0	0	16	0	0	0	0	0	11	0	0	0	0	0	0	0	0	0	0	0	0	0	0	0	0	0	0	0	0	3	0	0	29	0	0	0	0	0	0	0	0	0	0	0	83.26
SRR5354445	0	0	0	0	0	0	0	0	0	1	0	0	0	31	0	0	0	0	0	8	0	0	0	0	2	0	0	0	0	0	0	0	0	0	0	0	0	0	0	0	0	0	0	0	0	0	0	0	0	0	0	0	0	0	0	186.4
SRR5354446	0	0	0	0	0	0	0	0	0	0	0	0	0	24	0	0	0	0	0	2	0	0	0	0	0	0	0	2	0	0	0	0	0	0	0	81	0	0	0	0	0	0	0	0	0	0	0	0	0	0	0	0	0	0	0	189.85
SRR5354447	0	0	0	0	0	0	0	0	0	0	0	0	0	9	0	0	0	0	0	0	0	0	0	0	0	0	0	0	0	0	0	0	0	0	0	0	0	0	0	0	0	0	0	0	0	0	0	0	0	0	0	0	0	0	0	73.64
SRR5354448	0	0	13	0	0	0	0	0	0	0	0	0	0	20	0	0	0	0	0	8	0	0	0	0	0	0	0	0	0	0	0	1	0	0	0	0	0	0	0	0	4	0	0	0	0	0	0	0	0	0	0	0	0	0	0	178.34
SRR5354449	0	0	0	0	2	0	0	0	0	0	0	0	0	76	0	0	0	0	0	25	0	0	0	0	0	0	0	0	0	0	0	51	0	2	82	0	0	0	0	0	21	0	2	0	0	0	0	0	0	0	0	0	32	0	0	455.96
SRR5354450	0	0	2	0	0	0	0	0	0	0	0	0	0	2	0	0	0	0	0	1	0	0	0	0	0	0	0	0	0	0	0	0	0	0	0	0	0	0	0	0	0	0	0	0	1	0	0	0	0	0	0	0	0	0	0	9.61
SRR5354451	0	0	0	0	0	0	0	0	0	0	0	0	0	40	0	0	0	0	0	19	0	0	0	0	0	0	0	0	0	0	0	1	0	0	0	17	0	0	0	0	0	0	0	0	0	0	0	0	0	0	0	0	0	0	0	150.18
SRR5354452	0	0	0	0	0	0	0	0	0	0	0	0	12	19	0	0	0	0	0	3	0	0	0	0	0	0	0	0	0	0	0	79	0	0	0	2	0	0	0	0	0	0	0	0	0	0	0	0	0	2	0	0	1	0	0	130.12
SRR5354453	0	0	1	0	0	0	0	0	0	0	0	0	0	28	0	0	0	0	0	3	0	0	0	0	0	0	0	0	2	0	0	0	0	0	0	2	0	0	0	0	0	0	0	0	0	0	0	0	0	0	0	0	0	0	0	143.66
SRR5354454	0	0	8	0	0	0	0	0	0	1	0	0	0	13	0	0	0	1	0	11	0	0	0	0	0	0	0	0	0	0	0	6	0	0	0	0	0	0	0	0	0	0	0	0	0	0	0	0	0	0	0	0	0	0	0	73.02
SRR5354455	0	0	5	0	0	0	0	0	0	0	0	0	0	12	0	0	0	0	0	18	0	0	0	0	0	0	0	0	0	0	0	2	0	0	1	0	0	0	0	0	0	0	0	0	1	0	0	0	0	0	0	0	1	0	0	54.14
SRR5354456	0	0	0	0	0	0	0	0	0	0	0	0	0	20	0	0	0	0	0	18	0	0	0	0	0	0	0	0	0	0	0	15	0	0	8	0	0	0	0	0	1	0	0	0	0	0	0	0	0	0	1	0	9	0	1	108.58
SRR5354457	0	0	0	0	0	0	0	0	0	0	0	0	0	11	0	0	0	0	0	6	0	0	0	0	0	0	0	0	0	0	0	1	0	0	0	0	0	0	0	0	0	0	0	0	0	0	0	0	0	0	0	1	0	0	0	79.53
SRR5354458	0	0	0	0	0	0	0	0	0	0	0	0	0	17	0	0	0	0	0	10	0	0	0	0	0	0	0	0	0	0	0	0	0	0	0	0	0	0	0	0	0	0	0	0	0	0	0	0	0	0	0	0	0	0	0	41.34
SRR5354459	0	0	0	0	0	0	0	0	0	0	0	0	0	11	0	0	0	0	0	8	0	0	0	0	0	0	0	0	0	0	0	0	0	0	0	9	0	0	0	0	0	0	0	0	0	0	0	0	0	0	0	0	0	0	0	37.79
SRR5354460	0	0	0	0	2	0	0	0	0	0	0	0	0	18	0	0	0	0	0	13	0	0	0	0	0	0	0	0	0	0	0	9	0	0	6	0	0	0	0	0	0	0	0	0	0	0	0	102	0	0	0	0	7	0	0	128.83
SRR5354461	0	0	0	0	0	0	0	0	0	0	0	0	0	1	0	0	0	0	0	1	0	0	0	0	0	0	0	0	0	0	0	0	0	4	0	0	0	0	0	0	0	0	0	0	1	14	0	1	0	0	0	0	0	0	0	16.15
SRR5354462	0	0	0	1	0	0	0	0	0	0	0	0	0	66	0	0	0	0	0	30	0	0	0	0	0	0	0	0	0	0	0	0	0	0	0	0	0	0	0	0	11	0	0	0	0	0	0	0	1	0	0	0	0	0	0	448.75
SRR5354463	0	0	0	0	0	0	0	12	0	0	0	0	0	4	0	0	0	0	0	0	0	0	1	0	0	0	0	0	0	0	0	5	0	0	0	0	0	0	0	0	0	0	0	0	0	0	0	0	0	0	0	0	0	0	0	20.79
SRR5354464	0	0	0	0	0	0	0	0	0	0	0	0	0	5	0	0	0	0	0	2	0	0	0	0	0	0	0	0	0	0	0	8	0	0	0	0	0	0	0	0	0	0	0	0	0	0	0	0	0	0	0	0	0	0	0	17.85
SRR5354465	0	0	0	0	0	0	0	0	0	0	0	0	0	44	0	1	0	0	0	16	0	0	0	0	0	0	0	0	0	0	0	10	0	0	0	0	0	0	0	0	0	0	0	0	0	0	0	0	0	0	0	0	0	0	0	210.6
SRR5354466	0	0	0	0	0	0	0	0	0	0	0	0	0	22	0	0	0	0	0	8	0	0	0	0	0	0	0	0	0	0	0	0	0	0	0	0	0	0	0	0	0	0	0	0	0	0	0	0	0	0	0	0	0	0	0	147.63
SRR5354467	0	0	0	0	0	0	0	0	0	0	0	0	0	7	0	0	0	0	0	0	0	0	0	0	0	0	0	0	0	0	0	0	0	0	0	0	0	0	0	0	0	0	0	0	0	0	0	3	0	0	0	0	0	0	1	34
SRR5354468	0	0	0	0	0	0	0	0	0	0	0	0	0	5	0	0	0	0	0	2	0	0	0	0	0	0	0	0	0	0	0	0	0	0	0	0	0	0	0	0	0	0	0	0	0	2	0	6	0	0	0	0	0	0	1	16.16
SRR5354469	0	0	0	0	0	0	0	0	0	0	4	0	0	8	0	0	0	0	0	1	0	0	0	0	0	0	0	0	0	0	0	0	0	0	0	0	0	0	0	0	0	0	0	0	0	0	0	0	0	0	0	0	0	0	0	39.29
SRR5354470	0	0	0	0	0	0	0	0	0	0	0	0	0	4	0	0	0	0	0	1	0	0	0	0	0	0	0	0	0	0	0	0	0	0	0	0	0	0	0	0	0	0	0	0	0	0	0	0	0	0	0	0	0	0	0	57.95
SRR5354471	0	0	0	0	0	0	0	0	0	0	0	0	0	0	0	0	0	0	0	0	0	0	0	0	0	0	0	0	0	0	0	0	0	0	0	0	0	0	0	0	0	0	0	0	0	0	0	0	0	0	0	0	0	0	0	4.45
SRR5354472	0	0	0	0	0	0	0	0	0	0	0	1	0	26	0	0	0	0	0	12	0	2	0	0	0	0	0	0	0	0	0	0	0	0	0	0	0	0	0	0	49	0	0	0	0	0	0	5	0	0	0	11	0	0	0	216.84
SRR5354473	0	0	0	0	0	0	0	1	0	0	0	0	0	0	0	0	0	0	0	2	0	0	0	0	0	8	0	0	0	0	0	0	0	0	0	0	0	0	0	0	0	0	0	0	0	0	0	10	0	0	0	0	0	0	0	29.74
SRR5354474	0	0	0	0	0	0	0	0	0	0	0	58	0	39	0	0	1	0	0	9	0	0	0	0	0	0	0	0	0	0	0	0	0	0	0	0	0	0	0	0	0	0	0	0	0	0	1	7	0	0	0	0	0	0	0	286.27
SRR5354475	0	0	0	0	0	0	0	0	0	0	0	0	0	16	0	0	0	43	0	3	0	0	0	0	0	0	0	0	0	0	0	0	0	0	0	0	0	0	0	0	0	0	0	0	0	0	0	0	0	0	0	0	0	0	0	86.62
SRR5354476	0	0	0	0	0	0	0	0	0	0	0	0	0	5	0	0	0	0	0	0	0	0	0	0	0	0	0	0	0	0	0	0	0	0	0	0	0	0	0	0	0	0	0	0	0	0	0	0	0	0	0	0	0	0	0	60.79
SRR5354477	0	0	0	0	0	0	0	0	0	0	0	0	0	2	0	0	0	0	0	2	0	0	0	0	0	0	0	0	0	0	0	0	0	0	0	0	0	0	0	0	2	0	0	0	0	0	0	0	0	0	0	0	0	0	0	9.43
SRR5354478	0	0	0	0	0	0	0	0	0	0	0	0	0	8	0	0	0	0	0	5	0	0	0	0	0	0	0	0	0	0	0	0	0	0	0	0	0	0	0	0	0	0	0	0	0	0	0	0	0	0	0	0	0	1	0	36.6
SRR5354479	0	0	0	0	0	0	0	0	0	0	0	0	0	9	0	0	0	0	0	4	0	0	0	0	0	0	0	0	0	0	0	0	0	0	0	0	0	0	0	0	0	0	0	0	0	0	0	0	0	0	0	0	1	1	0	44.29
SRR5354480	0	0	0	0	0	0	0	0	0	0	0	0	0	18	0	0	0	0	0	4	0	0	0	0	0	0	0	0	0	0	0	0	0	0	0	0	0	0	0	0	0	21	0	0	0	0	0	0	25	0	0	0	0	0	0	97.21
SRR5354481	0	0	0	0	0	0	0	0	0	0	0	0	0	22	0	1	0	0	0	3	0	0	0	0	0	0	0	0	0	0	22	0	0	0	0	0	0	0	0	0	0	0	104	0	0	0	0	0	0	0	0	0	0	0	0	176.8
SRR5354482	0	0	0	0	0	0	0	1	0	0	0	0	0	33	0	0	0	0	0	18	0	0	0	0	0	0	0	0	0	0	0	0	0	0	0	0	0	0	0	0	0	0	0	0	0	0	0	4	0	0	1	0	0	1	0	112.43
SRR5354483	0	0	0	0	0	0	0	1	0	0	0	0	0	18	0	0	0	0	0	3	0	0	0	0	0	0	0	0	0	0	0	0	0	0	0	0	0	0	0	0	0	0	0	0	0	0	0	0	0	0	0	0	0	0	0	85.45
SRR5354484	0	0	0	0	0	28	0	0	0	0	0	0	0	22	0	0	0	0	0	5	0	0	0	0	0	0	59	0	0	0	0	0	0	0	0	0	0	0	0	0	6	1	0	0	0	0	0	0	0	0	0	1	0	0	0	163.91
SRR5354485	0	0	0	2	0	0	0	1	0	0	0	0	0	16	0	0	0	0	0	2	0	0	22	0	0	0	0	0	0	0	0	0	6	0	0	0	0	0	0	0	0	0	0	0	0	0	0	0	0	9	0	0	0	7	0	65.98
SRR5354486	0	0	0	0	0	0	0	0	0	38	0	0	0	13	0	0	0	0	0	6	0	0	0	0	0	0	0	0	0	0	0	0	0	0	0	0	0	0	14	0	3	0	0	0	0	0	0	0	0	0	0	3	0	0	0	66.94
SRR5354487	0	0	0	0	0	0	0	0	0	0	0	0	0	14	0	0	0	0	0	5	0	0	0	0	0	0	0	0	56	0	1	0	0	0	0	0	0	14	0	0	2	0	1	0	0	0	20	0	0	0	0	0	0	0	0	110.69
SRR5354488	0	0	0	0	0	0	1	0	0	0	0	0	0	9	0	0	0	0	0	2	0	0	0	0	0	0	0	0	0	0	0	0	0	0	0	0	0	0	0	0	1	0	0	0	0	0	0	0	0	0	42	0	0	0	1	88.89
SRR5354489	0	0	0	0	0	0	0	0	0	0	0	0	0	4	0	0	0	0	0	2	0	0	0	0	0	0	0	0	0	0	0	0	0	0	0	0	0	0	0	0	0	0	0	0	0	0	0	0	0	0	0	2	0	0	0	33.26
SRR5354490	0	0	0	0	0	0	0	0	0	0	0	1	0	47	0	56	0	1	0	27	0	0	0	0	0	6	0	0	0	0	0	0	0	0	0	0	0	0	0	0	21	1	0	0	0	0	0	0	0	0	0	6	0	0	0	226.15
SRR5354491	0	0	0	0	0	0	0	0	0	2	0	1	0	45	0	0	0	0	0	6	0	0	0	0	0	4	0	0	0	0	0	0	0	0	0	1	0	0	0	0	22	0	0	0	0	0	0	0	0	0	0	3	0	0	0	236.1
SRR5354492	0	0	0	0	0	0	0	0	0	0	0	0	0	18	0	0	0	0	0	10	0	0	0	0	0	1	0	0	0	26	0	0	2	0	0	0	0	0	0	0	18	0	0	0	1	0	0	0	0	0	0	4	0	0	0	121.18
SRR5354493	0	0	0	0	0	0	0	0	0	0	0	0	0	14	0	0	6	0	0	10	0	0	0	0	0	0	0	0	0	0	0	0	0	0	0	0	0	0	0	0	0	1	0	0	0	0	0	0	0	0	0	0	0	0	0	43.6
SRR5354494	0	0	0	0	0	0	0	0	0	0	0	1	0	9	0	0	0	0	0	5	0	0	0	0	0	1	0	0	0	0	0	0	0	0	0	0	0	0	0	0	0	0	0	0	0	0	0	0	0	0	0	0	0	0	0	82.82
SRR5354495	0	0	0	0	0	0	0	0	0	0	0	0	0	50	0	0	0	1	0	37	0	0	0	59	0	0	0	1	0	0	0	0	0	0	0	0	200	0	0	0	0	0	0	0	1	0	0	0	0	0	0	0	0	0	0	191.86
SRR5354496	0	0	2	0	0	0	0	0	0	0	0	1	0	24	0	0	0	0	0	7	0	0	0	0	0	1	0	0	0	0	0	0	0	0	0	0	0	0	0	0	0	0	0	0	0	0	0	0	1	0	1	0	0	0	3	173.41
SRR5354497	0	0	0	0	0	0	0	0	0	0	0	0	0	4	0	0	0	0	0	6	0	0	0	0	0	3	0	0	0	0	0	0	0	0	0	0	0	0	0	0	0	0	0	0	0	0	0	0	0	0	0	0	0	0	0	24.75
SRR5354498	0	0	0	0	18	0	0	0	0	1	0	1	0	22	0	1	0	0	24	11	0	0	0	0	0	3	0	0	0	1	0	0	0	0	0	0	0	0	0	0	10	0	0	1	0	0	0	0	0	0	0	3	0	0	0	117.87
SRR5354499	0	0	0	0	0	0	0	0	0	0	0	0	0	7	0	0	0	0	0	4	0	0	0	0	0	0	0	0	1	0	0	0	0	0	0	0	0	0	0	0	0	0	0	0	0	0	0	0	0	0	0	1	0	0	1	25.02
SRR5354500	0	0	0	0	0	0	0	0	27	0	0	0	0	8	0	0	0	1	0	1	0	0	0	0	0	0	0	0	0	0	1	0	0	0	0	0	0	0	0	0	0	0	1	0	0	0	0	0	0	0	0	0	0	0	0	73.89
SRR5354501	0	0	0	0	0	0	0	0	0	0	0	0	0	68	0	0	0	1	0	29	0	0	0	0	0	0	0	0	0	0	1	0	0	0	0	0	0	0	0	0	0	0	0	0	0	0	0	2	0	0	0	0	0	0	0	374.62
SRR5354502	0	0	0	0	0	0	0	0	0	2	2	0	0	20	0	2	0	0	0	3	0	0	2	0	0	0	0	0	0	1	0	0	0	0	0	0	0	0	1	0	0	5	0	0	0	0	0	0	1	0	0	0	0	0	31	106.44
SRR5354503	0	0	0	0	0	0	0	0	0	1	0	0	0	19	0	0	0	0	0	4	0	0	0	0	0	0	0	0	0	0	0	0	0	0	0	0	0	0	0	0	2	0	0	0	0	0	0	0	2	1	0	0	0	0	0	187.21
SRR5354504	0	0	0	12	0	0	0	0	0	2	0	0	0	29	31	0	0	0	0	11	0	0	0	0	0	0	0	0	0	0	0	0	0	0	0	0	0	0	1	0	0	0	0	0	0	0	0	0	1	0	1	0	0	0	0	92.74
SRR5354505	0	0	0	0	0	0	0	0	0	1	0	0	0	6	0	0	0	0	0	6	0	0	0	0	0	0	0	0	1	0	2	0	0	0	0	0	0	0	0	0	0	0	2	0	0	0	0	0	0	0	0	0	0	0	0	42.75
SRR5354506	0	0	0	0	0	0	0	0	0	2	0	0	0	36	0	0	0	1	0	5	0	0	0	0	0	0	0	0	1	0	1	1	0	0	0	0	0	0	0	0	0	0	0	0	166	0	0	0	0	0	0	0	0	0	0	369.66
SRR5354507	0	0	0	0	0	0	0	0	0	2	0	0	0	36	0	0	0	1	0	4	0	0	0	0	0	0	0	0	0	0	2	0	0	0	0	0	0	0	2	0	0	0	5	0	1	0	0	0	0	0	0	0	0	0	0	221.6
SRR5354508	0	14	0	0	0	0	0	0	0	11	0	0	0	14	1	0	0	0	0	10	0	0	1	0	24	0	1	0	0	0	0	0	0	0	0	0	0	0	0	0	0	2	1	0	2	0	0	0	4	1	0	0	0	0	0	155.56
SRR5354509	0	0	0	0	0	0	0	0	0	12	0	0	0	6	0	0	0	0	0	3	0	0	0	0	0	0	1	0	1	0	0	0	0	0	0	0	0	0	2	0	0	2	0	0	0	0	0	0	3	1	0	0	0	0	0	34.64
SRR5354510	0	0	0	0	0	0	0	0	0	8	0	0	0	19	0	0	0	0	0	4	0	1	2	0	0	0	1	0	0	0	1	0	0	0	0	0	0	0	0	0	0	3	0	0	0	0	0	0	1	0	0	0	0	0	0	110.63
SRR5354511	0	0	0	0	0	0	0	0	0	2	0	0	0	7	0	0	0	0	0	4	0	0	0	0	0	0	0	0	2	0	2	0	0	0	0	0	0	0	0	0	0	2	3	0	0	0	0	0	1	0	1	0	0	0	0	22.43
SRR5354512	0	0	0	0	0	0	0	0	0	0	0	0	0	10	0	0	0	0	0	7	0	0	0	0	0	0	0	0	1	0	0	0	0	0	0	0	0	0	0	0	0	0	0	0	0	0	0	0	0	0	0	0	0	0	0	58.73
SRR5354513	0	0	0	0	0	0	0	0	0	0	0	0	0	18	0	0	0	0	0	2	0	0	0	0	0	0	1	0	0	0	0	0	0	0	0	0	0	0	0	162	0	0	0	0	1	0	0	0	0	0	3	0	0	0	0	141.98
SRR5354514	11	0	0	0	0	0	0	0	0	2	0	0	0	18	0	2	0	0	0	4	0	0	2	0	0	0	3	0	0	2	0	0	0	0	0	0	0	0	0	0	0	0	0	0	0	0	0	0	0	0	0	0	0	0	0	119.79
SRR5354515	0	0	0	0	0	0	0	0	0	6	0	0	0	7	0	0	0	0	0	1	0	0	4	0	0	0	2	0	0	0	0	0	0	0	0	1	0	0	0	0	0	0	0	0	0	0	0	0	1	3	0	0	0	0	0	53.7
SRR5354516	0	0	0	0	0	0	0	0	0	8	0	0	0	10	0	1	0	0	0	2	0	0	3	0	0	0	2	0	0	0	0	0	0	0	0	0	0	0	0	0	0	0	1	0	0	0	0	0	3	2	0	0	0	0	2	43.62
SRR5354517	0	0	0	0	0	0	0	0	0	0	0	0	0	12	0	0	0	0	0	9	0	0	0	0	0	0	0	0	2	0	0	0	0	0	0	0	0	0	0	0	0	0	0	0	0	0	0	0	0	0	0	0	0	0	2	133.54
SRR5354518	0	0	0	0	0	0	0	0	0	0	0	0	0	42	0	1	0	0	0	24	0	0	0	0	0	0	0	0	1	0	0	0	0	0	0	0	2	2	0	0	0	0	0	0	1	0	1	0	0	0	4	0	0	0	0	189.11
SRR5354519	0	0	0	0	0	0	0	0	0	0	0	0	0	8	0	1	0	0	0	5	0	22	0	0	0	0	0	0	1	0	0	0	0	0	0	0	0	0	0	0	0	0	0	0	0	0	0	0	0	0	4	0	0	0	0	68.05
SRR5354520	0	0	0	0	0	0	0	0	0	0	0	0	0	15	0	6	0	0	0	10	0	24	0	0	0	0	0	0	1	1	0	0	0	0	0	0	0	0	0	0	0	0	0	0	0	0	0	0	0	0	0	0	0	0	0	111.88
SRR5354521	0	0	0	0	0	0	0	0	0	0	0	0	0	6	0	6	0	0	0	1	0	0	0	0	0	0	0	0	0	4	0	0	0	0	0	0	0	0	0	0	0	0	0	0	0	0	0	0	0	0	0	0	0	0	0	25.92
SRR5354522	0	0	0	0	0	0	0	0	0	2	0	0	0	20	0	5	0	0	0	13	0	0	0	0	0	0	0	0	1	3	0	0	0	0	0	0	0	0	0	0	2	0	0	0	0	0	0	0	0	0	0	0	0	0	0	186.42
SRR5354523	0	0	0	0	0	0	4	0	0	0	0	0	0	6	0	3	0	0	0	3	0	0	0	0	0	0	0	0	1	0	0	0	0	0	0	0	0	0	0	0	0	0	0	0	0	0	0	0	0	0	7	0	0	0	0	17.79
SRR5354524	0	0	0	0	0	0	0	0	0	0	0	0	0	35	0	0	0	0	0	25	0	0	0	0	0	0	0	91	1	0	1	0	0	0	0	0	0	0	0	0	0	0	0	0	1	0	1	0	0	0	2	0	0	0	2	273.13
SRR5354525	0	0	0	0	0	0	0	0	1	5	0	0	0	333	0	0	1	0	2	167	0	3	0	0	0	0	0	0	0	0	0	0	0	0	0	0	0	1	0	0	28	2	0	0	0	0	0	0	0	0	0	0	0	0	0	1564.58
SRR5354526	0	0	0	0	0	0	0	0	0	0	0	0	0	41	0	7	0	0	0	19	0	0	0	0	0	0	0	0	0	0	0	0	0	0	0	0	0	0	0	0	0	0	0	0	0	0	0	0	0	0	0	0	0	0	1	268.79
SRR5354527	0	0	0	0	0	0	0	0	0	0	0	0	0	31	0	7	0	0	0	5	0	0	0	0	0	0	0	0	1	1	0	0	0	0	0	0	0	0	0	0	0	0	0	0	0	0	0	0	0	0	0	0	0	0	0	176.07
SRR5354528	0	0	0	0	0	0	0	0	0	0	0	0	0	13	0	0	0	0	0	5	0	0	0	0	0	0	0	0	0	0	0	0	0	0	0	0	0	0	0	0	0	0	0	0	0	0	0	0	0	0	0	0	0	0	0	218.04
