cells	chrMT:146:T/C	chrMT:189:A/G	chrMT:687:G/A	chrMT:750:A/G	chrMT:810:G/A	chrMT:870:C/T	chrMT:903:T/C	chrMT:921:T/C	chrMT:1240:A/G	chrMT:1509:T/C	chrMT:2159:T/C	chrMT:2416:T/C	chrMT:2561:T/C	chrMT:2706:A/G	chrMT:3003:A/G	chrMT:3047:G/A	chrMT:3594:C/T	chrMT:3628:A/G	chrMT:3907:G/A	chrMT:3967:G/A	chrMT:4454:T/C	chrMT:4769:A/G	chrMT:5026:A/G	chrMT:5291:T/C	chrMT:5418:T/C	chrMT:5650:G/A	chrMT:6004:G/A	chrMT:6018:G/A	chrMT:6933:T/C	chrMT:6934:T/C	chrMT:6940:T/C	chrMT:7256:C/T	chrMT:7299:A/G	chrMT:7812:T/C	chrMT:8720:G/A	chrMT:9331:T/C	chrMT:9377:A/G	chrMT:9442:T/C	chrMT:9489:G/A	chrMT:9554:G/A	chrMT:10176:G/A	chrMT:10345:T/C	chrMT:10618:A/G	chrMT:10643:T/C	chrMT:10955:C/T	chrMT:11176:G/A	chrMT:11559:G/A	chrMT:11690:G/A	chrMT:11893:A/G	chrMT:11933:A/G	chrMT:12070:G/A	chrMT:12560:A/G	chrMT:12561:G/A	chrMT:12775:G/A	chrMT:12808:T/C	chrMT:12913:T/C	chrMT:13089:T/C	chrMT:13121:G/A	chrMT:13369:T/C	chrMT:13489:T/C	chrMT:13650:C/T	chrMT:13710:A/G	chrMT:13718:G/A	chrMT:13837:G/A	chrMT:14180:T/C	chrMT:14299:T/C	chrMT:14364:G/A	chrMT:14845:C/T	chrMT:14926:A/T	chrMT:14935:T/C	chrMT:15135:G/A	chrMT:15301:G/A	chrMT:15458:T/C	chrMT:15731:G/A	chrMT:15750:T/C	chrMT:16093:T/C	chrMT:16247:A/G	chrMT:16300:A/G	chrMT:16362:T/C	chrMT:16399:A/G	depth
SRR5354145	41	0	0	52	0	40	0	0	0	0	20	28	0	51	1	0	26	0	0	0	0	12	0	0	1	0	0	0	2	0	0	6	0	0	0	0	0	0	0	9	0	0	0	0	21	0	0	0	0	0	0	0	0	0	0	0	0	9	0	0	35	0	0	0	16	0	0	42	0	0	0	34	39	0	0	24	0	32	0	38	34.34
SRR5354146	42	0	0	26	0	31	0	1	0	0	29	19	0	40	0	0	32	0	0	0	0	4	0	0	0	0	0	0	0	0	0	6	0	1	0	0	0	0	0	19	0	0	0	0	19	0	0	0	0	0	0	0	0	0	0	0	0	0	0	0	45	0	0	0	45	0	0	38	0	0	0	40	37	0	2	24	0	41	0	52	35.58
SRR5354147	63	0	0	74	0	74	0	0	0	0	47	41	0	72	0	0	67	0	0	0	0	11	0	0	0	0	1	0	0	0	0	6	0	2	0	0	0	0	0	27	0	0	0	0	46	0	0	0	0	0	0	0	0	0	0	0	1	5	0	0	100	0	0	0	42	0	0	96	0	0	0	87	108	0	0	30	0	89	0	113	73.64
SRR5354148	33	0	0	50	0	64	0	0	0	0	35	49	0	103	0	0	73	0	0	0	0	7	0	0	0	0	0	0	0	0	0	2	0	1	0	0	0	0	0	35	0	2	1	0	48	0	0	0	0	0	0	0	0	0	0	0	0	0	0	0	61	0	0	0	84	0	0	92	0	0	0	77	86	0	0	39	0	63	0	86	67.32
SRR5354149	120	0	0	194	0	138	0	1	0	0	160	169	0	202	0	0	144	0	0	0	0	20	0	0	0	0	0	0	0	0	0	14	81	0	0	0	0	0	0	78	0	0	0	0	115	0	0	0	0	0	0	0	0	0	0	0	0	1	1	0	225	0	0	0	228	0	0	206	0	0	0	202	210	0	0	85	0	183	0	206	181.85
SRR5354150	42	0	0	39	0	32	0	0	0	0	26	30	0	43	0	0	29	0	0	0	0	5	0	0	0	1	0	0	0	0	0	2	0	0	0	0	0	0	0	14	0	0	0	0	31	0	0	0	0	0	0	0	0	0	0	0	0	0	0	0	30	0	0	0	37	0	0	42	0	0	0	40	38	0	0	38	0	53	0	44	30.94
SRR5354151	48	0	0	67	0	56	0	0	0	0	44	49	0	88	0	0	58	1	0	0	0	10	0	0	0	0	0	0	0	0	0	13	0	0	0	0	0	0	0	29	1	0	0	0	26	0	0	0	0	0	0	0	0	0	0	0	0	0	0	0	66	0	0	0	57	0	0	71	0	0	0	65	76	0	0	42	0	67	0	62	56.44
SRR5354152	36	0	0	16	0	18	0	0	0	0	21	26	1	20	0	0	15	0	0	0	0	4	0	0	0	0	0	0	1	0	0	4	0	1	0	0	0	0	0	8	0	0	0	0	21	0	0	0	0	0	0	0	0	0	0	0	0	1	0	0	26	0	0	0	24	0	0	20	0	0	0	28	32	0	0	12	0	17	0	34	22.83
SRR5354153	31	0	0	27	0	19	0	0	0	0	22	19	0	20	0	0	30	0	0	0	0	2	0	0	0	0	0	0	0	9	0	4	0	3	0	7	0	0	0	11	0	2	0	0	13	0	0	0	0	0	0	0	0	0	0	0	0	0	0	0	26	0	0	0	25	0	0	21	0	0	0	48	36	0	0	17	0	28	0	32	26.54
SRR5354154	124	0	0	111	0	92	0	0	0	0	86	116	0	129	0	0	100	0	0	0	0	13	45	0	0	5	0	0	0	0	0	9	0	0	0	0	0	0	0	40	0	0	0	0	72	0	0	0	0	0	0	0	0	2	0	0	0	0	0	0	133	0	0	0	130	0	0	130	1	0	0	121	112	0	0	71	0	155	0	168	111.54
SRR5354155	8	0	0	10	0	7	0	0	0	0	4	12	0	4	0	0	5	0	0	0	0	2	0	0	0	0	0	0	2	0	0	0	0	0	0	0	0	0	0	2	0	0	0	0	2	0	0	0	0	0	0	0	0	0	0	0	0	0	0	0	7	0	0	0	0	0	0	11	0	0	0	10	6	0	0	3	0	3	0	6	7.06
SRR5354156	19	0	0	23	0	27	0	0	0	0	16	14	0	39	0	0	34	0	0	0	0	7	0	0	0	0	0	0	0	0	0	3	0	0	0	0	0	0	0	8	0	0	0	0	16	0	0	0	0	0	0	0	0	0	0	0	0	0	0	0	31	0	0	0	21	0	0	22	0	0	0	31	29	0	0	15	0	36	0	27	26.35
SRR5354157	23	0	0	41	0	43	0	0	0	0	25	32	0	42	0	0	29	0	2	0	0	11	0	0	1	0	0	0	0	0	0	3	0	0	0	0	0	0	16	9	0	0	0	0	15	0	0	0	0	0	0	0	0	0	0	0	18	0	0	0	24	0	0	0	25	0	0	36	0	0	0	42	49	0	0	19	0	39	0	39	32.18
SRR5354158	49	0	0	80	0	80	0	0	0	0	82	67	22	78	0	0	61	0	0	0	0	17	0	0	0	0	0	0	2	0	0	4	0	0	0	0	0	0	1	43	0	0	0	0	49	0	0	0	0	0	0	0	0	0	0	0	1	2	0	0	105	0	0	0	38	0	0	88	0	0	0	117	120	0	0	44	0	70	0	129	82.17
SRR5354159	27	0	0	71	0	46	0	0	0	0	40	33	0	80	0	0	53	0	0	0	0	9	0	0	1	0	0	0	0	0	0	4	0	0	0	0	0	0	0	22	0	0	0	0	41	0	0	0	0	0	0	0	0	0	0	0	0	2	0	0	64	0	0	0	70	0	0	62	0	0	0	65	59	0	0	25	0	74	0	74	57.42
SRR5354160	40	0	0	34	0	27	0	0	0	0	40	33	0	66	0	0	25	0	0	0	0	7	0	0	0	0	0	0	0	0	0	1	0	0	0	0	0	0	0	20	0	0	0	0	25	0	0	0	0	0	0	0	0	0	0	0	0	0	0	0	50	0	0	0	38	0	0	46	0	0	0	78	55	20	0	31	0	48	0	64	41.69
SRR5354161	11	0	0	8	0	12	0	0	0	1	6	5	0	13	0	0	9	0	0	0	0	0	0	0	0	0	0	0	2	0	0	0	0	0	0	0	0	0	0	4	0	0	0	0	5	0	0	0	0	0	0	0	0	0	0	0	0	0	0	0	9	0	0	0	7	0	0	13	0	0	0	11	13	0	0	5	0	12	0	6	8.13
SRR5354162	47	0	0	76	0	67	0	0	0	0	62	65	0	75	2	0	45	0	0	8	0	12	0	0	0	0	0	0	0	0	77	7	0	0	0	0	0	0	0	19	0	0	0	0	48	0	0	0	0	0	2	0	0	0	0	0	0	0	0	0	86	0	0	0	66	0	0	92	0	0	0	99	87	0	0	36	0	74	0	94	70.66
SRR5354163	66	0	0	72	0	44	0	0	0	0	51	52	0	66	0	0	42	0	0	0	0	9	0	0	1	0	0	0	0	0	0	8	0	0	11	0	0	0	0	44	0	0	0	0	57	0	0	0	0	0	0	0	0	0	0	0	0	0	0	0	75	0	0	0	34	0	0	71	0	0	0	54	76	0	0	47	0	97	0	99	65.87
SRR5354164	34	0	0	14	0	9	0	0	0	0	13	14	0	16	4	0	18	0	0	0	0	7	0	0	1	0	1	0	0	0	0	1	0	0	0	0	0	0	0	4	0	0	0	0	7	0	0	0	0	0	0	0	0	0	0	0	0	0	0	0	18	0	0	0	13	0	0	17	0	0	0	24	14	0	0	10	0	15	0	13	15.67
SRR5354165	62	0	0	30	0	21	0	0	0	0	19	36	0	46	0	0	21	0	0	0	0	5	0	0	1	0	0	0	0	0	0	1	0	0	0	0	0	0	0	6	0	0	0	0	21	0	0	0	0	1	0	0	0	0	0	0	0	4	0	0	34	0	0	0	23	0	0	28	0	0	0	34	24	0	0	19	0	52	0	45	28.87
SRR5354166	62	0	0	85	0	72	0	0	0	0	76	61	0	106	5	0	85	0	0	0	0	26	0	11	0	0	1	0	0	0	0	7	0	0	0	0	0	0	0	33	0	0	0	0	68	41	0	0	0	0	0	0	0	0	0	0	0	0	0	0	81	0	0	0	96	0	0	82	0	0	0	116	87	0	0	50	0	99	0	122	86.21
SRR5354167	35	0	0	76	0	64	0	0	0	0	59	51	0	69	6	0	47	0	0	0	0	10	2	0	0	0	5	0	0	0	0	4	0	0	0	0	0	0	0	27	0	0	0	0	31	0	0	0	0	0	0	0	0	0	0	0	0	0	0	0	62	0	0	0	66	0	0	74	0	0	0	79	75	0	0	24	0	68	0	100	60.85
SRR5354168	18	0	0	19	0	18	0	0	0	0	17	17	0	16	3	0	14	0	0	0	0	8	0	0	0	0	5	0	0	0	0	1	0	0	0	0	0	0	0	13	0	0	0	0	15	0	0	0	0	0	0	0	0	0	0	0	0	0	0	0	22	0	0	0	27	0	0	17	0	0	0	26	26	0	0	6	0	24	0	21	19.18
SRR5354169	59	0	0	114	0	95	0	0	0	0	81	95	0	121	0	0	85	0	0	0	0	22	0	0	1	0	0	0	0	0	0	4	0	0	0	0	1	0	0	48	0	0	0	0	72	0	0	0	0	0	0	0	0	0	0	0	0	2	0	0	136	0	1	0	118	0	0	125	0	0	0	143	145	0	0	47	0	119	0	165	112.09
SRR5354170	90	0	0	122	0	117	0	0	0	0	106	88	0	141	0	0	90	0	0	0	0	28	0	0	2	0	0	0	0	0	0	5	0	2	0	0	0	0	0	64	0	0	0	0	90	0	0	0	0	0	0	0	0	0	0	0	0	1	0	0	145	0	0	0	83	0	0	159	0	0	0	169	143	0	0	97	0	128	0	129	124.08
SRR5354171	138	0	0	182	0	158	0	0	0	0	156	143	0	191	0	0	129	0	0	0	0	29	0	0	0	0	0	0	0	0	0	10	0	0	0	0	0	0	0	81	0	0	0	0	114	0	0	1	0	0	0	0	0	0	0	74	0	0	0	0	182	0	0	0	197	0	0	186	0	0	0	193	149	0	0	96	0	196	0	214	164.12
SRR5354172	47	0	0	32	0	33	0	0	0	0	32	32	0	44	3	0	22	0	0	0	0	10	0	0	7	0	2	0	0	0	0	2	0	1	0	0	0	0	0	24	0	0	0	0	18	0	0	0	0	0	0	0	0	0	0	0	3	0	0	0	51	0	0	0	40	0	0	39	0	0	0	54	29	0	0	19	0	59	0	55	36.09
SRR5354173	16	0	0	9	0	12	0	0	0	0	13	10	0	20	0	0	8	0	0	0	0	0	0	0	0	0	2	0	0	0	0	0	0	0	0	0	0	0	0	8	0	0	0	0	6	0	0	0	0	0	0	0	0	0	0	0	0	0	0	0	6	0	0	0	1	0	0	11	0	0	0	14	7	0	0	5	0	11	0	7	9.76
SRR5354174	99	0	0	153	0	110	0	0	0	0	106	117	0	177	0	0	92	0	0	0	0	19	1	0	0	0	0	0	77	0	0	14	0	0	0	0	0	0	0	72	0	1	0	0	82	0	0	0	0	0	0	0	0	0	0	0	0	0	0	0	150	0	0	0	153	0	0	146	0	0	0	143	160	0	0	64	0	101	0	168	131.34
SRR5354175	16	0	0	24	0	12	0	0	0	0	20	14	0	18	0	0	12	0	0	0	0	6	0	0	0	0	0	0	0	0	0	0	0	0	0	0	0	0	0	15	0	1	0	0	13	0	0	0	0	0	0	0	0	0	0	0	0	5	0	0	26	0	0	0	11	0	0	27	0	0	0	35	22	0	0	13	0	22	0	27	23.76
SRR5354176	63	0	0	77	0	94	0	0	0	0	77	71	0	124	0	0	67	0	0	0	0	9	0	0	0	0	0	0	0	0	0	8	0	0	0	0	0	0	0	32	0	0	0	0	51	0	0	0	0	0	0	0	0	0	0	0	0	0	0	0	115	1	0	0	115	0	0	87	0	0	0	120	138	0	0	29	0	100	0	126	94.5
SRR5354177	56	0	0	56	0	54	0	1	0	0	43	48	0	73	0	0	43	0	0	0	0	8	0	0	1	0	1	0	0	0	0	6	0	0	0	0	0	0	0	24	0	1	0	0	53	0	0	0	0	0	0	0	0	55	0	0	0	0	0	0	69	0	0	0	77	0	0	62	0	0	0	94	80	0	0	36	0	78	0	87	65.84
SRR5354178	29	0	0	26	0	21	0	0	0	0	18	18	0	24	1	0	26	0	0	0	0	3	0	0	0	0	0	11	0	0	0	2	0	0	0	0	0	0	0	8	0	0	0	0	15	0	0	0	0	0	0	0	0	0	0	0	0	0	0	0	23	0	0	0	33	0	0	25	0	0	0	38	28	0	0	18	0	36	0	29	26.01
SRR5354179	32	0	0	43	0	44	0	0	0	0	28	40	0	63	0	0	45	0	0	0	0	6	0	0	0	0	0	0	0	0	0	8	0	0	0	0	0	0	0	24	0	0	0	0	41	0	0	0	0	0	0	0	0	0	0	0	0	0	0	0	47	0	0	0	75	0	0	45	0	0	0	45	67	0	0	23	0	69	0	53	49.83
SRR5354180	27	0	0	42	0	35	0	0	0	0	29	30	0	55	2	0	38	0	0	0	0	11	0	0	0	0	0	0	0	0	0	2	0	0	0	0	0	0	0	21	0	0	0	0	35	0	0	0	0	57	0	0	0	0	0	0	0	0	0	0	53	0	0	0	43	0	0	33	0	0	0	52	58	0	0	4	0	48	0	66	40.24
SRR5354181	38	0	0	36	0	24	0	0	0	0	25	33	0	23	0	0	16	0	0	0	0	7	0	0	0	0	0	0	0	0	0	2	0	0	0	0	0	0	0	21	0	1	0	0	23	0	0	0	0	0	0	0	0	0	0	0	0	1	0	0	36	0	0	0	30	0	0	39	0	0	0	47	41	0	0	23	0	46	0	57	34.59
SRR5354182	136	0	0	221	0	180	0	0	0	0	131	139	0	198	0	0	151	0	0	0	0	32	0	0	0	0	0	0	0	0	0	14	0	0	0	0	0	0	0	85	0	1	0	0	140	0	0	0	0	0	0	0	0	0	0	0	0	1	0	0	212	0	0	0	195	0	0	221	0	0	0	230	242	0	0	74	0	248	0	275	177.59
SRR5354183	100	0	0	132	0	116	0	0	0	0	91	105	0	144	0	0	80	0	0	0	0	22	0	0	0	0	0	0	0	0	0	11	0	1	0	0	0	0	0	49	0	0	0	0	84	0	0	0	0	0	0	0	0	0	0	0	0	1	0	0	145	0	0	0	141	0	0	151	0	0	0	146	132	0	0	65	0	118	0	156	121.87
SRR5354184	39	0	0	81	0	69	0	0	0	0	59	63	0	84	38	1	70	0	0	0	0	19	0	0	0	0	19	0	0	0	0	5	0	0	0	0	0	0	0	38	0	0	1	0	56	0	0	0	0	0	0	0	0	0	0	0	0	0	0	0	116	0	0	0	86	0	0	105	0	0	0	94	112	0	0	25	0	102	0	106	83.78
SRR5354185	5	0	0	5	0	2	0	0	0	0	4	12	0	11	0	0	3	0	0	0	0	0	0	0	0	0	0	0	0	0	0	2	0	0	0	0	0	0	0	2	0	0	0	0	2	0	0	0	0	0	0	0	0	0	0	0	0	0	0	0	10	0	0	0	5	0	0	3	0	0	0	9	1	0	0	5	0	7	0	5	6.22
SRR5354186	46	0	0	108	0	68	0	1	0	0	68	63	0	109	0	0	80	0	0	0	0	13	0	0	0	0	0	0	0	0	0	8	0	0	0	2	0	0	0	30	0	0	0	0	58	0	0	0	0	0	0	0	0	0	0	0	0	0	0	0	104	0	0	0	81	0	0	92	1	0	0	94	97	0	0	37	0	84	1	111	84.43
SRR5354187	32	0	0	55	0	39	0	0	0	0	65	58	0	87	0	0	46	0	0	0	0	6	0	0	0	0	0	0	0	0	0	5	0	54	0	0	0	0	0	21	0	0	0	0	40	0	0	0	0	0	0	0	0	0	0	0	0	0	0	0	65	0	0	0	50	0	0	64	0	0	0	88	89	0	0	18	2	73	0	97	57.57
SRR5354188	16	0	0	12	0	20	0	0	0	0	10	9	0	22	0	0	7	0	0	0	0	3	0	0	0	0	0	0	0	0	0	1	0	0	0	0	0	0	0	9	0	0	0	0	14	0	0	0	0	0	0	0	0	0	0	0	0	0	0	0	23	0	0	0	22	0	0	21	1	0	0	25	15	0	0	9	0	23	0	22	19.62
SRR5354189	51	0	0	68	0	51	0	0	0	0	52	61	0	70	0	0	44	0	1	0	0	15	0	0	1	0	0	0	0	0	0	3	0	0	0	0	0	0	0	29	0	0	0	0	58	0	0	0	0	0	0	0	0	0	0	0	13	0	0	0	96	0	0	0	14	0	0	59	0	0	0	77	80	0	0	48	0	76	0	92	71.63
SRR5354190	38	0	0	56	0	57	0	0	0	0	41	48	0	95	0	0	43	0	1	0	0	8	0	0	0	0	0	0	0	0	0	6	0	0	0	0	0	0	0	18	0	0	0	0	43	0	0	0	0	0	0	0	0	0	0	0	0	0	0	0	85	0	0	0	62	0	0	82	0	0	0	62	91	0	0	36	2	62	0	81	65.95
SRR5354191	5	0	0	10	0	7	0	0	0	0	2	2	0	8	0	0	11	1	0	0	0	1	0	0	0	0	0	0	0	0	0	1	0	0	0	0	0	0	0	6	0	0	0	0	3	0	0	0	0	0	0	0	0	0	0	0	0	0	0	0	2	0	0	0	9	0	0	6	1	0	0	4	1	0	0	4	3	9	1	14	5.47
SRR5354192	3	0	0	8	0	11	0	0	0	0	7	7	0	10	0	0	3	0	0	0	0	1	0	0	0	0	0	0	0	0	0	1	0	0	0	0	0	0	0	6	0	0	0	0	4	0	0	0	0	0	0	0	0	0	0	0	0	0	0	0	8	0	0	0	12	0	0	12	0	0	0	4	8	0	0	5	5	9	0	4	7.29
SRR5354193	20	0	0	13	0	16	0	0	0	0	9	11	0	18	0	0	5	0	2	0	0	1	0	0	0	0	0	0	0	0	0	0	0	0	0	0	0	0	0	11	0	0	0	0	4	0	0	0	0	0	0	0	0	0	0	0	0	0	0	0	20	0	0	0	5	0	0	28	0	0	0	16	15	0	0	10	0	7	0	18	13.66
SRR5354194	39	0	0	39	0	27	0	0	0	0	24	24	0	35	0	0	23	1	0	0	0	12	0	0	0	0	0	0	0	0	0	1	0	0	0	0	0	0	0	20	0	1	0	0	28	0	0	0	0	0	0	0	0	0	0	0	0	0	0	0	39	0	0	0	23	0	0	16	0	0	0	41	40	0	0	28	0	38	0	44	31.46
SRR5354195	24	0	0	27	0	17	0	0	0	0	15	11	0	34	0	0	13	0	0	0	0	7	0	0	0	0	0	0	0	0	0	0	0	0	0	0	0	0	0	15	0	1	0	0	20	0	0	0	0	0	0	0	0	0	0	0	0	0	0	0	20	0	0	0	18	0	0	27	0	0	0	15	22	0	0	8	0	26	0	35	20.55
SRR5354196	29	0	0	51	0	47	0	0	0	0	49	45	0	76	0	0	44	13	0	0	0	16	0	0	0	0	0	0	0	0	0	5	0	0	0	0	0	0	0	27	0	0	0	0	47	0	0	0	0	0	0	0	0	0	0	0	0	0	0	0	79	0	0	0	61	0	0	74	0	0	0	57	63	0	0	16	27	64	9	86	59.94
SRR5354197	77	23	0	87	0	65	0	0	0	0	61	71	1	93	0	0	59	0	0	0	0	18	0	0	0	0	0	0	0	0	0	4	0	0	0	0	0	0	0	46	0	0	0	0	55	0	0	0	0	0	0	0	0	0	0	0	0	0	0	0	80	0	0	0	77	0	0	91	0	0	0	105	99	0	0	65	8	69	1	112	78.89
SRR5354198	22	0	0	19	0	10	0	0	0	0	12	10	0	24	0	0	16	0	0	0	0	2	0	0	0	0	0	0	0	0	0	3	0	0	0	0	0	0	0	12	0	0	0	0	14	0	0	0	0	0	0	0	0	0	0	0	0	0	0	0	14	0	0	0	30	0	0	24	0	0	0	22	35	0	0	16	5	16	1	23	19.86
SRR5354199	83	0	0	130	0	99	0	0	0	0	90	90	0	127	0	0	78	0	0	0	69	16	0	0	0	0	0	0	0	0	0	9	0	0	0	0	0	0	0	62	0	0	0	0	78	0	0	0	0	0	0	0	0	0	0	0	0	1	0	0	134	0	0	0	131	0	0	112	0	0	0	129	140	0	0	75	0	100	0	139	111.56
SRR5354200	42	0	0	63	0	39	0	0	0	0	26	34	0	50	0	0	48	0	0	0	0	10	0	0	0	0	0	0	0	0	0	2	0	1	0	0	0	0	0	14	0	0	0	0	35	0	0	0	1	0	0	0	0	0	0	0	1	0	0	0	47	0	0	0	28	0	0	56	0	0	0	56	51	0	0	16	0	53	0	47	44.51
SRR5354201	35	0	0	28	7	47	0	0	0	0	32	35	0	52	0	0	36	0	0	0	0	12	0	0	0	0	0	0	0	0	0	0	0	0	0	0	0	0	0	14	0	0	0	0	45	0	0	0	0	0	0	0	0	0	0	0	0	0	0	0	48	0	0	0	51	0	0	44	0	0	0	57	59	0	0	36	0	50	0	61	46.6
SRR5354202	59	0	0	81	0	66	0	0	0	0	74	60	0	87	0	0	60	0	0	0	0	6	0	0	0	0	0	0	0	0	0	5	0	0	0	0	0	0	0	26	0	0	0	0	48	0	0	0	0	0	0	0	0	0	0	0	0	0	0	0	82	0	0	0	88	0	0	103	0	10	0	76	110	0	0	30	0	85	0	104	73.55
SRR5354203	49	0	0	64	0	58	0	0	0	0	38	38	0	35	0	0	50	0	0	0	0	9	0	0	0	0	0	0	0	0	0	1	0	0	0	0	0	0	0	21	0	0	0	0	28	0	0	0	0	0	0	0	0	0	0	0	0	0	0	0	44	0	0	0	50	0	0	55	0	0	0	60	53	0	0	34	0	37	0	47	43.62
SRR5354204	60	0	0	123	0	107	0	0	0	0	93	85	0	129	0	0	77	0	0	0	0	30	0	1	0	0	0	0	0	0	0	9	0	0	0	0	0	0	0	58	0	0	0	0	86	0	0	0	0	0	0	0	0	0	0	0	0	0	0	0	158	0	0	0	134	0	0	147	0	0	0	142	134	0	0	56	0	117	0	123	116.67
SRR5354205	33	0	0	36	0	45	0	0	0	0	33	18	0	47	0	0	29	0	2	0	0	6	0	0	0	0	0	0	0	0	0	3	0	2	0	0	0	0	0	21	0	0	0	0	20	0	0	10	18	0	0	0	0	0	0	0	0	0	0	0	61	0	0	0	37	0	0	43	0	0	0	51	29	0	0	12	0	52	0	62	38.13
SRR5354206	42	0	0	46	0	31	0	0	0	0	38	54	0	44	0	0	33	0	1	0	0	7	0	0	0	0	0	0	0	0	0	1	0	0	0	0	0	0	0	25	0	1	0	0	27	0	0	0	0	0	0	16	0	0	0	0	0	5	0	0	41	0	0	0	46	0	0	66	0	0	0	75	73	0	0	34	0	66	0	70	52.87
SRR5354207	133	0	0	163	0	144	0	0	0	0	121	112	0	177	0	0	124	0	0	0	0	25	0	0	14	0	0	0	0	0	0	11	0	0	0	0	0	0	0	74	0	0	0	1	119	0	0	0	0	0	0	0	0	0	0	0	0	1	0	0	182	0	0	0	187	0	0	179	0	0	0	178	172	0	0	83	0	183	0	175	153.81
SRR5354208	73	0	0	156	0	129	0	0	0	0	99	109	1	149	0	0	114	0	0	0	0	22	0	0	0	0	0	0	0	0	0	8	0	0	0	0	0	0	0	71	0	0	0	0	85	0	0	0	0	0	0	0	0	0	0	0	0	0	1	0	177	23	1	27	42	0	0	128	0	0	0	162	177	0	0	60	1	148	0	167	131.46
SRR5354209	24	0	0	23	0	17	0	0	0	0	29	23	0	27	0	0	24	0	0	0	0	3	1	0	0	0	0	0	0	0	0	0	0	0	0	0	0	0	0	8	0	0	0	0	10	0	0	0	0	0	0	0	0	0	0	0	0	0	0	0	38	0	0	0	14	0	0	14	0	0	0	16	20	0	0	24	0	29	0	18	21.34
SRR5354210	66	0	0	92	0	103	0	0	0	0	94	108	0	132	0	0	82	0	0	0	0	16	0	0	0	0	0	0	0	0	0	6	0	0	0	0	0	0	0	51	0	0	0	0	77	0	0	0	0	0	0	0	0	0	0	0	0	0	0	0	145	0	0	0	148	0	0	144	0	0	0	112	109	0	0	49	0	142	0	162	112.08
SRR5354211	107	0	0	118	0	78	0	0	0	0	77	86	0	100	0	0	96	0	0	0	0	17	0	0	11	0	0	0	0	0	0	11	0	0	0	0	0	0	0	44	0	0	0	0	67	0	0	0	0	0	0	0	0	0	0	0	0	8	0	1	130	0	0	0	119	0	0	114	0	0	0	98	143	0	0	45	0	139	0	146	98.92
SRR5354212	55	0	0	69	0	48	0	0	0	0	41	46	0	70	0	0	40	0	0	0	0	11	0	0	0	0	0	0	0	0	0	7	0	0	0	0	0	0	0	21	0	0	0	0	46	0	0	0	0	0	0	0	17	0	0	0	0	3	0	0	59	0	0	0	50	0	0	66	0	0	0	62	62	0	0	34	0	74	0	94	56.7
SRR5354213	133	0	0	169	0	125	0	0	0	0	104	113	0	183	0	0	119	0	38	0	0	19	0	0	0	0	0	0	0	1	0	12	0	0	0	0	0	0	0	57	0	0	0	26	122	0	0	0	0	0	0	0	0	0	0	0	0	4	0	0	188	0	0	0	164	0	0	168	0	0	0	161	192	0	0	82	0	164	0	190	152.23
SRR5354214	40	0	0	39	0	35	12	0	0	0	20	23	0	31	0	0	23	0	0	0	0	9	0	0	0	0	0	0	0	0	0	4	0	0	0	0	0	0	0	14	1	0	0	0	23	0	9	0	0	0	0	0	0	0	0	0	0	0	5	5	38	0	0	0	36	0	0	39	0	0	0	43	34	0	0	24	0	58	0	46	33.3
SRR5354215	55	0	0	111	0	86	0	0	0	0	85	88	0	90	0	0	97	0	1	0	0	9	0	0	0	0	0	0	0	0	0	5	0	0	0	0	0	0	0	55	15	0	1	0	78	0	0	0	0	0	0	0	0	0	0	0	0	0	0	0	138	0	0	0	82	0	0	124	0	0	0	105	115	0	0	63	0	121	0	98	103.9
SRR5354216	30	0	0	50	0	52	0	0	0	0	38	52	0	86	0	0	44	0	0	0	0	12	0	0	0	0	0	0	0	0	0	5	0	0	0	0	0	0	0	32	0	0	0	0	49	0	0	0	0	0	1	0	0	2	0	0	0	0	68	0	67	0	0	0	57	0	0	69	0	0	0	58	62	0	0	23	0	61	0	64	60.7
SRR5354217	59	0	0	119	0	92	0	1	0	0	86	73	0	134	0	22	102	0	0	0	0	21	0	0	0	0	0	0	0	0	0	9	0	1	0	0	15	0	0	63	0	0	0	0	72	0	0	0	0	0	0	0	0	0	0	0	0	0	0	0	129	0	19	0	77	0	0	143	0	0	0	152	158	0	0	59	0	115	0	137	110.78
SRR5354218	34	0	0	30	0	26	0	0	0	0	11	12	0	26	0	0	12	0	0	0	0	2	0	0	1	0	0	0	0	0	0	0	0	0	0	0	0	0	0	6	0	0	0	0	17	0	0	0	0	0	0	0	0	0	0	0	0	2	0	0	29	0	0	0	30	0	0	24	0	0	0	30	33	0	0	13	0	38	0	37	20.82
SRR5354219	53	0	0	69	0	63	0	21	0	0	59	75	0	88	0	0	81	0	0	0	0	20	0	0	0	0	0	0	0	0	0	8	0	0	0	0	0	0	0	47	0	1	0	0	47	0	0	0	0	0	0	0	0	0	0	0	0	0	0	0	92	0	0	0	79	0	0	91	0	0	0	110	108	0	0	45	0	86	0	107	80.46
SRR5354220	51	0	0	106	0	87	0	0	0	0	70	58	0	118	0	0	92	0	0	0	0	16	0	0	0	0	0	0	0	0	0	7	0	0	0	0	1	0	0	40	1	1	1	0	54	0	0	0	0	0	0	0	0	0	0	0	0	0	3	0	124	0	0	0	92	0	69	96	0	0	0	102	109	0	0	47	0	86	0	115	92.78
SRR5354221	45	0	0	107	0	69	0	0	0	0	62	76	0	99	0	1	63	0	0	0	0	12	0	0	0	0	0	0	0	0	0	12	1	0	0	0	0	0	0	40	0	1	0	0	49	0	0	0	0	0	0	0	0	0	0	0	0	0	5	0	92	0	0	0	15	0	0	118	0	0	0	116	109	0	0	44	0	74	0	127	85.89
SRR5354222	77	0	0	91	0	100	0	0	0	0	59	88	0	136	0	0	71	0	0	0	0	19	0	0	0	0	0	0	0	0	0	6	0	0	0	0	0	0	0	55	0	0	0	0	70	0	0	0	0	0	0	0	0	0	0	0	0	0	4	0	100	0	0	0	79	1	0	110	0	0	0	106	124	0	0	51	0	91	0	116	94.3
SRR5354223	14	0	0	6	0	10	0	0	0	0	14	12	0	18	0	0	9	0	0	0	0	3	0	0	0	0	0	0	0	0	0	0	0	0	0	0	0	0	0	3	0	2	6	0	10	0	0	0	0	0	0	0	0	0	0	0	0	0	0	0	16	0	0	0	14	0	0	13	0	0	0	15	8	0	0	2	0	17	0	20	12.68
SRR5354224	95	0	0	123	0	81	0	0	0	0	79	108	0	100	0	0	70	0	0	0	0	10	0	0	0	0	0	0	0	0	0	6	0	0	0	0	0	0	0	49	0	1	0	0	73	1	0	0	0	0	0	0	0	0	0	0	0	0	0	1	138	0	0	0	110	120	0	140	0	0	0	117	113	0	0	81	0	127	0	126	102.19
SRR5354225	86	0	0	114	0	105	0	0	0	0	91	99	0	138	0	0	93	0	1	0	0	15	0	0	1	0	0	0	0	0	0	10	0	0	0	0	0	0	0	67	0	0	0	0	88	0	0	0	0	0	0	0	0	0	0	0	0	0	0	0	109	0	0	0	123	0	0	138	0	0	0	145	183	0	0	32	0	159	0	163	118.6
SRR5354226	29	0	0	77	0	84	0	0	0	0	65	75	0	81	0	0	61	0	0	0	0	8	0	0	0	0	0	0	0	0	0	5	0	1	0	0	0	0	0	39	0	82	0	0	59	0	0	0	0	0	0	0	0	0	0	0	0	0	0	0	88	0	0	0	100	0	0	109	0	0	0	113	103	0	0	21	0	103	0	90	85.51
SRR5354227	104	0	0	161	0	147	0	0	0	0	116	123	0	180	0	0	82	0	0	0	0	21	0	0	0	0	0	0	0	0	0	12	0	0	0	0	0	20	0	66	0	0	1	0	73	0	0	0	0	0	0	0	0	0	0	0	0	0	1	0	117	1	0	0	156	0	0	157	0	0	0	193	175	0	0	93	0	133	0	177	147.14
SRR5354228	41	0	0	75	0	68	0	0	0	0	57	51	0	82	0	0	44	0	0	0	0	11	0	0	0	0	0	0	0	0	0	7	0	0	0	0	0	0	0	28	2	0	0	1	41	0	0	0	0	0	0	0	0	0	0	0	0	0	0	0	83	0	0	0	54	1	0	73	0	0	0	86	98	0	21	45	0	64	0	100	70.43
SRR5354229	80	0	0	116	0	104	0	0	0	0	102	107	0	159	0	0	111	0	0	0	0	19	0	0	0	0	0	0	1	0	0	8	0	0	0	0	0	0	0	68	0	0	0	0	94	0	0	0	0	2	0	0	0	0	0	0	0	2	0	0	116	0	0	0	131	0	0	164	58	0	0	140	180	0	0	67	0	121	0	155	123.16
SRR5354230	52	0	0	82	0	49	0	0	0	17	57	53	0	72	0	0	48	0	0	0	0	9	0	0	0	0	0	0	0	0	0	8	0	0	0	0	0	0	0	38	0	0	0	0	38	0	0	0	0	0	0	1	0	0	30	0	0	1	0	0	77	0	0	0	63	0	0	64	0	0	0	53	93	0	0	35	1	52	0	76	58.07
SRR5354231	16	0	0	27	0	30	0	0	0	0	30	25	0	53	0	0	29	0	0	0	0	6	0	0	0	0	0	0	0	0	0	5	0	0	0	2	0	0	0	21	0	0	0	0	25	0	0	0	0	0	0	0	0	0	0	0	1	2	0	0	40	0	0	0	43	0	0	35	0	0	0	48	64	0	0	20	0	44	0	45	41.3
SRR5354232	9	0	0	21	0	14	0	0	0	0	10	12	0	18	0	0	21	0	0	0	0	2	0	0	0	0	0	0	0	0	0	2	0	0	0	0	0	0	0	8	0	1	0	0	9	0	0	0	0	0	0	0	0	0	0	0	0	0	0	0	31	0	0	0	6	0	0	20	0	0	0	10	17	0	0	4	0	12	0	16	16.38
SRR5354233	4	0	0	14	0	7	0	0	0	0	2	2	0	13	0	0	7	0	0	0	0	1	0	0	0	0	0	0	0	0	0	0	0	0	0	0	0	0	0	7	0	0	0	0	7	0	0	0	0	0	0	0	0	0	0	0	0	0	0	0	4	0	0	0	7	0	0	10	0	0	0	8	8	0	0	5	0	8	0	19	8.95
SRR5354234	14	0	0	32	0	38	0	0	0	0	24	19	0	36	0	0	28	0	1	0	0	7	0	0	0	0	0	0	0	0	0	1	0	0	0	0	0	0	0	14	2	0	0	0	22	0	0	0	0	0	0	0	0	0	0	0	0	0	0	0	34	0	0	0	45	0	0	31	0	0	0	34	37	0	0	8	0	31	0	21	27.72
SRR5354235	22	0	0	23	0	13	0	0	0	0	7	12	0	18	0	0	11	0	0	0	0	1	0	0	0	0	0	0	0	0	0	2	0	0	0	0	0	0	0	14	0	0	0	0	14	0	0	0	0	0	0	0	0	0	0	0	0	1	0	0	26	0	0	0	9	0	0	10	0	0	0	21	23	0	0	5	0	21	0	12	14.63
SRR5354236	86	0	0	106	0	100	0	0	0	0	101	102	0	120	0	0	83	0	2	1	0	13	0	0	0	0	0	0	0	0	0	7	0	0	0	0	0	0	0	51	0	0	0	0	81	0	0	0	0	0	0	0	0	0	0	0	0	5	0	0	131	0	0	0	94	0	0	119	0	0	0	143	125	0	0	65	0	114	0	147	111.91
SRR5354237	136	0	0	294	0	235	0	0	0	0	203	223	0	307	0	0	224	0	0	0	0	49	0	0	0	0	0	0	0	0	0	17	0	0	0	0	0	0	0	184	0	0	0	0	196	0	0	0	0	0	0	0	0	0	0	0	0	5	0	0	313	0	0	0	263	0	0	305	0	0	0	303	340	0	0	95	0	311	0	296	262.85
SRR5354238	79	0	0	101	0	88	0	0	0	0	64	63	0	120	0	0	66	0	0	0	0	17	0	0	0	0	0	0	0	0	0	8	0	0	0	0	0	0	0	57	0	1	0	0	64	0	0	0	0	0	0	0	0	0	0	0	0	0	0	0	132	0	0	2	77	0	0	81	0	0	15	99	128	0	0	53	0	105	0	132	92.77
SRR5354239	85	0	0	92	0	76	0	0	0	0	57	72	0	91	0	0	66	0	0	0	0	20	0	0	0	0	0	0	0	0	0	0	0	0	0	0	0	0	0	43	0	2	0	0	65	0	0	0	0	0	15	0	0	0	0	0	1	0	0	0	104	0	0	0	96	0	0	92	0	0	0	102	112	0	0	57	0	116	0	137	86.87
SRR5354240	153	0	103	137	0	153	0	0	70	0	109	144	0	176	0	0	117	0	0	0	0	27	0	0	0	0	0	0	0	0	0	11	0	0	0	0	0	0	0	89	0	0	0	0	97	0	0	0	0	0	0	0	0	0	0	0	0	0	0	0	180	0	0	0	199	0	3	185	0	0	0	209	209	0	0	125	0	184	0	204	160.34
