cells	chrMT:143:G/A	chrMT:564:G/A	chrMT:755:G/A	chrMT:988:G/A	chrMT:1193:T/C	chrMT:1336:G/A	chrMT:1435:A/G	chrMT:1440:G/A	chrMT:1504:T/C	chrMT:1560:T/C	chrMT:1709:G/A	chrMT:1793:G/A	chrMT:2244:T/C	chrMT:2623:A/G	chrMT:2698:G/A	chrMT:2784:A/G	chrMT:3244:G/A	chrMT:3633:T/C	chrMT:4231:A/G	chrMT:4309:G/A	chrMT:4360:G/A	chrMT:4703:T/C	chrMT:4769:A/G	chrMT:6701:A/G	chrMT:7028:C/T	chrMT:7543:A/G	chrMT:7847:G/A	chrMT:8116:A/G	chrMT:8860:A/G	chrMT:9484:T/C	chrMT:9494:A/G	chrMT:9891:T/C	chrMT:10060:T/C	chrMT:11004:G/A	chrMT:11153:A/C	chrMT:11529:T/C	chrMT:12501:G/A	chrMT:13269:A/G	chrMT:13277:T/C	chrMT:13483:A/G	chrMT:13633:G/A	chrMT:13676:A/G	chrMT:13970:G/A	chrMT:14060:T/C	chrMT:14261:T/C	chrMT:15236:A/G	chrMT:15243:G/C	chrMT:15471:T/C	chrMT:15779:T/C	chrMT:16134:C/T	chrMT:16213:G/A	chrMT:16293:A/G	depth
SRR5354241	0	0	0	0	0	0	0	0	0	0	0	0	0	0	0	0	0	0	28	0	0	0	48	0	59	0	0	0	21	60	0	0	0	0	0	0	0	0	0	0	0	0	0	0	0	0	0	0	0	33	0	0	204.17
SRR5354242	0	0	1	0	0	0	0	0	0	0	0	0	0	0	0	0	0	0	21	0	0	0	30	0	39	0	0	0	15	0	0	0	0	0	0	0	0	0	0	0	0	0	0	0	0	0	0	0	0	5	0	0	138.34
SRR5354243	0	0	0	0	0	0	0	0	0	0	0	0	0	0	0	0	0	1	11	0	0	0	11	0	9	0	0	0	6	0	0	0	0	0	0	0	0	0	0	0	0	0	0	0	0	0	1	0	0	3	0	0	39.94
SRR5354244	0	0	0	0	0	0	0	0	0	0	0	0	1	0	0	0	0	0	12	0	0	0	6	1	17	0	0	0	9	1	0	0	0	0	0	0	0	0	0	0	0	0	0	0	0	0	1	0	12	38	0	0	64.77
SRR5354245	0	0	0	0	0	0	0	0	0	0	0	0	0	0	0	0	0	0	1	0	0	0	0	0	1	0	0	0	1	0	0	0	0	0	0	0	0	0	0	0	0	0	0	0	0	0	0	0	0	0	0	0	7.19
SRR5354246	2	0	0	0	0	0	0	0	22	21	0	0	0	0	0	0	0	0	14	0	0	0	20	0	23	0	0	0	12	0	0	0	0	0	0	0	0	0	0	0	0	0	0	0	0	0	1	0	0	1	0	0	99.29
SRR5354247	0	0	0	0	0	0	0	0	1	0	0	0	0	0	0	0	0	0	31	0	0	0	49	0	53	0	0	0	35	0	25	0	0	0	0	0	0	1	0	0	0	0	0	37	0	0	0	0	0	113	0	0	188.55
SRR5354248	0	0	0	0	0	0	0	0	0	0	0	0	0	0	0	0	0	0	17	0	0	0	27	0	27	0	0	0	16	5	0	0	0	0	0	0	1	0	0	0	0	0	0	0	0	0	0	0	0	20	0	0	94.21
SRR5354249	0	0	0	0	0	0	0	0	0	0	0	0	0	0	0	0	0	0	12	0	0	0	20	1	22	0	0	0	17	4	0	0	0	0	0	0	0	0	0	0	0	0	0	0	0	0	1	0	0	7	0	0	83.14
SRR5354250	0	0	0	0	0	0	0	0	4	4	0	0	0	0	0	0	0	0	37	0	0	0	42	1	39	0	0	0	18	0	0	0	0	0	0	0	0	0	0	0	0	0	0	0	0	0	0	0	0	61	0	0	173.68
SRR5354251	0	0	0	0	0	0	0	0	4	3	0	0	0	0	0	0	0	0	58	0	0	0	72	0	78	0	0	0	59	0	0	0	0	0	0	0	0	0	0	0	0	0	0	0	0	0	0	0	0	110	0	0	267.49
SRR5354252	0	0	0	0	0	0	0	0	0	0	0	0	0	0	0	0	0	2	19	0	0	0	20	0	26	0	0	0	17	0	0	0	0	0	0	0	0	0	0	0	0	0	0	0	0	0	0	0	0	14	0	0	78.68
SRR5354253	0	0	0	0	0	0	0	0	0	0	0	0	0	0	0	1	0	0	19	0	0	0	21	3	20	0	0	0	5	0	0	0	0	0	0	0	0	0	0	0	1	0	0	0	0	0	0	0	0	8	0	0	129.02
SRR5354254	0	0	0	0	0	0	0	0	0	0	0	0	1	0	0	0	0	0	3	0	0	0	3	0	4	0	0	0	2	0	0	0	0	0	0	0	0	0	0	0	1	0	0	0	0	0	0	0	0	5	0	0	10.56
SRR5354255	0	0	0	0	0	0	0	0	0	0	0	0	0	0	0	0	0	0	6	0	0	0	8	0	15	0	0	0	8	0	0	0	0	0	0	0	0	0	0	0	1	0	0	0	0	0	0	0	0	5	0	1	34.87
SRR5354256	0	0	0	0	0	0	0	1	0	0	0	0	0	0	0	0	0	0	90	1	0	0	118	0	117	0	0	0	77	0	0	0	0	0	0	0	0	0	0	0	0	0	0	0	1	0	0	0	0	117	0	0	478.95
SRR5354257	0	0	0	0	0	0	0	0	0	0	0	0	0	0	0	0	0	0	3	0	0	0	11	0	4	0	0	0	4	0	0	0	0	0	0	0	0	0	0	0	0	0	0	0	0	0	0	0	0	3	0	0	24.47
SRR5354258	0	0	0	0	0	0	0	0	0	0	0	0	0	0	0	0	0	0	13	0	0	0	17	0	22	0	0	0	14	0	0	0	0	0	0	0	0	0	0	0	0	0	0	0	0	0	2	0	0	3	0	0	97.39
SRR5354259	0	0	0	0	0	1	0	0	0	0	0	2	3	0	0	0	0	0	28	0	0	0	23	1	35	0	57	0	25	0	0	0	0	0	0	0	0	0	0	0	0	0	0	0	0	0	0	0	0	46	0	0	178.59
SRR5354260	0	0	0	0	0	0	0	0	0	0	0	0	0	0	0	0	0	0	8	0	0	0	17	1	17	0	2	0	15	0	0	0	0	0	0	0	0	0	0	0	0	0	0	0	0	1	2	0	0	36	0	0	78.32
SRR5354261	0	0	0	0	0	0	0	0	0	0	0	0	0	0	0	0	0	18	27	0	0	0	25	0	35	0	0	0	10	0	0	49	0	0	0	0	0	0	0	0	1	0	0	0	0	0	1	0	0	46	0	0	135.51
SRR5354262	0	0	0	0	0	0	0	0	0	0	0	0	0	0	0	0	0	0	32	0	0	0	42	2	38	0	0	0	20	0	0	0	0	0	0	0	0	0	0	1	0	43	0	0	0	1	0	0	0	12	0	0	137.59
SRR5354263	0	0	0	0	0	0	0	0	0	0	0	51	0	0	0	0	0	0	26	0	0	0	24	0	46	0	0	0	26	0	0	0	0	0	0	0	0	0	0	0	0	0	0	0	0	0	0	0	0	5	0	0	187.87
SRR5354264	0	0	0	0	0	0	0	0	0	0	0	0	0	0	0	0	0	0	14	0	0	0	21	0	34	0	0	0	20	0	0	0	0	0	0	0	0	0	0	0	0	0	0	0	0	0	0	0	0	32	0	0	114.28
SRR5354265	0	0	0	0	0	0	0	0	0	0	0	0	0	0	0	0	1	4	48	0	0	0	53	0	79	0	1	0	22	0	0	3	0	0	0	0	0	1	0	0	0	0	0	0	0	0	0	0	0	56	0	0	244.55
SRR5354266	0	0	0	0	0	0	0	0	0	0	0	0	0	0	0	0	0	0	7	0	0	0	15	0	8	0	0	0	11	0	0	1	0	0	0	0	0	0	0	0	0	0	0	0	0	0	0	0	0	12	0	0	39.85
SRR5354267	0	0	0	0	0	0	0	0	0	0	0	0	1	0	0	0	0	0	20	0	24	0	22	0	32	0	0	0	10	0	0	1	0	0	0	0	0	0	0	0	0	0	0	0	0	0	1	0	0	30	0	0	110.17
SRR5354268	0	0	0	0	0	0	1	0	0	0	0	0	0	0	0	0	0	0	2	0	0	0	1	1	9	0	0	0	8	0	0	0	0	0	0	0	0	0	0	0	0	0	0	0	0	0	0	0	0	1	0	0	24.06
SRR5354269	0	0	0	0	0	0	0	0	0	0	0	1	0	0	0	0	0	0	18	0	0	0	18	1	40	0	0	0	17	0	0	0	0	0	0	0	0	0	0	0	0	0	0	0	0	0	0	0	0	66	0	0	107.9
SRR5354270	0	0	0	0	0	0	0	0	0	0	0	2	0	0	54	0	0	0	20	0	0	0	25	0	41	0	0	0	19	0	0	0	0	1	0	0	0	0	0	0	0	0	0	0	0	0	0	0	0	14	0	0	169.39
SRR5354271	0	0	29	0	0	0	0	0	0	0	0	0	0	0	0	1	28	0	27	0	0	0	52	0	42	0	8	0	21	0	0	0	0	0	0	0	0	0	0	0	0	0	0	0	0	0	0	0	0	88	0	0	234.25
SRR5354272	0	0	0	0	0	0	0	0	0	0	0	0	0	0	0	0	0	0	29	0	6	46	42	0	34	0	5	0	23	0	0	0	0	118	0	0	0	0	0	0	0	0	0	0	0	1	0	0	1	5	0	0	260.63
SRR5354273	0	0	0	0	0	0	0	0	0	0	0	0	0	0	0	1	0	1	15	0	0	0	28	0	21	0	2	0	23	0	0	3	0	0	0	0	0	0	0	0	0	0	0	0	0	0	0	0	0	2	0	0	127.01
SRR5354274	0	0	0	0	0	0	0	0	0	0	0	0	0	0	0	0	0	0	8	0	0	0	24	0	28	0	0	0	17	0	0	0	0	0	0	0	0	49	0	0	0	0	0	0	0	0	0	0	0	37	0	0	115.64
SRR5354275	0	0	0	0	0	1	0	0	0	0	0	3	0	0	0	0	0	0	18	0	0	0	39	0	43	0	0	0	14	0	0	0	0	0	44	0	0	0	0	0	1	0	67	0	0	0	0	0	0	32	0	0	124.34
SRR5354276	0	0	0	0	0	0	0	0	0	0	0	2	0	0	0	0	0	33	114	0	0	0	173	0	193	1	0	0	111	0	0	0	0	0	0	0	0	0	0	0	2	0	0	0	1	0	0	0	0	113	2	0	662.04
SRR5354277	0	0	0	0	0	0	0	0	0	0	0	0	0	0	0	0	0	0	24	11	1	0	42	0	35	0	0	0	16	0	0	0	0	0	0	0	0	0	0	0	0	0	0	0	0	0	0	0	0	9	0	0	121.66
SRR5354278	0	0	0	0	0	0	0	0	0	0	0	0	0	0	0	0	0	0	15	0	3	0	19	1	18	0	2	0	8	0	0	0	9	0	0	0	0	0	0	0	0	0	0	0	0	0	1	0	0	17	0	0	66.92
SRR5354279	0	0	0	0	0	0	0	0	0	0	0	0	0	0	0	0	0	0	13	0	5	1	16	0	16	0	7	0	9	0	0	0	0	0	0	0	0	0	0	0	0	0	0	0	0	0	0	0	0	9	0	0	69.2
SRR5354280	0	0	0	0	0	0	0	0	0	0	0	0	0	2	0	0	0	273	29	0	0	0	47	0	39	0	0	0	17	0	0	0	0	0	0	0	0	0	0	0	0	0	0	0	0	0	0	0	0	124	0	0	262.71
SRR5354281	0	0	0	0	0	0	0	0	0	0	0	0	0	0	0	0	0	0	15	0	0	0	28	0	25	0	0	0	17	0	0	0	0	0	0	0	0	0	0	36	0	0	0	0	0	0	0	94	0	1	0	0	87.85
SRR5354282	0	0	0	94	0	0	0	0	0	0	0	0	0	0	0	0	0	2	28	0	0	0	29	0	30	0	0	0	17	0	0	0	0	0	0	0	0	0	0	0	0	0	0	0	0	0	0	0	0	87	0	0	166.08
SRR5354283	0	0	0	0	0	0	0	0	0	0	0	0	0	0	0	0	0	0	18	0	0	1	27	0	20	0	0	0	16	0	0	0	0	4	0	0	0	0	0	0	0	0	0	0	0	0	0	0	0	21	0	0	66.59
SRR5354284	0	0	0	0	0	1	0	0	0	0	0	0	0	0	0	1	1	83	40	0	0	0	45	0	60	1	0	0	33	0	0	0	0	1	0	0	0	0	0	0	0	0	0	0	0	0	1	0	0	46	0	65	210.06
SRR5354285	0	0	0	0	0	0	1	0	0	0	0	0	0	0	0	0	0	2	16	0	1	0	28	0	19	0	0	0	11	0	0	0	0	1	0	0	0	0	0	0	0	0	0	0	0	0	0	0	0	7	0	0	118.79
SRR5354286	0	0	0	0	0	0	0	0	0	0	0	0	0	49	0	0	0	0	27	0	0	0	36	0	45	0	0	0	26	0	0	0	0	0	0	0	0	0	0	0	0	0	0	0	0	0	0	0	0	1	0	0	132.39
SRR5354287	0	0	0	0	0	0	0	0	0	0	0	0	0	0	0	0	0	0	44	0	0	0	40	1	47	0	0	0	25	0	0	0	0	0	0	0	0	0	0	0	0	0	0	0	0	0	0	0	0	126	0	0	202.99
SRR5354288	0	0	0	0	0	0	0	0	0	0	0	0	0	0	0	0	0	1	24	0	0	0	19	0	39	0	0	0	29	0	0	0	0	0	0	0	0	0	0	0	0	0	0	0	0	0	0	0	0	67	0	0	122.65
SRR5354289	0	0	1	0	0	0	0	0	0	0	0	0	0	0	0	0	0	0	44	0	0	0	50	0	49	0	0	0	13	1	0	0	0	1	0	0	0	0	0	0	0	0	0	0	2	0	0	0	0	61	0	1	220.14
SRR5354290	0	0	0	0	0	0	0	0	0	0	0	0	0	0	0	0	0	0	13	0	0	1	8	0	22	18	0	0	3	0	0	0	0	3	0	0	0	0	0	0	0	0	0	0	0	0	0	0	0	7	0	0	94.15
SRR5354291	0	0	0	0	0	0	5	0	0	0	0	0	0	0	0	0	3	0	6	0	0	1	9	0	6	0	0	0	3	0	0	0	0	6	0	0	0	0	0	0	0	0	0	0	0	0	0	0	0	13	0	2	30.76
SRR5354292	0	0	0	0	0	0	0	0	0	1	0	0	0	0	0	0	0	5	14	0	0	0	26	0	22	0	0	0	9	0	0	0	0	0	0	0	0	0	0	0	0	0	0	0	0	0	2	0	0	7	1	0	112
SRR5354293	0	0	0	0	0	0	0	0	0	0	0	0	0	0	0	0	0	2	3	0	0	0	5	0	4	0	0	0	3	0	0	0	0	0	0	0	0	0	0	0	0	0	0	0	0	0	0	0	0	6	0	0	16.91
SRR5354294	0	0	0	0	0	0	0	0	0	0	0	0	0	0	0	0	0	0	13	0	0	0	24	0	27	0	0	0	5	0	0	0	0	0	0	0	0	0	56	0	0	0	0	0	0	0	0	0	0	2	0	0	109.26
SRR5354295	0	0	0	0	0	0	0	0	0	0	0	0	0	0	0	1	3	0	13	1	0	0	17	0	17	0	0	7	7	0	0	0	0	0	0	0	0	0	0	0	0	0	0	0	0	0	0	0	0	30	0	0	80.18
SRR5354296	0	0	0	0	0	0	0	0	0	0	0	0	0	0	0	0	2	0	2	0	0	0	4	0	7	0	0	0	4	0	0	0	0	0	0	0	0	0	0	0	0	0	0	0	0	0	0	0	0	13	0	2	22.45
SRR5354297	0	0	0	0	0	0	0	0	0	0	0	0	0	0	0	0	1	0	7	1	0	0	11	0	8	0	0	0	3	0	0	0	0	0	0	0	0	0	0	0	0	0	0	0	0	0	0	0	0	10	1	0	33.47
SRR5354298	0	0	0	0	0	0	0	0	0	0	0	0	0	0	0	0	0	3	3	0	0	0	4	0	3	0	0	0	3	0	0	0	0	0	0	0	0	0	0	0	0	0	0	0	0	0	0	0	0	7	0	0	10.32
SRR5354299	0	0	0	0	0	0	0	0	0	0	0	0	0	0	0	0	0	4	59	0	0	0	60	0	74	0	0	0	30	0	0	0	0	0	0	0	1	0	0	0	0	0	0	0	0	0	0	0	1	7	0	0	379.99
SRR5354300	0	0	0	0	0	0	0	0	0	0	0	0	0	0	0	0	0	6	23	0	0	0	36	0	29	0	0	0	14	0	0	0	0	0	0	0	0	0	0	0	0	0	0	0	0	0	0	0	0	12	0	0	149.39
SRR5354301	0	0	0	0	0	0	0	0	0	0	0	0	0	0	0	0	1	1	10	0	0	0	15	0	19	0	0	0	11	0	0	0	0	0	0	0	0	0	0	0	0	0	0	0	0	0	0	0	0	28	0	0	59.87
SRR5354302	0	0	0	0	0	0	0	0	0	0	0	0	0	0	0	1	0	2	22	5	0	0	37	0	49	0	0	0	31	0	0	0	0	0	0	0	0	0	0	0	0	0	0	0	0	0	0	0	0	61	0	4	131.5
SRR5354303	0	0	0	0	0	0	0	0	0	0	0	0	1	0	0	0	0	6	14	2	0	0	18	0	28	1	0	0	19	0	0	0	0	0	0	0	0	0	0	0	0	0	0	0	0	0	0	0	0	19	0	2	71.3
SRR5354304	0	0	0	0	0	1	0	0	0	1	0	0	0	0	0	0	0	0	20	0	0	0	30	0	36	0	0	0	21	0	0	0	0	0	0	0	0	0	0	0	0	0	0	0	0	0	0	0	0	50	0	0	110.44
SRR5354305	0	0	0	0	0	0	0	0	0	0	0	0	0	0	0	0	0	1	25	0	0	0	35	0	37	0	0	0	18	0	0	0	0	0	0	0	0	0	0	0	0	0	0	0	0	0	0	0	0	5	0	0	133.13
SRR5354306	1	0	0	0	0	0	0	0	0	0	0	0	0	0	0	0	0	3	6	0	0	0	8	0	13	0	0	0	4	0	0	0	0	0	0	0	0	0	0	0	0	0	0	0	0	0	0	0	0	4	0	0	47.1
SRR5354307	0	0	0	0	0	0	0	0	0	0	0	0	14	0	0	0	0	12	18	1	0	0	39	0	32	0	0	0	17	0	0	0	0	0	0	0	0	0	0	0	0	0	0	0	0	0	33	0	0	30	0	7	128.32
SRR5354308	0	0	0	0	0	0	0	0	0	0	0	0	0	0	0	1	0	15	32	0	0	0	46	1	47	0	0	0	29	0	0	0	0	0	0	0	0	0	0	0	0	0	0	0	0	0	0	0	0	109	0	9	214.07
SRR5354309	0	0	0	0	0	0	0	0	0	0	0	0	0	0	0	0	0	7	102	0	0	0	148	0	176	0	0	0	72	0	0	0	0	0	0	0	0	0	0	0	0	0	0	0	0	0	0	0	0	135	0	5	600.31
SRR5354310	0	127	0	0	0	0	0	0	0	0	0	0	0	0	0	0	0	0	36	0	0	0	54	0	67	0	0	0	38	0	0	0	0	0	0	0	0	0	0	0	0	0	0	0	1	0	0	0	0	11	0	0	207.73
SRR5354311	0	0	0	0	0	1	0	0	0	0	0	0	0	0	0	0	0	0	32	0	0	0	42	0	57	0	0	0	29	0	0	0	0	0	0	0	0	0	2	0	0	0	0	0	0	0	0	0	0	154	44	0	252.48
SRR5354312	0	0	0	0	0	0	0	0	0	0	0	0	0	0	0	0	0	0	21	0	0	0	29	0	26	0	0	0	10	0	0	0	0	0	0	0	0	0	0	0	95	0	0	0	13	0	0	0	0	11	0	0	120.56
SRR5354313	4	0	0	0	0	45	0	0	0	0	0	0	1	0	0	36	0	11	24	0	0	0	26	0	37	0	0	0	28	0	0	0	0	0	0	50	0	0	0	0	0	0	0	0	1	0	0	0	0	45	0	9	150.8
SRR5354314	0	0	0	0	0	0	0	0	0	0	0	0	0	0	0	0	0	4	35	0	0	0	34	0	47	2	0	0	24	0	0	0	0	0	0	0	0	0	0	0	0	0	0	0	0	0	0	0	0	46	0	7	190.5
SRR5354315	0	0	0	0	0	0	0	0	0	0	0	0	0	0	0	0	0	0	28	0	0	0	24	0	31	3	0	0	25	0	0	0	0	0	0	0	0	0	0	0	0	0	0	0	0	0	0	0	0	64	0	2	122.52
SRR5354316	0	0	0	0	0	0	0	0	0	0	0	0	0	0	0	0	0	0	24	0	0	0	37	67	31	0	0	0	7	0	0	0	0	2	0	0	0	0	0	0	0	0	0	0	0	0	0	0	0	30	0	0	158.66
SRR5354317	0	0	0	0	0	0	0	0	0	0	0	0	0	0	0	0	0	0	4	0	0	0	8	0	15	0	0	0	2	0	0	0	0	0	0	0	0	0	1	0	0	0	0	0	0	0	1	0	0	19	0	0	25.74
SRR5354318	0	0	0	0	0	0	0	0	0	0	0	0	0	0	0	0	18	0	16	0	0	0	29	0	27	0	0	0	13	0	0	0	0	0	0	0	0	0	1	0	0	0	0	0	0	0	0	0	0	34	0	0	102.13
SRR5354319	0	0	0	0	0	0	0	0	0	0	0	0	0	0	0	0	0	0	17	0	0	0	9	0	18	1	0	0	12	0	0	0	0	0	0	0	0	0	0	0	0	0	0	0	0	0	0	0	0	29	0	0	45.92
SRR5354320	0	0	0	0	0	0	0	5	0	0	0	0	0	0	0	0	0	0	14	0	0	0	16	0	24	3	0	0	15	0	0	0	0	0	0	0	0	0	0	0	0	0	0	0	0	0	0	0	0	19	0	0	56.1
SRR5354321	0	0	0	0	0	0	0	0	0	0	0	0	0	0	0	0	0	0	23	0	0	0	30	0	31	1	0	0	12	0	0	0	0	0	0	0	0	0	0	0	0	0	0	1	0	0	0	0	0	12	0	0	117.86
SRR5354322	0	0	0	0	0	0	0	0	0	1	0	0	0	0	0	0	0	5	81	0	0	0	123	0	133	0	0	0	58	0	0	0	0	0	0	0	0	0	0	0	1	0	0	0	0	0	0	0	0	117	0	0	507.17
SRR5354323	0	0	0	0	0	0	0	0	0	0	0	0	0	0	0	0	0	0	6	0	0	0	18	0	15	0	0	0	5	0	0	0	0	0	0	0	0	0	0	0	0	0	0	0	0	36	0	0	0	10	0	0	87.42
SRR5354324	0	0	0	0	0	1	0	0	0	0	0	0	0	0	0	0	0	0	41	0	0	0	81	0	109	0	0	0	52	0	0	1	0	0	0	0	0	0	0	0	0	0	0	0	0	0	0	0	5	9	0	0	260.97
SRR5354325	0	0	0	0	0	0	0	0	0	0	0	0	0	0	0	0	0	0	7	0	0	0	9	0	9	1	0	1	12	0	0	0	0	0	0	0	0	0	0	0	0	0	0	0	0	0	0	0	0	12	0	0	32.99
SRR5354326	0	0	0	0	63	0	0	0	0	0	0	0	1	0	0	0	0	0	46	0	0	0	82	0	79	0	0	0	54	0	0	0	0	0	0	0	0	0	0	0	0	0	0	0	0	0	0	0	0	103	0	0	275.85
SRR5354327	0	0	0	0	0	0	0	0	0	0	0	0	0	0	0	0	0	0	13	0	0	0	19	0	27	0	0	1	17	0	0	0	0	0	0	0	0	0	0	0	0	0	0	0	0	0	0	0	0	25	0	0	82.39
SRR5354328	27	0	0	0	0	0	0	0	0	0	0	0	0	0	0	0	0	91	39	0	0	0	47	0	35	0	0	0	18	0	0	0	0	0	0	0	0	0	0	0	1	0	0	0	1	0	1	0	0	1	0	0	216.35
SRR5354329	0	0	0	0	0	0	0	0	0	0	0	0	0	0	0	0	0	1	37	0	0	0	52	0	54	0	0	0	34	0	0	0	0	0	0	0	0	0	0	0	0	0	0	0	0	0	0	0	0	58	0	0	229.81
SRR5354330	0	0	0	0	0	0	0	0	0	0	0	0	0	0	0	0	0	4	13	0	0	0	16	0	18	0	0	0	9	0	0	0	0	0	0	0	0	0	0	0	0	0	0	0	0	0	0	0	0	11	0	0	82.84
SRR5354331	0	0	0	0	0	0	0	0	0	0	0	0	0	0	0	0	0	0	2	0	0	0	8	0	12	0	0	0	7	0	0	0	0	0	0	1	0	0	0	0	0	0	0	0	0	0	1	0	0	14	0	0	25.77
SRR5354332	0	0	0	0	0	0	0	0	0	0	0	0	0	0	0	0	0	0	0	0	0	0	0	0	0	0	0	0	0	0	0	0	0	0	0	0	0	0	0	0	0	0	0	0	0	0	0	0	0	0	0	0	0
SRR5354333	0	0	0	0	0	0	0	0	0	0	0	0	0	0	0	0	23	0	51	0	0	0	74	0	95	0	0	0	43	0	0	0	0	0	0	0	93	0	0	0	0	0	0	0	0	0	0	0	0	19	0	0	318.57
SRR5354334	0	0	0	0	0	0	0	0	0	0	0	0	0	0	0	0	0	0	29	0	0	0	40	0	37	0	0	0	21	0	0	0	0	2	0	0	0	0	0	0	1	0	0	0	1	0	0	0	0	1	0	0	156.37
SRR5354335	0	0	0	0	0	0	0	0	0	0	38	0	0	0	0	0	0	0	29	0	0	0	61	2	65	0	0	1	36	0	0	0	0	0	0	0	0	0	0	0	0	0	0	0	1	1	0	0	0	16	0	0	250.42
SRR5354336	0	0	0	0	0	0	0	0	0	0	0	0	0	1	0	0	0	0	12	0	0	0	11	0	23	0	0	0	7	0	0	0	0	0	0	0	0	0	0	0	0	0	0	0	1	0	0	0	0	15	0	0	58.06
