cells	chrMT:204:T/C	chrMT:642:T/C	chrMT:674:T/C	chrMT:676:G/A	chrMT:865:A/G	chrMT:1300:A/G	chrMT:1567:A/G	chrMT:1592:T/C	chrMT:1606:G/A	chrMT:1611:G/A	chrMT:1767:G/A	chrMT:1836:A/G	chrMT:1941:G/A	chrMT:2004:G/A	chrMT:2371:T/C	chrMT:2425:A/G	chrMT:2623:A/G	chrMT:2786:T/C	chrMT:3160:A/G	chrMT:3244:G/A	chrMT:3344:T/C	chrMT:3578:T/C	chrMT:3887:A/G	chrMT:4225:A/C	chrMT:4841:G/A	chrMT:4969:G/A	chrMT:5497:T/C	chrMT:5788:T/C	chrMT:5917:G/A	chrMT:5925:T/C	chrMT:6116:A/G	chrMT:6160:T/C	chrMT:6179:G/A	chrMT:6183:T/C	chrMT:6337:T/C	chrMT:6384:G/A	chrMT:6513:G/A	chrMT:6524:T/C	chrMT:7165:T/C	chrMT:7571:A/G	chrMT:8060:G/A	chrMT:8075:G/A	chrMT:8136:T/C	chrMT:8165:G/A	chrMT:9182:G/A	chrMT:9449:C/G	chrMT:9667:A/G	chrMT:10187:T/C	chrMT:10512:T/A	chrMT:10711:T/C	chrMT:10726:G/A	chrMT:10905:T/C	chrMT:10966:T/C	chrMT:10978:A/G	chrMT:11223:T/C	chrMT:11453:G/A	chrMT:11719:G/A	chrMT:12060:A/C	chrMT:12090:T/C	chrMT:12315:G/A	chrMT:12367:A/G	chrMT:12733:A/G	chrMT:13269:A/G	chrMT:13367:G/A	chrMT:13487:C/T	chrMT:13706:T/C	chrMT:13965:T/C	chrMT:14314:A/G	chrMT:14459:G/C	chrMT:14727:T/C	chrMT:14798:T/C	chrMT:14804:G/A	chrMT:15109:T/C	chrMT:15246:G/A	chrMT:15674:T/C	chrMT:15780:A/G	chrMT:15874:A/T	chrMT:16039:G/A	chrMT:16129:G/A	chrMT:16293:A/G	chrMT:16519:T/C	depth
SRR5354721	0	15	0	0	4	0	1	0	0	0	0	0	0	1	0	0	2	0	0	0	0	0	0	0	0	0	0	0	0	3	0	0	0	0	0	0	0	0	1	0	0	0	0	0	0	0	0	0	0	0	0	0	0	0	0	0	1105	0	0	0	0	0	6	0	9	0	0	0	0	0	912	0	0	0	0	0	0	0	4	0	935	1158.17
SRR5354722	0	118	0	0	69	0	0	0	0	0	0	0	0	0	0	0	0	0	0	0	0	0	0	0	0	1	0	0	0	12	0	0	0	0	0	0	0	0	0	0	3	0	0	0	0	0	0	0	0	0	0	0	0	0	0	0	474	0	0	0	0	12	0	0	84	0	1	0	0	0	436	0	0	0	0	0	0	0	0	0	362	527.53
SRR5354723	0	5	0	0	0	0	0	0	0	0	0	0	0	1	0	0	0	0	0	0	0	0	0	1	0	0	0	0	0	0	0	0	0	0	0	0	0	0	0	0	0	0	0	0	0	0	0	0	0	0	0	0	52	0	0	0	174	0	0	0	0	2	0	0	0	0	0	0	0	0	170	1	0	0	0	0	0	0	0	0	164	198.12
SRR5354724	2	0	0	0	86	0	0	0	0	0	0	0	0	0	0	0	34	0	0	0	0	0	0	0	2	0	0	0	0	4	0	0	0	0	0	0	0	0	2	0	0	0	0	0	0	0	0	0	0	0	0	0	0	0	20	0	103	0	0	0	0	0	92	0	93	0	0	0	0	0	144	0	0	0	0	0	0	0	0	0	148	143.48
SRR5354725	0	2	0	0	0	0	0	0	0	0	0	0	0	0	0	0	0	0	0	0	0	0	0	0	0	0	0	0	0	0	0	0	0	0	0	0	0	0	0	0	0	0	0	0	0	0	0	0	0	0	0	0	0	0	0	0	95	1	0	0	0	0	0	0	0	0	33	0	0	0	100	0	0	0	0	0	0	0	0	1	134	170.62
SRR5354726	0	1	0	0	0	0	0	0	0	0	0	0	0	0	0	0	0	0	0	0	0	0	2	0	0	0	0	0	0	0	0	0	0	0	0	0	0	0	0	0	0	0	0	0	0	0	0	0	0	0	0	0	0	0	0	0	68	0	0	0	0	0	0	0	0	0	0	0	0	0	62	0	0	0	0	0	0	0	0	0	77	91.43
SRR5354727	0	0	0	0	4	160	0	0	0	0	0	0	0	0	0	0	0	0	0	0	0	0	0	0	0	0	0	0	0	0	0	0	0	0	0	0	0	0	0	0	0	0	0	0	0	0	0	0	0	0	0	0	0	0	0	0	130	0	0	0	0	0	0	0	3	0	0	0	0	0	107	0	0	0	0	0	0	0	0	0	94	148.55
SRR5354728	0	0	0	0	0	0	0	0	0	0	0	0	0	0	0	0	0	0	0	0	0	0	31	0	0	0	0	0	0	0	0	0	0	0	0	0	0	0	0	0	0	0	0	0	0	0	0	0	0	0	0	0	0	0	0	0	128	0	0	0	0	0	0	0	0	0	0	0	0	0	87	0	0	0	1	0	0	18	0	0	80	132.41
SRR5354729	1	116	0	0	36	0	0	0	0	0	0	0	0	0	0	0	0	0	0	0	0	0	0	0	0	0	1	0	0	28	0	0	0	0	0	0	0	0	0	0	0	0	0	0	0	0	0	0	0	0	0	0	0	0	0	0	1002	1	0	0	0	26	0	0	37	0	0	2	0	0	755	0	0	0	1	0	0	0	11	1	724	1046.95
SRR5354730	0	0	0	0	0	0	0	0	0	0	0	0	0	0	0	0	0	0	0	0	0	0	0	0	0	0	0	0	0	0	0	0	0	0	0	0	0	0	0	0	0	0	0	0	0	0	0	0	0	0	0	0	0	0	0	0	34	0	0	0	0	0	0	0	0	0	0	0	0	0	28	0	0	0	0	0	0	0	0	0	43	61.49
SRR5354731	0	0	0	0	0	0	0	0	0	0	0	0	0	0	0	0	0	0	0	0	0	0	0	0	0	0	0	0	0	0	0	0	0	0	0	0	0	0	0	0	0	0	0	0	0	0	0	0	0	0	0	0	0	0	0	0	1	0	0	0	0	0	0	0	0	0	0	0	0	0	7	0	0	0	0	0	0	0	0	0	8	8.65
SRR5354732	0	0	0	0	0	0	0	0	0	0	0	0	0	1	0	0	0	2	0	0	0	0	0	0	0	0	0	0	0	14	0	0	0	0	0	0	0	0	0	0	0	0	0	0	0	0	0	2	0	0	0	0	0	0	0	0	45	0	0	0	0	0	0	0	0	0	0	0	0	0	55	1	0	0	0	0	0	0	0	0	49	61.09
SRR5354733	0	1	0	0	0	0	0	0	0	0	0	0	0	0	0	0	0	0	0	0	0	0	0	0	0	0	0	0	0	0	0	0	0	0	0	0	0	0	0	0	0	0	0	0	0	0	0	0	0	0	0	0	0	0	0	0	9	0	0	0	0	0	0	0	0	0	0	0	0	0	9	0	0	0	0	0	0	0	0	0	7	11.06
SRR5354734	0	0	0	0	2	0	0	0	0	0	0	0	0	0	0	0	0	2	0	0	0	0	0	0	0	0	58	0	0	1	0	0	0	0	0	0	0	0	0	0	0	0	1	0	0	0	0	0	0	0	0	0	0	0	0	0	76	0	0	0	0	0	0	0	1	0	0	0	0	0	60	0	0	0	0	0	0	0	0	0	60	95.2
SRR5354735	0	0	0	0	6	0	0	0	0	0	0	0	0	0	0	1	0	0	0	0	0	0	0	0	0	0	0	0	0	9	0	0	0	0	0	0	0	0	0	0	1	0	1	0	0	0	0	0	0	0	0	0	0	0	0	0	128	0	0	0	0	0	0	0	15	0	0	0	0	0	141	0	0	0	0	0	0	0	4	1	129	170.55
SRR5354736	0	0	0	0	0	0	0	0	0	0	0	0	0	0	0	0	0	0	0	0	0	0	0	0	0	0	0	0	0	0	0	0	0	0	0	0	0	0	0	0	0	0	0	0	0	0	0	0	0	0	0	0	0	0	0	0	2	0	0	0	0	0	0	0	0	0	0	0	0	0	0	0	0	0	0	0	0	0	0	0	2	4.7
SRR5354737	0	0	0	0	0	0	0	0	0	0	0	0	0	0	0	0	0	0	0	0	0	0	0	0	0	0	0	0	0	0	0	0	0	0	0	0	0	0	0	0	0	0	0	0	0	0	0	0	0	0	0	0	0	0	0	0	1	0	0	0	0	0	0	0	0	0	0	0	0	0	0	0	0	0	0	0	0	0	0	0	2	3.11
SRR5354738	0	36	0	0	0	0	0	0	54	0	0	0	0	0	0	0	0	5	0	0	0	0	0	0	0	0	0	0	0	11	0	0	0	0	0	0	0	0	0	0	0	0	0	0	0	0	0	38	30	0	0	0	1	0	0	0	198	0	0	0	0	0	0	0	56	0	0	1	0	0	202	0	0	0	0	0	0	0	8	0	214	250.58
SRR5354739	0	1	0	0	0	0	0	0	0	0	0	0	0	0	0	0	0	0	0	0	0	0	0	0	0	0	0	0	0	0	0	0	0	0	0	0	0	0	0	0	0	0	0	0	0	0	0	0	0	0	0	0	0	0	0	0	16	0	0	0	0	0	0	0	0	0	0	0	0	0	10	0	0	0	0	0	0	0	0	0	21	22.62
SRR5354740	0	8	0	0	0	0	0	0	0	0	0	0	0	0	0	0	0	0	0	0	0	0	0	0	0	0	0	0	0	1	0	0	0	0	0	0	0	0	0	0	0	0	0	0	0	0	0	0	0	0	0	0	0	0	0	0	20	0	0	0	0	0	0	0	1	0	0	0	0	0	9	0	0	0	0	0	0	0	0	0	15	22.66
SRR5354741	0	11	0	0	4	0	0	0	0	0	7	0	0	0	0	0	0	1	0	0	0	0	0	0	0	0	0	0	0	1	0	0	0	0	0	0	0	0	0	0	0	0	0	0	0	0	0	0	0	0	0	0	0	0	0	0	29	0	0	0	0	38	0	0	3	0	0	0	0	0	19	0	0	0	0	0	0	0	0	0	34	43.9
SRR5354742	0	41	0	0	0	0	0	0	0	0	0	0	1	0	0	0	0	34	0	0	0	0	0	0	0	0	0	0	0	0	0	0	0	0	0	0	0	0	0	0	0	0	0	0	0	0	0	0	0	0	0	0	0	0	0	0	86	0	0	0	0	0	0	0	0	0	0	0	0	0	82	0	0	0	0	0	0	0	0	0	101	141.65
SRR5354743	0	3	0	0	0	0	0	0	0	0	0	0	44	0	0	0	0	0	0	0	0	0	0	0	0	25	0	0	0	0	0	0	0	0	0	1	0	0	0	1	0	0	0	0	0	0	0	0	0	0	0	0	0	0	0	0	115	0	0	0	0	0	0	0	0	0	0	0	0	0	75	0	0	0	0	0	0	0	0	0	103	132.82
SRR5354744	0	2	0	0	0	0	0	0	0	0	0	0	0	0	0	0	0	0	0	0	0	0	0	0	0	0	0	0	0	0	0	0	0	0	0	0	0	0	0	0	0	0	0	1	0	0	0	0	0	0	0	0	0	0	0	0	48	0	0	0	0	0	0	0	0	0	0	0	0	0	38	0	0	0	0	0	0	0	0	0	48	77.21
SRR5354745	0	3	0	77	0	0	0	0	0	0	0	0	0	0	0	0	0	0	0	0	0	0	0	0	0	0	0	0	0	0	0	0	0	0	2	0	0	0	0	0	0	0	0	0	0	0	0	0	0	0	0	0	0	0	0	0	137	0	0	0	0	0	0	0	2	0	0	0	0	0	123	0	0	0	0	0	0	0	0	2	147	154.24
SRR5354746	0	1	0	0	0	0	0	0	0	0	0	0	0	0	0	0	0	0	0	0	0	0	0	0	0	0	0	0	0	0	0	0	0	1	0	0	0	2	0	0	1	0	1	0	0	0	0	0	0	0	0	0	0	0	0	0	169	0	67	0	0	0	0	0	1	0	0	0	0	45	172	0	0	0	0	0	0	0	0	1	152	221.39
SRR5354747	4	11	0	0	1	0	0	0	0	0	0	0	0	0	0	2	45	0	0	9	0	0	0	0	0	0	0	0	0	9	0	0	0	0	1	0	0	0	0	0	0	0	2	0	0	0	1	0	0	0	0	0	0	0	0	0	683	0	0	0	0	39	1	0	0	0	0	0	0	1	528	0	0	0	0	0	0	0	0	2	526	749.32
SRR5354748	0	34	0	0	0	0	0	0	0	0	0	0	0	0	0	22	0	0	0	0	0	0	1	0	0	0	0	0	0	0	0	77	0	0	0	1	0	0	0	0	0	0	0	0	0	0	0	0	0	0	0	0	0	0	0	0	153	0	0	0	0	0	0	0	0	0	0	0	0	0	120	2	0	0	0	0	0	0	0	0	137	172.1
SRR5354749	0	0	0	0	0	0	0	0	0	0	0	0	0	0	0	0	0	0	0	0	0	0	0	0	0	0	0	0	0	0	0	0	0	0	0	0	0	0	0	0	0	0	0	0	0	0	0	0	0	0	0	0	0	0	0	0	6	0	0	0	0	0	0	0	0	0	0	0	0	0	0	0	0	0	0	0	0	0	0	0	4	4.3
SRR5354750	1	26	0	0	0	0	0	0	0	0	0	0	0	0	0	0	0	0	0	0	83	0	0	0	0	0	0	1	0	0	1	0	0	67	0	0	0	0	0	0	0	0	0	0	0	0	0	0	0	0	1	0	0	0	0	0	298	0	0	0	0	0	0	0	0	0	0	0	0	0	267	0	0	0	0	0	0	0	0	3	255	324.41
SRR5354751	0	0	0	0	0	0	0	0	0	0	0	0	0	0	0	0	0	0	0	0	0	0	0	0	0	0	0	0	0	0	0	0	0	0	0	0	0	0	0	0	0	1	0	0	0	0	0	0	0	0	0	0	0	0	0	0	25	0	0	0	0	0	0	0	0	0	0	0	0	0	23	0	0	0	0	0	0	0	0	0	19	22.66
SRR5354752	0	1	0	0	0	0	0	0	0	0	0	0	0	0	0	0	0	0	0	0	0	0	0	0	0	0	0	0	0	0	0	1	0	0	0	0	0	0	0	0	0	0	0	0	0	0	0	0	0	0	0	0	0	0	0	0	123	0	0	0	0	0	0	0	1	0	0	0	0	0	159	0	0	0	0	0	0	0	0	0	120	153.32
SRR5354753	0	1	0	0	0	0	0	0	0	0	0	0	0	0	0	0	0	0	0	0	1	0	0	0	0	0	0	0	0	3	0	0	0	1	0	0	0	0	0	0	0	0	0	0	0	0	0	0	0	0	0	0	0	0	0	0	20	0	0	0	0	0	0	0	1	0	0	0	0	0	18	0	0	0	0	0	0	0	0	3	25	28.21
SRR5354754	0	2	0	0	0	0	0	0	0	0	0	0	0	0	0	0	0	0	0	0	0	0	0	0	0	0	0	0	0	0	0	0	0	0	0	0	0	0	0	0	0	0	0	0	0	0	0	0	0	0	0	0	0	0	0	0	152	0	0	0	0	0	0	0	0	0	0	0	0	0	155	0	0	0	0	0	1	0	0	0	101	160.95
SRR5354755	0	54	0	0	0	0	0	0	0	0	0	0	0	0	0	0	0	0	0	0	0	0	0	0	0	0	0	0	0	8	6	0	1	3	3	0	0	0	0	0	0	0	0	0	0	0	0	0	0	0	0	0	0	0	0	0	443	0	0	0	0	0	0	0	0	0	0	0	0	0	385	0	69	0	0	0	0	0	0	0	328	479.33
SRR5354756	0	3	0	0	0	0	1	0	0	0	0	0	0	0	0	0	0	0	0	0	1	0	0	0	0	0	0	0	0	0	2	0	0	1	0	0	0	0	0	0	2	0	0	0	0	0	0	0	0	0	1	0	0	0	0	0	180	0	0	0	0	0	0	0	0	0	0	0	0	0	162	0	3	0	0	0	0	0	0	0	129	198.54
SRR5354757	0	0	0	0	0	0	0	0	0	0	0	0	0	28	0	0	0	0	0	0	4	0	0	0	0	0	0	0	0	1	0	0	0	0	0	0	0	4	0	0	70	0	0	0	0	0	0	0	0	0	0	0	0	0	0	0	114	0	0	0	0	0	0	0	0	0	0	0	0	0	125	0	0	0	0	0	0	0	0	0	114	159.22
SRR5354758	0	0	0	0	1	0	0	0	0	0	0	0	0	0	0	0	0	0	0	0	0	0	0	0	0	0	0	0	0	0	0	0	0	0	0	0	0	0	0	0	0	0	0	0	0	0	0	0	0	0	0	0	0	0	0	0	73	0	0	0	0	0	0	0	1	0	0	0	0	0	60	0	0	0	1	0	0	0	0	0	49	81.63
SRR5354759	0	57	0	0	0	0	0	0	0	0	0	0	0	0	0	0	0	0	0	0	0	0	0	0	0	0	0	0	0	2	0	0	0	0	0	0	0	0	0	0	0	0	0	0	0	0	0	0	0	0	0	0	0	0	0	0	95	0	0	0	0	0	0	0	0	0	0	0	0	0	80	0	0	0	0	0	0	0	0	0	68	108.34
SRR5354760	0	0	0	0	0	0	0	0	0	0	0	0	0	0	0	0	0	0	0	0	0	0	0	0	0	0	0	0	0	0	1	0	0	1	0	1	0	0	0	0	0	0	0	0	0	0	0	0	0	0	0	0	0	0	0	32	139	0	0	0	0	0	0	0	0	0	0	0	0	0	103	0	2	0	0	0	0	0	0	0	90	143.69
SRR5354761	0	2	0	0	0	0	0	0	0	0	0	0	0	0	0	0	0	0	0	0	0	0	0	0	0	0	0	0	0	0	1	0	0	0	0	0	0	0	0	0	0	0	0	0	0	0	0	0	0	0	0	0	0	0	0	0	9	0	0	0	0	0	0	0	0	0	0	0	0	0	8	0	4	0	0	0	0	0	0	0	17	11.76
SRR5354762	0	2	0	0	0	0	0	0	0	0	0	0	0	0	0	0	0	0	0	0	0	0	0	0	0	0	0	0	0	0	1	0	0	0	0	0	0	0	0	0	0	0	0	0	0	0	0	0	0	0	0	0	0	0	0	0	111	0	0	0	0	0	0	0	0	0	1	0	0	0	86	1	7	0	0	0	0	0	0	0	65	114.65
SRR5354763	0	0	0	0	78	0	0	1	0	0	0	0	0	0	0	0	0	0	0	0	0	0	0	0	0	0	0	0	0	11	0	0	0	0	0	0	0	1	0	0	0	0	73	0	0	0	0	0	0	1	0	0	0	0	0	0	280	0	0	0	0	0	0	0	70	0	0	0	0	0	295	0	0	0	0	0	0	0	0	0	201	321.84
SRR5354764	0	0	0	0	5	0	0	0	0	0	0	0	0	0	0	0	1	0	0	0	0	0	0	0	0	0	0	0	0	1	0	0	0	0	0	0	14	2	0	0	0	0	0	0	0	0	0	0	0	0	0	0	0	0	0	0	102	0	0	0	0	0	2	0	2	0	0	0	0	0	101	0	0	0	0	0	0	0	0	0	79	109.61
SRR5354765	0	1	0	0	1	0	33	0	0	0	0	0	0	0	0	0	0	0	0	0	0	0	0	0	0	0	0	0	0	0	0	0	0	0	0	0	0	3	0	0	0	0	0	0	0	0	0	0	0	0	0	1	0	0	0	0	108	0	0	0	0	0	2	0	6	2	0	0	0	0	123	0	0	0	0	0	0	0	0	0	79	126.36
SRR5354766	0	1	0	0	0	0	0	0	0	0	0	0	0	0	0	0	0	0	0	0	1	0	0	0	0	0	0	0	0	0	1	0	0	0	0	0	0	0	0	0	0	0	0	0	0	0	0	0	0	0	0	0	0	0	0	3	99	0	0	0	0	0	0	0	0	0	0	0	0	0	77	0	1	0	2	0	0	0	0	0	74	107.55
SRR5354767	0	54	0	0	0	0	0	0	0	0	0	0	0	0	0	0	0	0	0	10	0	0	0	0	0	0	0	0	0	0	0	0	0	0	0	0	0	0	0	0	0	0	0	0	0	0	0	0	0	0	0	0	0	0	0	3	163	0	0	0	0	0	0	0	0	0	0	0	0	0	151	0	0	0	0	0	0	0	0	0	129	186.79
SRR5354768	0	0	0	0	0	0	0	0	0	0	0	0	0	0	0	0	4	0	0	0	0	0	0	0	0	0	0	0	0	1	0	0	0	0	0	0	0	0	0	0	0	0	0	0	0	0	0	0	0	0	0	0	0	0	0	1	24	0	0	0	0	0	0	0	0	0	0	0	0	0	14	0	0	0	0	0	0	0	0	0	25	31.4
SRR5354769	0	1	0	0	2	0	0	0	0	0	0	0	0	0	0	0	2	0	0	0	0	0	0	0	0	0	0	1	0	0	0	0	0	0	0	0	0	0	0	0	0	0	1	0	0	0	0	0	0	0	0	0	0	0	0	0	214	1	0	0	0	0	0	0	0	0	0	0	0	0	194	0	0	0	0	0	0	0	0	0	236	222.91
SRR5354770	0	1	0	0	8	0	0	0	0	0	0	0	0	0	0	0	0	0	0	0	2	0	1	0	2	0	0	4	0	2	0	0	0	0	0	0	0	1	0	0	0	0	0	0	0	0	0	1	0	0	0	0	0	0	0	0	122	0	0	1	0	0	11	64	19	0	0	0	0	0	115	0	0	0	0	0	0	0	0	0	98	158.47
SRR5354771	0	13	0	0	0	0	0	0	0	0	0	0	0	0	0	0	1	0	0	0	0	0	0	0	0	0	0	3	0	7	0	0	0	0	0	0	0	0	0	0	0	0	0	0	0	0	0	0	0	0	0	0	0	0	0	0	148	0	0	4	0	1	0	0	0	0	0	0	0	0	133	0	0	0	0	0	0	0	0	0	120	157.15
SRR5354772	0	1	0	0	0	0	0	0	0	0	0	0	0	0	0	0	0	0	0	2	0	0	0	0	0	0	0	0	0	5	45	0	0	0	0	0	0	0	0	0	0	0	0	0	0	0	0	0	0	0	0	0	0	0	0	0	201	0	0	0	0	0	33	0	34	0	0	0	0	0	215	0	0	0	0	0	0	0	0	0	184	232.18
SRR5354773	0	9	0	0	0	0	0	0	0	0	0	0	0	0	0	0	0	0	0	0	0	8	0	0	0	0	0	0	0	0	0	0	0	0	0	0	0	0	7	0	0	0	0	0	0	0	0	0	0	0	0	0	0	0	0	0	34	0	0	0	0	0	0	0	0	0	0	0	0	0	26	0	0	0	0	0	0	0	0	0	47	57.49
SRR5354774	0	0	0	0	0	0	0	0	0	0	0	0	0	0	0	0	0	0	0	0	0	0	0	0	0	0	0	0	0	0	0	0	92	0	0	0	0	2	0	0	0	0	0	0	0	153	0	0	0	0	0	0	0	0	0	2	160	0	0	0	0	0	0	0	0	0	0	0	0	0	186	0	0	0	0	0	0	0	0	0	183	216.57
SRR5354775	0	32	0	0	0	4	0	0	0	0	0	0	0	0	0	1	0	0	0	0	0	0	0	0	0	0	0	1	0	1	0	0	0	0	0	0	0	0	0	0	0	0	0	0	0	0	0	0	0	0	0	0	0	0	0	0	231	0	1	2	0	14	2	0	1	0	2	0	0	0	237	0	0	0	0	0	0	0	0	62	215	329.02
SRR5354776	0	42	0	0	0	0	0	0	0	0	0	0	0	0	0	0	0	0	0	0	0	0	0	0	1	0	0	1	0	0	0	0	0	0	0	6	3	0	0	0	0	0	0	0	0	0	0	0	0	0	0	0	0	0	0	0	73	0	0	0	0	0	0	0	1	0	0	0	0	0	88	0	0	0	0	0	0	0	0	0	62	91.13
SRR5354777	0	2	0	0	1	0	0	0	0	0	0	0	0	0	1	0	0	0	0	34	0	0	0	0	0	0	0	0	0	1	0	0	0	0	0	8	0	0	0	0	0	0	0	0	0	0	0	0	0	0	0	0	0	0	0	0	268	0	0	0	1	0	0	0	0	0	0	0	0	0	231	0	0	0	0	0	0	0	0	0	217	288.7
SRR5354778	0	2	0	0	0	0	0	0	0	0	0	0	0	0	0	0	0	0	0	0	0	0	0	0	0	4	0	0	0	3	0	0	0	0	0	0	0	0	0	0	0	0	0	0	0	0	0	0	0	0	0	0	0	0	0	0	17	2	0	0	0	0	0	0	0	0	0	0	0	0	17	0	0	0	0	0	0	0	0	0	14	21.85
SRR5354779	0	2	0	0	0	0	0	0	0	0	0	0	0	0	0	0	0	0	0	0	0	0	0	0	0	0	0	0	0	0	0	0	0	0	0	0	0	0	0	0	0	0	0	0	0	0	0	0	0	0	0	0	0	0	0	0	58	0	0	0	0	0	0	0	0	0	0	0	0	0	59	0	0	0	0	0	0	0	0	0	58	70.09
SRR5354780	0	91	0	0	0	0	0	0	0	0	0	0	0	0	0	0	0	0	0	0	0	0	0	0	0	0	0	1	0	0	0	0	0	0	0	0	0	0	0	0	0	0	0	19	0	0	0	0	0	0	0	0	0	0	0	0	161	0	0	0	0	0	0	0	0	0	0	0	0	0	182	0	0	0	0	0	0	0	0	0	108	185.15
SRR5354781	0	0	0	0	0	0	0	0	0	0	0	0	0	0	0	0	2	0	0	0	0	0	0	0	0	0	0	0	0	0	0	0	0	0	0	6	0	0	0	0	0	0	0	0	0	0	0	0	0	0	0	0	0	0	0	0	167	0	0	0	0	0	0	0	0	0	0	0	0	0	194	0	0	0	0	0	0	0	0	0	186	212.51
SRR5354782	0	0	0	0	0	0	0	0	0	0	0	0	0	0	0	0	0	0	0	0	0	0	0	0	0	0	0	0	0	0	0	0	0	0	0	0	1	0	0	0	0	0	0	0	1	0	0	0	0	0	0	0	0	0	0	0	208	1	0	0	0	8	0	0	0	0	0	0	0	0	208	1	0	0	0	1	0	0	0	0	201	239.45
SRR5354783	0	0	0	0	84	0	0	0	0	0	0	0	0	0	1	0	16	0	0	0	0	0	0	0	0	0	0	0	3	14	0	0	0	0	0	0	0	49	0	0	0	0	0	0	0	0	0	0	0	0	0	0	0	0	0	0	298	4	0	0	1	0	86	0	77	0	0	0	0	0	291	0	0	0	0	1	0	0	0	0	232	360.6
SRR5354784	9	55	0	0	0	0	0	0	0	0	0	0	0	0	0	0	0	0	1	0	0	0	0	0	0	0	0	0	0	0	0	0	0	0	0	0	0	0	0	0	0	0	0	0	0	0	0	0	0	1	0	0	0	0	0	0	125	0	0	0	0	0	0	0	0	0	0	0	0	0	100	0	0	0	0	0	0	0	0	0	130	146.67
SRR5354785	0	10	0	0	0	0	0	0	0	0	0	0	0	0	0	0	0	0	0	0	0	0	0	0	0	0	0	0	0	1	0	0	1	0	0	0	0	0	0	0	0	0	0	0	0	0	0	0	0	0	0	0	0	0	0	0	125	0	0	0	0	0	0	0	8	0	0	0	0	0	95	0	0	2	0	0	0	0	0	0	114	150.51
SRR5354786	0	133	0	0	0	0	0	1	0	0	0	0	0	0	0	0	0	0	0	0	33	0	0	0	0	1	0	0	0	0	0	0	0	0	0	3	0	0	0	0	0	0	0	0	0	0	0	0	0	0	1	0	0	0	0	0	253	0	0	0	0	0	0	0	0	0	0	1	0	0	267	0	0	0	0	0	1	0	0	0	246	325.34
SRR5354787	0	3	0	0	0	0	0	0	0	0	0	0	0	0	0	0	0	0	0	0	0	0	0	0	0	0	0	0	1	0	0	0	0	0	94	0	0	1	0	0	0	0	0	0	0	0	0	0	0	0	0	0	0	0	0	0	138	3	0	0	0	0	0	0	1	0	0	0	0	0	74	0	0	0	0	0	0	0	1	0	98	114.86
SRR5354788	0	5	0	0	1	0	0	0	0	0	0	0	0	0	0	0	0	0	0	0	0	0	0	0	48	0	0	95	1	0	0	0	0	0	0	0	0	0	0	0	0	0	0	0	0	0	0	0	0	0	0	0	0	0	0	0	141	2	0	24	0	0	0	0	0	0	0	0	0	0	160	0	0	0	0	0	0	0	0	0	127	159.78
SRR5354789	0	6	0	0	0	0	0	0	0	0	0	0	0	0	0	0	0	0	0	0	0	0	2	0	1	0	2	0	0	0	0	0	0	0	0	0	0	0	0	0	0	0	0	0	36	0	0	0	0	0	0	0	0	0	0	0	237	0	0	0	0	0	0	0	6	0	0	0	0	0	250	0	0	0	0	0	0	0	0	0	190	271.7
SRR5354790	0	187	0	0	1	0	0	0	0	0	0	0	0	0	0	0	0	0	0	0	0	0	0	10	0	0	0	0	0	0	0	0	0	0	0	0	0	0	0	0	0	0	0	0	0	0	0	0	0	0	0	0	0	0	0	0	194	0	0	0	0	3	0	0	0	0	0	0	0	0	178	0	0	0	0	0	0	0	1	0	175	228.24
SRR5354791	0	1	0	0	0	0	0	0	0	0	0	0	0	0	0	0	0	0	0	0	0	0	2	0	0	0	1	0	0	0	0	0	0	0	0	0	0	0	0	0	0	0	0	0	0	0	0	0	0	0	0	0	0	0	0	0	240	0	0	0	0	0	0	0	0	0	0	0	0	0	241	0	0	0	83	0	0	0	0	0	238	291.92
SRR5354792	0	1	0	0	27	0	0	0	0	0	0	0	0	0	1	0	0	0	0	0	0	0	0	0	0	0	0	0	0	7	0	0	0	0	0	0	0	0	0	0	0	0	0	0	0	0	0	0	0	0	0	0	0	0	0	0	100	0	1	0	0	1	0	0	39	0	0	0	0	0	112	0	0	0	0	0	0	0	0	0	100	123.55
SRR5354793	1	1	0	0	0	0	0	0	0	0	0	0	0	0	88	0	0	0	0	0	0	0	0	0	0	0	0	0	0	0	0	0	0	0	0	205	0	0	0	0	0	0	0	0	0	0	0	0	0	0	0	0	0	1	0	0	256	0	0	0	28	0	0	0	0	0	0	0	0	0	237	0	0	41	0	0	0	0	0	25	202	284.49
SRR5354794	0	13	0	0	0	0	0	8	0	0	0	0	0	0	0	0	0	0	0	0	0	0	0	0	0	1	0	0	0	0	0	0	0	0	0	0	0	0	0	0	0	0	0	0	0	0	0	0	0	0	0	0	0	0	0	0	101	0	0	0	0	0	0	0	1	0	0	0	0	0	61	0	0	0	0	0	0	0	0	0	75	98.28
SRR5354795	0	0	0	0	0	0	0	0	0	0	0	0	0	0	0	0	0	0	0	0	0	0	0	0	0	16	0	0	25	0	0	0	0	0	0	0	0	0	0	0	0	0	0	0	0	0	0	0	0	0	0	0	0	0	0	0	294	60	0	0	0	0	0	0	1	0	0	0	0	0	259	0	0	0	0	73	0	0	0	0	247	303.72
SRR5354796	0	0	0	0	0	0	0	0	0	0	0	0	0	0	0	0	0	0	56	0	0	0	0	0	0	0	0	0	0	0	0	0	0	0	0	0	0	0	0	0	0	0	0	0	0	0	34	0	0	0	0	0	0	0	0	0	146	0	0	0	0	0	0	0	0	0	0	0	0	0	144	0	0	0	1	0	0	0	0	0	147	180.58
SRR5354797	0	27	0	0	0	0	0	0	0	0	0	0	0	0	0	0	0	0	0	0	0	0	0	0	0	0	0	0	0	2	0	0	0	0	1	0	0	0	0	0	0	0	0	0	0	0	0	0	0	0	0	0	0	0	0	0	29	0	0	0	0	0	0	0	16	0	0	0	0	0	32	0	0	0	0	0	0	0	0	0	77	76.62
SRR5354798	0	0	0	0	0	0	0	0	0	0	0	0	0	0	0	0	0	0	0	0	0	0	0	0	0	0	0	0	0	0	0	0	0	0	0	0	0	0	0	0	0	0	0	0	0	0	0	0	0	0	0	0	0	0	0	0	17	0	0	0	0	0	0	0	0	0	0	0	0	0	8	0	0	0	0	0	0	0	0	0	17	24.06
SRR5354799	0	54	0	0	0	0	0	0	0	0	0	0	0	0	0	1	0	0	0	0	0	0	0	0	0	0	0	0	0	1	0	0	0	0	0	0	0	0	0	0	0	0	0	0	0	0	0	0	0	0	0	0	0	0	0	0	247	0	0	0	0	0	1	0	2	0	0	0	0	0	233	0	1	0	0	0	0	0	0	0	207	295.14
SRR5354800	0	0	0	0	0	0	0	0	0	0	0	0	0	0	0	0	0	0	0	0	0	0	0	0	0	0	0	0	0	0	0	0	0	0	0	0	0	0	0	0	0	0	0	0	0	0	0	0	0	0	0	0	0	0	0	0	82	0	0	0	0	0	1	0	0	0	0	0	0	0	127	0	0	0	0	0	0	0	0	0	104	135.76
SRR5354801	0	0	0	0	0	0	0	0	0	0	0	0	0	0	0	0	0	0	0	0	0	0	0	0	0	1	0	0	0	3	0	0	0	0	0	0	0	0	0	0	0	0	0	0	0	0	0	0	0	0	0	0	0	0	0	0	38	0	0	0	0	0	0	0	28	0	0	0	0	0	36	0	0	0	1	0	0	0	0	0	39	53.55
SRR5354802	0	2	0	0	0	0	0	0	0	0	0	0	0	0	0	0	2	0	0	0	0	0	0	0	0	0	0	0	0	0	0	0	0	0	0	0	0	0	0	0	0	0	0	0	0	0	0	0	0	102	0	0	0	0	0	0	95	0	0	0	0	0	0	0	0	0	0	77	0	0	76	0	1	0	0	0	0	0	0	0	88	105.64
SRR5354803	0	61	0	0	0	0	0	0	0	0	0	0	0	0	0	0	0	0	0	1	0	0	0	0	0	0	0	0	0	0	0	0	1	0	0	0	0	0	0	0	0	0	0	0	0	0	0	0	0	0	74	0	0	0	0	0	182	0	0	0	0	0	0	0	0	0	0	0	35	0	193	27	0	0	0	0	73	0	0	0	158	233.11
SRR5354804	0	2	0	0	0	0	0	0	0	0	0	0	0	0	0	0	0	0	0	0	0	0	0	0	0	0	0	0	0	0	0	0	0	0	0	0	0	0	0	0	0	0	0	0	0	0	0	0	0	0	0	0	0	0	0	0	184	0	0	0	0	0	0	0	2	0	0	0	0	0	165	0	0	0	0	0	0	0	27	0	160	227.74
SRR5354805	0	0	0	0	3	0	0	0	0	0	0	0	0	0	0	0	0	0	0	0	0	0	0	0	0	0	0	0	0	1	0	0	0	0	0	0	0	0	0	67	0	0	0	0	0	0	0	0	0	0	0	46	0	0	0	0	123	0	0	0	0	0	1	0	5	0	0	0	0	0	148	0	0	0	0	0	0	0	0	0	145	165.19
SRR5354806	0	1	0	0	0	0	0	0	0	0	0	0	0	0	0	0	0	0	0	2	0	0	0	0	0	0	0	0	0	15	3	0	0	0	0	0	0	0	0	0	0	0	0	0	0	0	0	0	0	0	0	1	0	0	0	0	245	0	0	0	0	0	0	0	0	0	0	0	0	0	219	0	0	0	0	0	0	0	0	0	183	237
SRR5354807	0	2	0	0	2	0	0	0	0	0	0	0	0	0	0	0	0	0	0	0	0	0	0	0	0	0	0	0	0	0	0	0	0	0	0	0	0	0	0	0	0	0	0	0	0	0	0	0	0	0	0	0	0	0	0	0	130	0	0	0	0	0	2	0	6	0	0	0	0	0	164	0	0	0	0	0	0	1	0	0	126	181.36
SRR5354808	3	93	0	3	11	0	0	0	0	0	0	0	0	1	0	1	39	0	0	0	0	0	0	0	1	2	0	0	1	11	0	0	0	0	0	0	0	0	0	0	0	0	0	0	0	0	0	0	0	0	0	0	0	0	0	0	823	0	2	0	0	37	0	0	19	0	0	0	0	0	702	0	1	0	0	0	0	0	0	0	647	913.36
SRR5354809	0	2	0	0	56	0	0	0	0	0	0	0	0	0	0	0	0	0	0	0	1	0	0	0	0	0	0	0	0	2	0	0	0	0	0	0	0	0	0	0	1	0	0	0	0	0	0	0	0	0	0	0	0	0	0	0	153	0	0	0	0	0	24	0	16	0	0	0	0	0	125	0	0	0	0	0	0	0	0	0	170	186.14
SRR5354810	1	32	0	0	0	0	0	0	0	0	0	0	0	0	0	0	0	0	0	0	2	0	0	0	0	0	0	0	0	0	0	0	0	0	0	0	0	0	0	0	0	0	0	0	0	0	0	0	0	0	0	0	0	0	0	0	45	0	0	0	0	0	1	0	0	0	0	0	0	0	38	0	0	0	0	0	0	0	1	0	29	50.83
SRR5354811	0	65	0	0	5	0	0	0	0	0	0	36	0	0	0	0	0	0	0	0	0	0	0	0	0	0	0	0	0	1	0	0	0	0	0	0	0	0	0	0	0	0	0	0	0	0	0	0	0	0	0	0	0	0	0	0	98	0	0	0	0	6	4	0	4	0	0	0	0	0	72	0	0	0	0	0	0	0	0	0	75	112.57
SRR5354812	1	6	0	0	0	0	0	0	0	0	0	0	0	0	0	0	0	0	0	0	0	0	0	0	0	0	0	0	0	0	0	0	0	0	0	0	0	0	0	0	0	0	0	0	0	0	0	0	0	0	0	0	0	0	0	0	281	0	1	0	0	0	0	0	0	0	0	0	0	0	293	0	0	0	0	0	0	0	4	0	247	338.36
SRR5354813	0	0	0	0	0	0	0	0	0	0	0	0	0	0	0	0	0	0	0	0	0	0	0	0	0	0	0	0	0	0	0	0	0	0	0	0	0	0	0	0	0	0	0	0	0	0	0	0	0	0	0	0	0	0	0	0	0	0	0	0	0	0	0	0	0	0	0	0	0	0	0	0	0	0	0	0	0	0	0	0	0	1.81
SRR5354814	0	56	0	0	0	0	0	0	0	0	0	0	0	0	0	1	0	0	0	0	0	0	0	0	0	0	0	0	0	1	0	0	0	0	0	0	0	0	2	0	0	0	0	0	0	0	0	0	0	0	0	0	0	0	0	0	110	0	0	0	0	0	0	0	0	0	0	0	0	0	87	0	0	0	0	0	0	0	0	0	85	116.24
SRR5354815	16	25	0	1	4	0	0	0	0	0	0	0	0	0	0	0	3	0	0	0	0	0	0	0	0	0	0	0	0	25	0	0	0	0	2	0	0	0	0	0	0	0	0	0	0	0	0	0	0	0	0	0	0	0	0	0	530	0	0	0	1	0	0	0	28	0	0	0	0	0	525	0	0	0	0	0	0	0	0	0	421	615.18
SRR5354816	0	0	41	0	0	0	0	0	0	66	0	0	0	0	0	0	0	0	0	0	0	0	0	0	0	20	0	0	0	0	0	0	0	0	0	0	0	0	0	0	2	61	0	0	0	0	0	0	0	0	0	0	0	35	1	0	290	0	0	0	0	0	0	0	1	42	0	0	0	0	342	1	0	0	0	0	0	0	0	0	272	371.81
