cells	chrMT:1227:G/A	chrMT:2003:A/G	chrMT:2333:G/A	chrMT:4271:G/C	chrMT:6024:C/T	chrMT:6426:G/A	chrMT:6454:T/C	chrMT:7887:G/A	chrMT:8648:G/A	chrMT:9429:G/A	chrMT:9728:C/T	chrMT:9837:G/A	chrMT:10858:T/C	chrMT:12889:G/A	chrMT:15313:T/C	chrMT:15557:G/A	chrMT:15633:T/C	chrMT:16319:G/A	depth
AAACGAAAGAACCCGA	0	0	0	0	0	0	0	0	0	0	0	0	0	0	0	0	0	0	69.1098413470306
AAACGAAAGTACCTCA	0	0	0	0	0	0	0	0	0	0	3	0	0	0	0	0	0	0	30.1546455143577
AAACGAACAGAAAGAG	0	0	0	0	0	0	0	0	0	0	23	0	0	0	0	0	0	0	41.7297445924478
AAACGAAGTGGTCGAA	0	0	0	0	0	0	0	0	0	0	0	0	0	0	0	0	0	0	26.0152444579411
AAACTCGCAGTGGTCC	0	0	0	0	0	0	0	0	0	0	0	0	0	0	0	0	0	0	17.2893977530849
AAACTCGGTCTAAAGA	0	0	0	0	0	0	0	0	0	0	0	0	0	0	0	0	0	0	6.4889414472002
AAACTGCGTGAGGGTT	0	0	0	0	0	0	0	0	0	0	0	0	0	1	0	0	0	0	44.26376564969
AAAGATGCAGGAGCAT	0	0	0	0	0	0	0	0	0	0	0	0	0	0	0	0	0	0	14.2508816120907
AAAGATGGTAGTTTGC	0	0	0	0	0	0	0	0	0	0	0	0	0	0	0	0	0	0	23.8655482915999
AAAGATGTCATAGGTC	0	0	0	0	0	0	0	0	0	0	0	0	0	0	0	0	0	0	5.86141123115913
AAAGATGTCTCGCGTT	0	0	0	0	0	0	0	0	0	0	49	0	0	0	1	0	0	0	142.646217015881
AAAGGATGTACGCAAG	0	0	0	0	0	0	0	0	0	0	0	0	0	0	0	0	0	0	9.10265398097146
AAAGGATTCGTCGCAG	0	0	0	0	0	0	0	0	0	0	0	0	0	0	0	0	0	0	9.79946457477276
AAAGGGCAGGACTTTC	0	0	0	0	0	0	0	0	0	0	0	0	0	0	0	0	0	0	6.59145287784129
AAAGGGCAGTAGTGTA	0	0	0	0	0	0	0	0	0	0	0	0	0	0	0	0	0	0	9.40995736142463
AAAGGGCCAAAGCATA	0	0	0	0	0	0	0	0	0	0	0	0	0	0	0	0	0	0	14.1316964285714
AAAGGGCGTGCTAGTT	0	0	0	0	0	0	0	0	0	0	0	0	0	0	0	0	0	0	48.6285488958991
AAATGAGCAACGCAAG	0	0	0	0	0	0	0	0	0	0	0	0	0	0	0	0	0	0	43.0133300870412
AAATGAGTCGACCCGA	0	0	0	0	0	0	0	0	0	0	0	0	0	0	0	0	0	0	81.6186342943854
AAATGCCAGCAATAAC	0	0	0	0	0	0	0	0	0	0	0	0	0	0	0	0	0	0	6.16223684210526
AAATGCCCACAAACGG	0	0	0	0	0	0	0	0	0	0	0	0	0	2	0	0	0	0	7.92086054552439
AAATGCCGTAACAATG	0	0	0	0	0	0	0	0	0	0	0	0	0	0	0	0	0	0	22.8623830775815
AAATGCCTCGATATGC	0	0	0	0	0	0	0	0	0	0	0	0	0	0	0	0	0	0	4.70463988919668
AACAAAGCACACATGT	0	0	0	0	0	0	0	0	0	0	0	0	0	0	0	0	0	0	55.2253538163784
AACAAAGCATCATGTG	0	0	0	0	0	0	0	0	0	0	0	0	0	0	0	0	0	0	3.53017114192977
AACAGTCAGGGTATCG	0	0	0	0	0	0	0	0	0	0	0	0	0	0	0	0	0	0	6.73826691967109
AACAGTCGTCATCGTA	0	0	0	0	0	0	0	0	0	0	0	0	0	0	0	0	0	0	4.48485052972535
AACATCGAGTCCTTCC	0	0	0	0	0	0	0	0	0	0	0	0	0	0	0	0	0	0	27.2703159929914
AACATCGCATTTAGGC	0	0	0	0	0	0	0	0	0	0	0	0	0	0	0	0	0	0	4.37255177255177
AACATCGCATTTGGTG	0	0	0	0	0	0	0	0	0	0	0	0	0	0	0	0	0	0	34.0724177902507
AACCAACAGATTCCGT	0	0	1	0	0	0	0	0	0	0	0	0	0	0	0	0	0	0	11.0532753803167
AACCAACAGTAGGAAG	0	0	0	0	0	0	0	0	0	0	0	0	0	0	0	0	0	0	3.37964176496287
AACCGATCAAGCAGGT	0	0	4	0	0	0	0	0	0	0	0	0	0	0	0	0	0	0	18.0452763374225
AACCGATCATAGACGG	0	0	0	0	0	0	0	0	0	0	0	0	0	16	0	0	0	0	76.1099355466375
AACCGATGTTCTACCC	0	0	0	0	0	0	0	0	0	0	0	0	0	0	0	0	0	0	5.79859145659185
AACCGATGTTTCGTTT	0	0	0	0	0	0	0	0	0	0	15	0	0	0	0	0	0	0	41.0784599502034
AACCGATTCTTATCAC	0	0	0	0	0	0	0	0	0	0	0	0	0	0	0	0	0	0	37.8915258373498
AACCTGACAACCTCTC	0	0	0	0	0	0	0	0	0	0	0	0	0	0	0	0	0	0	9.71778671261727
AACCTGACAAGCAGGT	0	0	9	0	0	0	0	0	0	0	0	0	0	0	0	0	0	0	54.9721915285451
AACCTGATCGCAAGCC	0	0	0	0	0	0	0	0	0	0	0	0	0	0	0	0	0	0	2.22563880467735
AACCTTTAGTGCCCTG	0	0	0	0	0	0	0	0	0	0	0	0	0	0	0	0	0	0	10.8706040612389
AACCTTTGTATTCGCA	0	0	0	0	0	0	0	0	0	0	0	0	0	0	0	0	0	0	25.2382983985655
AACCTTTTCGGATAGG	0	0	0	0	0	0	0	0	0	0	0	0	0	0	0	0	0	0	100.650507259583
AACCTTTTCTATCTAC	0	0	0	0	0	0	0	0	0	0	0	0	0	0	0	0	0	0	8.45914748178242
AACGGGAAGCATGATA	3	0	0	0	0	0	0	0	0	0	0	0	0	0	0	0	0	0	29.7918122203836
AACGGGAAGCTTTCCC	0	0	0	0	0	0	0	0	0	0	0	0	0	0	0	0	0	0	9.08118346286983
AACGTACAGACAACGC	0	0	0	0	0	0	0	0	0	0	0	0	1	4	0	0	0	0	88.4315264342642
AACGTACAGGTACATA	0	0	0	0	0	0	0	0	0	0	0	0	0	9	0	0	0	0	24.2789390050116
AACGTACAGTGTCGGA	0	0	0	0	0	0	0	0	0	0	0	0	0	0	0	0	0	0	4.45838962442583
AACTGGTAGTCCCGCA	0	0	0	0	0	0	0	0	0	0	0	0	0	0	0	0	0	0	5.87220744680851
AACTGGTCAATGACTC	0	0	0	0	0	0	0	0	0	0	0	0	0	1	0	0	0	0	8.73405880106911
AACTGGTGTAACTGAA	0	0	0	0	0	0	0	0	0	0	0	0	0	0	0	0	0	0	35.7719330400782
AACTTGGAGTTCAACC	0	0	0	0	0	0	0	0	0	0	0	0	0	0	0	0	1	0	52.8500854909624
AACTTGGCAACGTACT	0	0	0	0	0	0	0	0	0	0	0	0	0	0	0	0	0	0	6.86824929613514
AAGATAGTCCGTTTCG	0	0	0	0	0	0	0	0	0	0	0	0	0	0	0	0	0	0	64.6810791060228
AAGGAGCCATCATGTG	0	0	6	0	0	0	0	0	0	0	0	0	0	0	0	0	0	0	32.7236656225048
AAGGTTCAGACCCTAT	0	0	0	0	0	0	0	0	0	0	0	0	0	0	0	0	0	0	14.1214151534126
AAGGTTCCACAGAAGC	0	0	0	0	0	0	0	0	0	0	0	0	0	0	0	0	0	0	16.2368322516226
AAGGTTCCATATACGC	0	0	0	0	0	0	0	0	0	0	0	0	0	0	0	0	0	0	89.4151069518717
AAGGTTCGTGTCTACA	0	0	0	0	0	0	0	0	0	0	0	0	0	5	0	0	0	0	60.3343513315417
AAGGTTCTCTTCACTA	0	0	0	0	0	0	0	0	0	0	0	0	0	0	0	0	0	0	11.1927048328955
AATACGCAGACGCCCT	0	0	0	0	0	0	0	0	0	0	0	0	0	0	0	0	0	0	2.85079315219098
AATACGCAGGGTATCG	0	0	0	0	0	0	0	0	0	0	0	0	0	0	0	0	0	0	10.5125499500499
AATACGCGTGAGTCGA	0	0	0	0	0	0	0	0	0	0	0	0	0	0	0	0	0	0	6.31490064122913
AATACGCTCAGGAAGC	0	0	0	0	0	0	0	0	0	0	0	0	0	0	0	0	0	0	7.45608365019011
AATGCCATCATCGCCT	0	0	0	0	0	0	0	0	0	0	0	0	0	0	0	0	0	0	2.48048073644732
AATGCCATCCAGTTAG	0	0	0	0	0	0	0	0	0	0	0	0	0	0	0	0	0	0	7.90861304623179
AATGGAAAGAGGCGGA	0	0	0	0	0	0	0	0	0	0	0	0	0	0	0	0	0	0	5.99960495127732
AATGGAACACCCTTTG	0	0	0	0	0	0	0	0	0	0	0	0	0	0	0	0	0	0	30.1642891977566
AATGGAATCCCGTAGG	0	0	0	0	0	0	0	0	0	0	0	0	1	0	0	0	0	0	34.0833027298323
AATGGCTAGTGGGACT	0	0	0	0	0	0	0	0	0	0	0	0	0	0	0	0	0	0	7.95450769918855
AATGGCTCAAGACTTC	0	0	0	0	0	0	0	0	0	0	0	0	0	0	0	0	0	0	3.17159904534606
AATGGCTCACATGATC	0	0	0	0	0	0	0	0	0	0	5	0	0	0	0	0	0	0	25.4340331219602
AATGGCTTCTGGCCAG	0	0	0	0	0	0	0	0	0	0	0	0	0	1	0	0	0	0	6.10293926388347
AATGTCGCACGCGCAT	0	0	0	0	0	0	0	0	0	0	13	0	0	0	0	0	0	0	24.2061773700306
AATGTCGGTACGCAAG	0	0	0	0	0	0	0	0	0	0	0	0	0	0	0	0	0	0	73.8996535586215
AATGTCGGTTCCAATG	0	0	0	0	0	0	0	0	0	0	0	0	0	4	0	0	0	0	5.61919586672849
ACAAACCAGCGGACAT	0	0	0	0	0	0	0	0	0	0	0	0	0	22	0	0	0	0	97.3344286235853
ACAAACCAGTGATATG	0	0	0	0	0	0	0	0	0	0	0	0	0	0	0	0	0	0	45.1602607465716
ACAAACCTCCAGGTCG	0	0	0	0	0	0	0	0	0	0	0	0	0	0	0	0	0	0	21.1914919776234
ACAAACCTCGTGTGCG	0	0	0	0	0	0	0	0	0	0	0	0	0	0	0	0	0	0	6.87290621130157
ACAAAGAAGGGAAGCG	0	0	0	0	0	0	0	0	0	0	0	0	0	0	0	0	0	0	43.0766884265756
ACAAAGACACCGATCG	0	0	0	0	0	0	0	0	0	0	0	0	0	2	0	0	0	0	5.953722988805
ACAAAGATCTCATATC	0	0	0	0	0	0	0	0	0	0	0	0	0	1	0	0	0	0	21.3472831384016
ACAAGCTGTAATGTAG	0	0	0	0	0	0	0	0	0	0	0	0	0	0	0	0	0	0	33.0335909450496
ACAAGCTGTTGGTAAA	0	0	0	0	0	0	0	0	0	0	4	0	0	0	0	0	0	0	25.7369000305717
ACAAGCTTCGCCGAAC	0	0	0	0	0	0	0	0	0	0	0	0	0	0	0	0	0	0	9.2610307982401
ACAATCGCACGGTTAT	0	0	0	0	0	0	0	0	0	0	0	0	0	0	0	0	0	0	79.5347310847767
ACAATCGGTTGGCGAA	0	0	0	0	0	0	0	0	0	0	0	0	0	0	0	0	0	0	21.9860006167129
ACAGAAAGTCAAGACG	0	0	0	0	0	0	0	0	0	0	0	0	0	0	0	0	0	0	9.06477329347284
ACAGACTTCGATGCAT	0	0	0	0	0	0	0	0	0	0	0	0	0	0	0	0	0	0	12.6356647290456
ACAGCGCGTACTTCAG	0	0	0	0	2	0	0	0	0	0	0	0	0	0	0	0	0	0	6.95164262565927
ACAGGCCAGGTCCTCG	0	0	0	0	0	0	0	0	0	0	0	0	0	0	0	0	0	0	20.8661237584058
ACAGGCCTCTCTGCGT	0	0	0	0	0	0	0	0	0	0	0	0	0	0	0	0	0	0	19.9386571216983
ACATGCAGTCTGGGCT	0	0	0	0	0	0	0	0	0	0	0	0	0	5	0	0	0	0	25.3164144210656
ACATGGTGTACCGGCT	0	0	0	0	0	0	0	0	0	0	0	0	0	11	0	0	0	0	53.0033600097746
ACATGGTTCGTTCAGA	0	0	0	0	0	0	0	0	0	0	0	0	0	0	0	0	0	0	60.8330898466034
ACCAAACGTGCCCGAT	0	0	0	0	0	0	0	0	0	0	0	0	0	0	0	0	0	0	14.0909203902803
ACCAAACGTTACGCTA	0	0	0	0	0	0	0	0	0	0	0	0	0	12	0	0	0	0	57.007242848448
ACCAAACGTTACGGAG	0	0	0	0	0	0	0	0	0	0	0	0	0	6	0	0	0	0	22.2507539853511
ACCATCCAGTCCGGAA	0	0	0	0	0	0	0	0	0	0	0	0	0	0	0	0	0	0	16.0615224828935
ACCATCCTCCAGGGAA	0	0	0	0	0	0	0	0	0	0	0	0	0	0	0	0	0	0	7.33473697849184
ACCATCCTCTGAAAGA	0	0	0	0	0	0	0	0	0	0	0	0	0	2	0	0	0	0	35.7843438691428
ACCGAATCAAGTCTGT	0	0	0	0	0	0	0	0	0	0	0	0	0	7	0	0	0	0	26.2996128080634
ACCGGGTTCAGTGGTT	0	0	0	0	0	0	0	0	0	0	0	0	0	4	0	0	0	0	30.0630090012859
ACCGGGTTCTATCTAC	0	0	0	0	0	0	0	0	0	0	0	0	0	0	0	0	0	0	3.18769382576825
ACCTGCTGTACGGATG	0	0	0	0	0	0	0	0	0	0	0	0	0	9	0	0	0	0	82.8755189255189
ACCTGCTGTTAACCAC	0	0	0	0	0	0	0	0	0	0	0	0	0	4	0	0	0	0	9.01036565977742
ACCTGCTTCGGGTCCA	0	0	0	0	0	0	0	0	0	0	0	0	0	1	0	0	0	0	12.2741274375854
ACCTGCTTCGTCTAGA	0	2	0	0	0	0	0	0	0	0	0	0	0	0	0	0	0	0	138.708950692252
ACCTGCTTCTTCATAC	0	0	0	0	0	0	0	0	0	0	0	0	0	1	0	0	0	0	45.6009424147849
ACGGATTAGAAGGGCG	0	0	0	0	0	0	0	0	0	0	0	0	0	4	0	0	0	0	11.5177979355646
ACGGATTGTACTAGAA	0	0	0	0	0	0	0	0	0	0	0	0	0	0	0	0	0	0	5.11231687466088
ACGTGGCCATAGCAGG	0	0	1	0	0	0	0	0	0	0	0	0	0	40	0	0	0	0	83.8546571758837
ACGTGGCGTATCGCGC	0	0	0	0	0	0	0	0	0	0	0	0	0	0	0	0	0	0	11.1985679896303
ACTAACGAGAGCCTGA	0	0	0	0	0	0	0	0	0	0	0	0	0	0	0	0	0	0	4.92644913118451
ACTAACGGTCATCAAC	0	0	0	0	0	0	0	0	0	0	0	0	0	0	0	0	0	0	3.49085278017862
ACTAACGGTCCAAGTT	0	0	0	0	0	0	0	0	0	0	0	0	0	0	0	0	0	0	15.4220177783303
ACTACCCAGATCTAAG	0	0	0	0	0	0	0	0	0	0	0	0	0	0	0	0	0	0	4.90570495448544
ACTACCCGTTATAGAG	0	0	0	0	0	0	0	0	0	0	0	0	0	0	0	0	0	0	33.2092170405232
ACTACGACATTGTTCT	0	0	0	0	0	0	0	0	0	0	0	0	0	0	0	0	0	0	13.5779398927547
ACTACGAGTGGACCAA	0	0	0	0	0	0	0	0	0	0	0	0	0	0	0	0	0	0	41.0998415213946
ACTATTCAGGCTAAAT	0	0	0	0	0	0	0	0	0	0	0	0	0	0	0	0	0	0	32.5804447151995
ACTATTCCATAGGCGA	0	0	0	0	0	0	0	0	0	0	0	1	0	0	0	0	0	0	75.8867009996971
ACTATTCGTACGGTTT	0	0	0	0	0	0	0	0	0	0	0	0	0	7	0	0	0	0	24.1067619970916
ACTATTCGTCAGAAAT	0	0	0	0	0	0	0	0	0	0	0	0	0	0	0	0	0	0	8.00883044279271
ACTCGGGAGGGTATCG	0	0	0	0	0	0	0	0	0	0	0	0	0	0	0	0	0	0	67.2546591391975
ACTCGGGTCTGTGTCC	0	0	0	0	0	0	0	0	0	0	0	0	0	0	0	0	0	0	4.20184641208561
ACTGCAAGTAACATAG	0	0	0	0	0	0	0	0	0	0	23	0	0	0	0	0	0	0	107.92690928975
ACTGCAAGTTGCAGCC	0	0	0	0	0	0	0	0	0	0	0	0	0	0	0	0	0	0	7.57059555788508
ACTGCAATCACTCCCA	0	0	0	0	0	0	0	0	0	0	0	1	0	0	0	0	0	0	38.7918987648341
ACTGCAATCCCATAGA	0	0	0	0	0	0	0	0	0	0	0	0	0	0	0	0	0	0	5.59850029599421
ACTGCAATCTGACTTT	0	0	0	0	0	0	0	0	0	0	0	0	0	0	0	0	0	0	2.74724148802018
ACTGCGGCAACGAGGT	0	0	0	0	0	0	0	0	0	0	0	0	0	0	0	0	0	0	12.5618026827128
ACTGTCCCAACAAACA	0	0	0	0	0	0	0	0	0	0	0	0	0	0	0	0	0	0	1.81524573721163
ACTGTCCCACATATCG	0	0	0	0	0	0	0	0	0	0	0	0	0	0	0	0	0	0	41.680743140011
ACTGTCCCAGTGGTCC	0	0	0	0	0	0	0	0	0	0	0	0	0	0	0	0	0	0	4.47817887931035
ACTGTCCGTGAATCAA	0	0	0	0	0	0	0	0	0	0	0	0	0	0	0	0	0	0	8.82317682317682
ACTTCCGAGGCAATTA	0	0	0	0	0	0	0	0	0	0	0	0	0	0	0	0	0	0	14.7127645926876
AGACAAAAGACGACTG	0	0	0	0	0	0	0	0	0	0	0	0	0	0	0	0	0	0	7.02526681239553
AGACAAAAGGCTTTAC	0	0	0	0	0	0	0	0	0	0	0	0	0	2	0	0	0	0	37.239313116551
AGACAAATCAGCCGGT	0	0	0	0	0	0	0	0	0	0	0	0	0	0	0	0	0	0	32.3716080248796
AGATAGATCGTGAACT	0	0	0	0	0	0	0	0	0	0	0	0	0	0	0	0	0	0	18.8934863523573
AGATTCGGTCCCGAGT	0	0	0	0	0	0	0	0	0	0	0	0	0	0	0	0	0	0	61.2852020662413
AGATTCGTCAGGCGCT	0	0	1	0	0	0	0	0	0	0	0	0	0	0	0	0	0	0	66.9783536585366
AGCCAGCAGACTAGCG	0	0	0	0	0	0	0	0	0	0	0	0	0	12	0	0	0	0	34.9770107970399
AGCCAGCCAATTGCCA	0	0	0	0	0	0	0	0	0	0	0	0	0	0	0	0	0	0	16.8417279878203
AGCCAGCGTCCCTTTG	0	0	0	0	0	0	0	0	0	0	0	0	0	0	0	0	0	0	21.7776753900971
AGCCAGCTCCCACTAC	0	0	0	0	0	0	0	0	0	0	0	0	0	0	0	0	0	0	6.26331112117487
AGCCAGCTCCGATGCG	0	0	0	0	0	0	0	0	0	0	0	0	0	0	0	0	0	0	3.74089219330855
AGCCCGAGTAATGCAA	0	0	0	0	0	0	0	0	0	0	0	0	0	0	0	0	0	0	15.7087538997981
AGCCGCAAGAGCAGCT	0	0	0	0	0	0	0	0	0	0	0	0	0	0	0	0	0	0	3.19353366298973
AGCCGCAAGCGTTGCC	0	0	0	0	0	0	0	0	0	0	0	0	0	0	0	0	0	0	3.39698079366266
AGCCGCAAGTAGGTCG	0	0	0	0	0	0	0	0	0	0	0	0	0	0	0	0	0	0	26.802562538133
AGCCGCAGTCATAAGA	0	0	0	0	0	0	0	0	0	0	0	0	0	0	0	0	0	0	11.7435881157948
AGCCGCATCACTGATG	0	0	0	0	0	0	0	0	0	0	0	0	0	0	0	0	0	0	2.97127482188874
AGCCTGGCACGGCCAT	0	0	0	0	0	0	0	0	0	0	0	0	0	0	0	0	0	0	7.50870138431114
AGCCTGGTCATCATGG	0	0	0	0	0	0	0	0	0	0	0	0	0	0	0	0	0	0	3.8204816017316
AGCCTTCAGCTATCGT	0	0	0	0	0	0	0	0	0	0	0	0	0	0	0	0	0	0	11.750266274043
AGCCTTCCACAAGTGG	0	0	0	0	0	0	0	0	0	0	0	0	0	0	0	0	0	0	7.48243695316521
AGCCTTCCACCAAGGA	0	0	0	0	0	0	0	0	3	0	0	0	0	17	0	0	0	0	300.230439507365
AGCCTTCCAGAACAGC	0	0	0	0	0	0	0	0	0	0	0	0	0	0	0	0	0	0	8.26120366782901
AGCGTATCAGGTAGCA	0	0	0	0	0	0	0	0	0	0	0	0	0	0	0	0	0	0	10.1165746884107
AGCGTATGTTTCACCC	0	0	0	0	0	0	0	0	0	0	0	0	0	0	0	0	0	0	62.0178171019938
AGCGTATTCAAACCAC	0	0	0	0	0	0	0	0	0	0	0	0	0	0	0	0	0	0	50.6631630111185
AGCGTATTCATTCTCA	0	0	0	0	0	0	1	0	0	0	0	0	0	8	0	0	0	0	133.711636363636
AGCGTGCCAAGGCTTT	7	0	0	0	0	0	0	0	0	0	0	0	0	0	0	0	0	0	33.096903949293
AGCTATGAGAGGAAGT	0	0	0	0	0	0	0	0	0	0	0	0	0	0	0	0	0	0	4.39597871899399
AGCTATGCAGTGCGTC	0	0	0	0	0	0	0	0	0	0	0	0	0	0	0	0	0	0	3.55649082069516
AGCTATGCATCGGCTG	0	0	0	0	0	0	0	0	0	0	0	0	0	8	0	0	0	0	114.115913080322
AGCTATGGTAGAATAC	0	0	0	0	0	0	0	0	0	0	0	0	0	0	0	0	0	0	13.9598763523957
AGCTATGGTGGACTGA	0	0	0	0	0	0	0	0	0	0	0	0	0	0	0	0	0	0	12.8832385831199
AGCTGATAGGGCTCTC	0	0	0	0	0	0	0	0	0	0	0	0	0	0	0	0	0	0	9.75280898876404
AGCTGATCACACACCG	0	0	0	0	0	0	0	0	0	0	0	0	0	0	0	0	0	0	3.28614173228346
AGCTGGCAGCGCAATG	0	0	0	0	0	0	0	0	0	0	0	0	0	0	0	0	0	0	18.3565680326854
AGCTGGCCACGCTAAT	0	0	0	0	0	0	0	0	0	0	0	0	0	0	0	0	0	0	5.34152444501476
AGCTGGCGTTGGCTTA	0	0	0	0	0	0	0	0	0	0	0	0	0	0	0	0	0	0	26.2531738730451
AGCTGTAGTGTGACCC	0	0	0	0	0	0	0	0	0	0	0	0	0	0	0	0	0	0	3.67703331609662
AGCTGTATCGGGAATG	0	0	0	0	0	0	0	0	0	0	0	0	0	0	0	0	0	0	11.5505499938203
AGGACGACATCCCTTG	0	0	0	0	0	0	0	0	0	0	0	0	0	5	0	0	0	0	56.4732958325773
AGGCCCAGTATGGGTG	0	0	0	0	0	0	0	0	0	0	0	0	0	5	0	0	0	0	68.3498966062523
AGGCCCAGTATTCACG	0	2	0	0	0	0	0	0	0	0	0	0	0	0	0	0	0	0	93.3191799102269
AGGCCCATCGTCTTAT	0	0	0	0	0	0	0	0	0	0	0	0	0	0	0	0	0	0	14.8653451811347
AGGCCTGAGTTGGAAT	0	0	0	0	0	0	0	0	0	0	0	0	0	0	0	0	0	0	2.3318998470948
AGGCCTGCAGACCTGC	0	0	0	0	0	0	0	0	0	0	0	0	1	0	0	0	0	0	9.43619989852867
AGGCCTGGTTCCCTTG	0	0	0	0	0	0	0	0	0	0	0	0	0	0	0	0	0	0	9.57740399873056
AGGCGAAAGATTCCGT	0	0	0	0	0	0	0	0	0	0	0	0	0	0	0	0	0	0	5.39748070962211
AGGCGAACAGAGTCGA	0	0	0	0	1	0	0	0	0	0	0	0	0	0	0	0	0	0	15.562913497805
AGGCGAACATCGCTAA	0	0	0	0	0	0	0	0	0	0	0	0	0	0	0	0	0	0	20.2980136600038
AGGCGTCCAGCAGGTA	0	0	0	0	0	0	0	0	0	0	0	0	0	1	0	0	1	0	110.052141073278
AGGCGTCGTATTCACG	0	0	0	0	0	0	0	0	0	0	0	0	0	0	0	0	0	0	4.00874101226561
AGGCGTCTCCTATCCG	0	0	0	0	0	0	0	0	0	0	0	0	0	0	0	0	0	0	16.959930529711
AGTCAACGTGAGCTAG	0	0	0	0	0	0	0	0	0	0	0	0	0	0	0	0	0	0	18.5758487322733
AGTCAACTCGCGATGC	0	0	0	0	0	0	0	0	0	0	0	0	0	0	0	0	0	0	21.5596690162427
AGTGCCGTCATTGCCC	0	0	0	0	0	0	0	0	0	0	0	0	0	3	0	0	0	0	171.18676995703
AGTGCGCAGATGTTCC	0	0	0	0	0	0	0	0	0	0	9	0	0	0	0	0	0	0	27.4698441796517
AGTGCGCAGCGATACG	0	0	0	0	0	0	0	0	0	0	0	0	0	0	0	0	0	0	2.31248225608025
AGTGCGCTCGTCCCTA	0	0	0	0	0	0	0	0	0	0	0	0	0	0	0	0	0	0	25.9450819169172
AGTGCGCTCTTTCGAT	0	0	0	0	0	0	0	0	0	0	0	0	0	0	0	0	0	0	4.01286541829449
AGTGTACAGACTCTTG	0	0	0	0	0	0	0	0	0	0	0	0	0	4	0	0	0	0	141.544054332666
AGTGTACTCCAGTTAG	0	0	0	0	0	0	0	0	0	0	0	0	0	0	0	0	0	0	73.9167424655873
AGTTACGGTATGCTAC	0	0	0	0	0	0	0	0	0	0	0	0	0	4	0	0	0	0	80.67901834528
AGTTACGTCGCCTTAC	0	0	0	0	0	0	0	0	0	0	0	0	0	0	0	0	0	0	13.8039203484754
AGTTTGGAGCAGGACT	0	0	0	0	0	0	0	0	0	0	0	0	0	0	0	0	0	0	10.5288986507687
AGTTTGGAGGTTGACG	0	0	0	0	0	0	0	0	0	0	0	0	0	0	0	0	0	0	15.0312926859555
AGTTTGGAGTCAACTC	0	0	0	0	0	0	0	0	0	0	0	0	0	0	0	0	0	0	21.5186467932463
AGTTTGGCACCGAATT	0	0	0	0	0	0	0	0	0	0	0	0	0	0	0	0	0	0	3.19616172343169
ATAGGCTGTGAGCTAG	0	0	0	0	0	0	0	0	0	0	0	0	0	0	0	0	0	0	43.8549292337726
ATAGTCGAGTTGTCCA	0	0	0	0	0	0	0	0	0	0	0	0	0	0	0	0	0	0	33.6472646896298
ATAGTCGCATGCCCTT	0	0	0	6	0	0	0	0	0	0	0	0	0	0	0	0	0	0	136.346135236482
ATATTCCGTAGGTGAC	0	0	0	0	0	0	0	0	0	0	0	0	0	0	0	0	0	0	2.57430340557276
ATATTCCGTATGTCCA	0	0	0	0	0	0	0	0	0	0	0	0	0	0	0	0	0	0	5.94208793337207
ATATTCCGTTTCTACT	0	0	0	0	0	0	0	0	0	0	0	0	0	0	0	0	0	0	92.4936862554638
ATATTCCTCAGCACTA	0	0	0	0	0	0	0	0	0	0	0	0	0	0	0	0	0	0	4.71120776179324
ATCCAGAGTACTTGAC	0	0	0	0	0	0	0	0	0	0	0	0	0	0	0	0	0	0	11.4670387596899
ATCCCTGGTGGGTAGT	0	0	0	0	0	2	0	0	0	0	0	0	0	0	0	0	0	0	47.8889563844004
ATCCTCGCACGCGATC	0	0	0	0	0	0	0	0	0	0	0	0	0	0	0	0	0	0	11.6127487562189
ATCCTCGGTACGCCCA	0	0	0	0	0	0	0	0	0	0	0	0	0	3	0	0	0	0	111.900224147331
ATCCTCGGTCTGTTGA	0	0	0	0	0	0	0	0	0	0	0	0	0	0	0	0	0	0	6.71877590054192
ATCCTGCAGCTCGGCT	0	0	0	0	0	0	0	0	0	0	0	0	0	0	0	0	1	0	49.4897104352577
ATCCTGCCAGTCAGAG	0	0	0	0	0	0	0	0	0	0	0	0	0	0	0	0	0	0	8.2781259892371
ATCCTGCGTATCATGC	0	0	0	0	0	0	0	0	0	0	0	0	0	0	0	0	0	0	6.62784035418973
ATGCATGCATGATCGT	0	0	0	0	0	0	0	0	0	0	12	0	0	0	0	0	0	0	35.0228009047008
ATGGATCAGTAGGAAG	0	0	0	0	0	0	0	0	0	0	0	0	0	0	0	0	0	0	3.95731793210311
ATGGATCCAATGGTAA	0	0	0	0	0	0	0	0	0	0	0	0	0	0	0	0	0	0	23.1611769059956
ATGTACGCAAGCACTT	0	0	1	0	0	0	0	0	0	0	0	0	0	0	0	0	0	0	17.9140596018301
ATGTACGGTTTCCACC	0	0	0	0	0	0	0	0	0	0	0	0	0	0	0	0	0	0	5.28334008917714
ATGTCGAGTGGACGAT	0	0	0	0	0	0	0	0	0	0	0	0	0	0	0	0	0	0	26.0634649417221
ATGTCGAGTGGTGGTA	0	0	0	0	0	0	0	0	1	0	0	0	0	0	0	0	0	0	40.0065677450742
ATGTCGATCTTGTCGC	0	0	0	0	0	0	0	0	0	0	0	0	0	0	0	0	0	0	36.9188826543059
ATGTCTTGTCGGCTGT	0	0	0	0	0	0	0	0	0	0	0	0	0	0	0	0	0	0	3.22058711399161
ATGTCTTTCTCGACCT	0	0	0	0	0	0	0	0	0	0	0	0	0	0	0	0	0	0	3.376054340524
ATGTTTCAGAGGTCCA	0	0	0	0	0	0	0	0	0	0	0	0	0	23	0	0	0	0	69.6055029043106
ATGTTTCGTGCGACCT	0	0	0	0	0	0	0	0	0	0	0	0	0	0	0	0	0	0	4.9934737267039
ATGTTTCGTTCGGGAA	0	0	0	0	0	0	0	0	0	0	0	0	0	0	0	0	0	0	42.8135417302644
ATGTTTCTCCCTACCA	0	0	0	0	0	0	0	0	0	0	0	0	0	0	0	0	0	0	6.88655462184874
ATGTTTCTCGTAGCGC	0	0	0	0	0	0	0	0	0	0	0	0	0	0	0	0	0	0	21.1574980244362
ATTACCTCATAGAATG	0	0	0	0	0	0	0	1	0	0	0	0	0	5	0	0	0	0	26.9591811491125
ATTACCTCATCGCCTT	0	0	0	0	0	0	0	0	0	0	0	0	0	0	0	0	0	0	5.32274147443994
ATTACCTGTCAGTGCC	0	0	0	0	0	0	0	0	0	0	0	0	0	0	0	0	0	0	2.91922986616577
ATTACCTTCGCATACA	0	0	0	0	0	0	0	0	0	0	0	0	0	0	0	0	0	0	10.6388992653468
ATTACTCCAAACTACC	0	0	0	0	0	0	0	0	0	0	0	0	0	0	0	0	0	0	16.5112671755725
ATTACTCTCCGAATTG	0	0	0	0	0	0	0	0	0	0	0	0	0	0	0	0	0	0	11.7310327487586
ATTACTCTCGTGAACT	0	0	0	0	0	0	0	0	0	0	0	0	0	0	0	0	0	0	84.0190314564519
ATTCGTTGTTCTGAAC	0	0	0	0	0	0	0	0	0	0	0	0	0	0	0	0	0	0	3.47344044000579
ATTGTCTCAATAGTGA	0	0	0	0	0	0	0	0	0	0	0	0	0	0	0	0	0	0	5.16392572944297
ATTGTCTCACGGTGTC	0	0	0	0	0	0	0	0	0	0	0	0	0	0	0	0	0	0	11.4921546824808
ATTGTCTGTCTCTGGG	0	0	0	0	0	0	0	0	0	0	0	0	0	10	0	0	1	0	47.3962880116075
ATTTGTCAGATCGAGC	0	0	0	0	0	0	0	0	0	0	0	0	0	0	0	0	0	0	18.4213710935063
ATTTGTCCATAGCCGC	0	0	0	0	0	0	0	0	0	0	0	0	0	0	0	0	0	0	40.2428161796108
CAAAGCTCAAGGTCGA	0	0	0	0	0	0	0	0	0	0	4	0	0	0	0	0	0	0	11.4188967432467
CAACCAACAGTAACTC	0	0	0	0	0	0	0	0	0	0	0	0	0	0	0	0	0	0	5.09973635136004
CAACCAAGTTGTGACT	0	0	0	0	0	0	0	0	0	0	0	0	0	0	0	0	0	0	5.42136039790294
CAACCAATCATTCTCA	0	0	0	0	0	0	0	0	0	0	0	0	0	0	0	0	0	0	3.83764442787924
CAACGGCAGCGAGCTA	0	0	0	0	0	0	0	0	0	0	0	0	0	0	0	0	0	0	2.74951975277708
CAACGGCCAGTCCTGG	0	0	0	0	0	0	0	0	0	0	0	0	0	0	0	0	0	0	10.7066031746032
CAACGGCGTAGAACGC	0	0	0	0	0	0	0	0	0	0	0	0	0	0	0	0	0	0	27.4474114441417
CAACGTAAGGAAGACA	0	0	0	0	0	0	0	0	0	0	0	0	0	0	0	0	0	0	8.87131147540984
CAACGTACACGAACGA	0	0	0	0	0	0	0	0	0	0	0	0	0	0	0	0	0	0	8.23420436817473
CAACGTATCGCCCTTA	0	0	0	0	0	0	0	0	0	0	0	0	0	0	0	0	0	0	3.19292629011358
CAAGAAACATGGGTGA	0	0	0	0	0	0	0	0	0	0	0	0	0	0	0	0	0	0	9.20438321853475
CAAGAAATCGAACCGC	0	0	0	0	0	0	0	0	0	0	0	0	0	0	0	0	0	0	4.51438621174815
CAAGCTAAGACTTGAA	0	0	0	0	0	0	0	0	0	0	0	0	0	0	0	0	0	0	14.6195058356096
CAAGCTACACCACCAG	0	0	0	0	0	0	0	0	0	0	0	0	0	0	0	0	0	0	3.83897148603031
CAAGCTAGTGTGAGGT	0	0	0	0	0	0	0	0	0	0	0	0	0	4	0	0	0	0	30.3496679783571
CAAGGCCAGAACGCCA	0	0	0	0	0	0	0	0	0	0	0	0	0	0	0	0	0	0	11.3456836561971
CAAGGCCTCGCTTGAA	0	0	0	0	0	0	0	0	0	0	0	0	0	1	0	0	0	0	19.9555377898038
CAATCCCCAAGACTTC	0	0	0	0	0	0	0	0	0	0	0	0	0	0	0	0	0	0	45.1650709004969
CAATCCCCATGGTATC	0	0	0	0	0	0	0	0	0	0	0	0	0	1	0	0	0	0	11.4023505876469
CAATCCCGTCGTAGTT	0	0	0	0	0	0	0	0	0	0	0	0	0	0	0	0	0	0	116.454506880039
CACAACACACGCGATC	0	0	0	0	0	0	0	0	0	0	0	0	0	2	0	0	0	0	22.0234701400836
CACAGATTCTGGCACG	0	0	0	0	0	0	0	0	0	0	0	0	0	0	0	0	0	0	6.79903350515464
CACAGATTCTGTGTGA	0	0	0	0	0	0	0	0	0	0	0	0	0	0	0	0	0	0	77.0940671822136
CACATGACATCGACCG	0	0	0	6	0	0	0	0	0	0	0	0	0	0	0	0	0	0	124.059638883823
CACATGAGTAGAGAGA	0	0	0	0	0	0	0	0	0	0	0	0	0	0	0	0	0	0	29.0436734198714
CACATGATCAGGCCGT	0	0	0	0	0	0	0	0	0	0	0	0	0	13	1	0	0	0	31.861693719983
CACATGATCAGTCACA	0	0	0	0	0	0	0	0	0	0	0	0	0	0	0	0	0	0	7.81900542256315
CACATGATCCGATTGA	0	0	0	0	0	0	0	0	0	0	0	0	0	6	0	0	0	0	25.5970406905055
CACATGATCTTCACTA	0	0	0	0	0	0	0	0	0	0	0	0	0	6	0	0	0	0	24.0939321430763
CACCTTGCAACGTAGG	0	0	0	0	0	0	0	0	0	0	0	0	0	0	0	0	0	0	10.8597732823949
CACCTTGCACGCGACT	0	0	0	0	0	0	0	0	0	0	0	0	0	0	0	0	0	0	6.06638896120802
CACCTTGGTTATCGAC	0	0	0	0	0	0	0	0	0	0	0	0	0	0	0	0	0	0	2.91073667711599
CACGTTCCAAGCACTT	0	0	0	0	0	0	0	0	0	0	0	0	0	0	0	0	0	0	9.62506436663234
CACGTTCGTTTCGACA	0	0	0	0	0	0	0	0	0	0	0	0	0	0	0	0	0	0	10.4258992805755
CACGTTCTCGGGACAA	0	0	0	0	0	0	0	0	0	0	0	0	0	0	0	0	0	0	18.8255734866753
CACTGAACAAGCGAAC	0	0	0	0	0	0	0	0	0	0	0	0	0	2	0	0	0	0	22.2102381098874
CACTGAATCTATCTCA	0	0	0	0	0	0	0	0	0	0	0	0	0	0	0	0	0	0	34.046956945969
CAGCCTTCAATCATCG	0	0	0	0	0	0	0	0	0	0	0	0	0	0	0	0	0	0	23.8532319861575
CAGCCTTGTTTCGATG	0	0	0	0	0	0	0	0	0	0	0	0	0	0	0	0	0	0	75.3093423478795
CAGCTAAAGGTTACAA	0	0	0	0	0	0	0	0	0	0	0	0	0	0	0	0	0	0	30.597779675491
CAGCTAATCGCAAACT	0	0	0	0	0	0	0	0	0	0	0	0	0	0	0	0	0	0	114.052737348517
CAGCTAATCTTCAGAG	0	0	0	0	0	0	0	0	0	0	0	0	0	0	0	0	0	0	4.47142657538075
CAGCTGGAGTGATATG	0	0	0	0	0	0	0	0	0	0	0	0	0	1	0	0	0	0	6.12150310479483
CAGGATTCAGGTGGTA	0	0	0	0	0	0	0	0	0	0	0	0	0	0	0	0	0	0	35.8701720022036
CAGGATTGTACTTCGA	0	0	0	0	0	0	0	0	0	0	0	0	0	0	0	0	0	0	55.2886134402722
CAGGATTGTCTGGTTA	0	0	0	0	0	0	0	0	0	0	0	0	0	0	0	0	0	0	21.8629689042448
CAGGGCTAGTCATCTG	0	0	0	0	0	0	0	0	0	0	0	0	5	6	0	0	0	0	24.7643857396196
CAGGGCTCATTGAACC	0	0	0	0	0	0	0	0	0	0	0	0	0	1	0	0	0	0	7.17047075606277
CAGGGCTTCCTCCATG	0	6	0	0	0	0	0	0	0	0	0	0	0	0	0	0	0	0	37.6007667031763
CAGGGCTTCGACGGAA	1	0	0	0	0	0	0	0	0	0	0	0	0	0	0	0	0	0	22.2665190107051
CAGTATGAGTCGCGTC	0	0	0	0	0	0	0	0	0	0	0	0	0	0	0	0	0	0	3.79739302918674
CAGTATGTCGCTGATA	0	0	0	0	0	0	0	0	0	0	0	0	0	0	0	0	0	0	7.16078606520768
CAGTGCGGTGCAGACA	0	0	0	0	0	0	0	0	0	0	0	0	0	0	0	0	0	0	6.12107476021548
CAGTGCGTCGCAACTA	0	0	0	0	0	0	0	0	0	0	0	0	0	0	0	0	0	0	17.4965601965602
CAGTGCGTCTATATCC	0	0	0	0	0	0	0	0	0	0	0	0	0	0	0	0	0	0	27.5530483703296
CAGTGCGTCTTACCTA	0	0	0	0	0	0	0	0	0	0	0	0	0	0	0	0	0	0	5.28654970760234
CAGTGTAGTAACGGCA	0	0	0	0	0	0	0	0	0	0	0	0	0	0	0	0	0	0	4.63628348592743
CAGTGTAGTCAACTAC	0	0	0	0	0	0	0	0	0	0	0	0	0	0	0	0	0	0	4.15847252155172
CAGTGTATCCTCCATG	0	0	0	0	0	0	0	0	0	0	2	0	0	1	0	0	0	0	27.3436323904334
CATAACGCATTAACGC	0	0	0	0	0	0	0	0	0	0	0	0	0	0	0	0	0	0	26.4049702272451
CATAACGTCCACGGCA	0	0	0	0	0	0	0	0	0	0	0	0	0	0	0	0	0	0	53.5233144872029
CATAACGTCGCACCGA	0	0	0	0	0	0	0	0	0	0	0	0	0	5	0	0	0	0	22.849213232561
CATGTTTGTAGAACGC	0	0	0	0	0	0	0	0	0	0	0	0	0	0	0	0	0	0	105.807157178443
CATGTTTGTCAGTGTT	0	0	0	0	0	0	0	0	0	0	1	0	0	0	0	0	0	0	8.32655886239225
CATGTTTTCTAAGGTC	0	0	0	0	0	0	0	0	0	0	8	0	0	0	0	0	0	0	19.8306871820021
CATTCATAGGCTCCTG	0	0	0	0	0	0	0	0	0	0	0	0	0	0	0	0	0	0	122.012267703146
CATTCATGTGCACCCA	0	0	0	0	0	0	0	0	0	0	0	0	0	0	0	0	0	0	8.65492868862805
CATTCATTCGTCCCAT	0	0	0	0	0	0	0	0	0	0	0	0	0	0	0	0	0	0	6.66657961741855
CATTCATTCGTGGAAG	0	0	0	0	0	0	0	0	0	0	0	0	0	0	0	0	0	0	31.3247268510041
CATTCCGAGGCCTCGT	0	0	0	0	0	0	0	0	0	0	0	0	0	0	0	0	0	0	5.5185561424895
CATTCCGCAATGTAAG	0	0	0	0	0	0	0	0	0	0	0	0	0	0	0	0	0	0	8.57098646034816
CATTCCGCACCAAGGA	0	0	0	0	0	0	0	0	0	0	0	0	0	0	0	0	0	0	41.2467300098717
CCACAGGCACCTATTT	0	0	0	0	0	0	0	0	0	3	0	0	0	0	0	0	0	1	12.8625358791963
CCACAGGTCAGGAATA	0	0	0	0	0	0	0	0	0	0	0	0	0	0	0	0	0	0	6.83862892355093
CCACGTTGTATCTCAG	0	0	0	0	0	0	0	0	0	0	0	0	0	0	0	0	0	0	151.840084515545
CCAGAATAGGGTTCTT	0	0	0	0	0	0	0	0	0	0	0	0	0	0	0	0	0	0	3.74259712985649
CCAGAATCAAGATGCG	0	0	0	0	0	0	0	0	0	0	0	0	0	0	0	0	0	0	4.87567925778661
CCAGAATCAATTCTCT	0	0	0	0	0	0	0	0	0	0	0	0	0	0	0	0	0	0	5.23735817341364
CCAGATAAGCACACCC	0	0	0	0	0	0	0	0	0	0	0	0	0	0	0	0	0	0	3.9772093339683
CCAGATACAACTTGGT	0	0	0	0	0	0	0	0	0	0	0	0	0	0	0	0	0	0	10.2167724562416
CCATACCAGGGCTCTC	0	0	0	0	0	0	0	0	0	0	0	0	0	0	0	0	0	0	26.2920572274297
CCCACATCAATTCGTG	0	0	0	0	0	0	0	0	0	0	10	0	0	0	0	0	0	0	12.4618478866266
CCCACATTCCGCGATG	0	0	0	0	0	0	0	0	0	0	3	0	0	0	0	0	0	0	26.2196992572015
CCCGTTAAGTCAACTC	0	0	0	0	0	0	0	0	0	0	0	0	0	0	0	0	0	0	13.0767025982927
CCCGTTACATAGCCAT	0	0	0	0	0	0	0	0	0	0	0	0	0	12	0	0	0	0	99.9899479229745
CCCTAACAGGCTTAAA	0	0	0	0	0	0	0	0	0	0	0	0	0	0	0	0	0	0	38.7428848837915
CCCTAACGTTGCTTGA	0	0	0	0	0	0	0	0	0	0	0	0	0	0	0	0	0	0	7.53376365441907
CCCTAGTAGAGTAAGG	0	0	0	0	0	0	0	0	0	0	19	0	0	0	0	0	0	0	98.1640969828889
CCCTAGTCAGAACTTC	0	0	0	0	0	0	0	0	0	0	0	0	0	0	0	0	0	0	16.9404357133862
CCCTAGTGTCACTCTC	0	0	0	0	0	0	0	0	0	0	0	0	0	0	0	0	0	0	3.11686355347657
CCCTCTCAGAGGCGGA	0	0	0	0	0	0	0	0	0	0	0	0	0	0	0	0	0	0	47.8247510323051
CCCTCTCCAATGCACT	0	1	0	0	0	2	0	0	0	0	9	0	0	0	0	0	1	0	43.6398176291793
CCCTCTCTCTATAGGC	0	0	0	0	0	0	0	0	0	0	0	0	0	0	0	0	0	0	25.183229237524
CCCTGATGTTCAGTAC	0	0	0	0	0	0	0	0	0	0	0	0	0	1	0	0	0	0	9.93889957198685
CCCTGATTCGCGCTGA	0	0	0	0	0	0	0	0	0	0	0	0	0	0	0	0	0	0	10.2364316510271
CCGAAGCGTACGTAAA	0	0	0	0	0	0	0	0	0	0	0	0	0	0	0	0	0	0	11.1391259374192
CCGCATTCAATGGCAG	0	0	0	0	0	0	0	0	0	0	0	0	0	0	0	0	0	0	26.978052625197
CCGTAGGCAATGAAAC	0	0	0	0	0	0	0	0	0	0	0	0	0	1	0	0	0	0	23.1779645420526
CCGTAGGCATCGGCCA	0	0	0	0	0	0	0	0	0	0	0	0	0	0	0	0	0	0	25.8469945355191
CCGTGAGCATCTCTCG	0	0	0	0	0	0	0	0	0	0	0	0	0	0	0	0	0	0	36.1836957842304
CCGTGAGCATGCTATG	0	0	0	0	0	0	0	0	0	0	0	0	0	0	0	0	0	0	11.4544028117743
CCGTGAGGTCAACTAC	0	0	0	0	0	0	0	0	0	0	0	0	0	0	0	0	0	0	13.1798150332071
CCGTGAGTCGATCGCG	5	0	0	0	0	0	0	0	0	0	0	0	0	0	0	0	0	0	88.8925880923451
CCGTGAGTCGTCCCTA	0	0	0	0	0	0	0	0	0	0	0	0	0	0	0	0	0	0	10.2254137340689
CCTAAAGAGTCGGGAT	0	0	0	0	0	0	0	0	0	0	0	0	0	0	0	0	0	0	22.5660693247349
CCTAAAGCAACAAACA	0	0	0	0	0	0	0	0	0	0	0	0	0	0	0	0	0	0	4.82097533152716
CCTAAAGGTTCTGAGT	0	0	0	0	0	0	0	0	0	0	0	0	0	3	0	0	0	0	9.47345977596741
CCTAAAGTCAAACCAC	0	0	0	0	0	0	0	0	0	0	0	0	0	0	0	0	0	0	6.11400543514284
CCTATTATCCAACGCG	0	0	0	0	0	0	0	0	0	0	0	0	0	7	0	0	0	0	23.2431343830099
CCTATTATCTCTATCA	0	0	0	0	0	0	0	0	0	0	0	0	0	0	0	0	0	0	21.5054998480705
CCTCCCTAGACTCTTG	0	0	0	0	0	0	0	0	0	0	0	0	0	0	0	0	0	0	3.82227606356446
CCTCCCTAGATCCGAG	0	0	0	0	0	0	0	0	0	0	0	0	0	0	0	0	0	0	9.1492717674744
CCTCCCTAGATCTCAC	0	0	0	0	0	0	0	0	0	0	0	0	0	10	0	0	0	0	38.3167913397798
CCTCCCTTCACCGCGA	0	0	0	0	0	0	0	0	0	0	0	0	0	2	0	0	0	0	15.5307607632094
CCTGCTACACGCCGAT	0	1	0	0	0	0	0	0	0	0	0	0	0	0	0	0	0	0	52.6838961355602
CCTGCTAGTATCAGCT	0	0	0	0	0	0	0	0	0	0	0	0	0	0	0	0	0	0	10.2742228060299
CCTGCTATCTTCCAGC	0	0	0	0	0	0	0	0	0	0	0	0	0	0	0	0	0	0	19.592723880597
CCTGGGAAGTTCGCGC	0	0	0	0	0	0	0	0	0	0	0	0	0	0	0	0	0	0	25.9761729304839
CCTGGGAGTAGCGGTA	0	0	0	0	0	0	0	0	0	0	0	0	0	0	0	0	0	0	11.1686357418232
CCTGGGATCTTACCTA	0	0	0	0	0	0	0	0	0	0	0	0	0	1	0	0	0	0	14.9045648357161
CCTGGGATCTTATCAC	0	0	0	0	0	0	0	0	0	0	0	0	0	0	0	0	0	0	17.1876435889475
CCTTAATCAGAGTCGA	0	2	0	0	0	0	0	0	0	0	0	0	0	2	0	0	0	0	37.0673680324843
CCTTGCAAGGCGATTG	0	0	1	0	0	0	0	0	0	0	0	0	0	0	0	0	0	0	7.02724243810022
CCTTGCATCCTCTCTT	0	0	0	0	0	0	0	0	0	0	0	0	0	0	0	0	0	0	17.5462817696894
CGAGTTAAGAGCGAAA	0	0	0	0	0	0	0	0	0	0	17	0	0	0	0	0	0	0	87.8751747189304
CGAGTTACAAGGTTCT	0	0	0	0	0	0	0	0	0	0	0	0	0	0	0	0	0	0	3.54883338318875
CGAGTTACACTCCACT	0	0	0	0	0	0	0	0	0	0	0	0	0	2	0	0	0	0	34.5975410332506
CGAGTTATCCACTAGA	0	0	0	0	0	0	0	0	0	0	0	0	0	0	0	0	0	0	5.27957892017567
CGATGATGTAATGTGA	0	0	0	0	0	0	0	0	0	0	0	0	0	0	0	0	0	0	18.1849786205614
CGATGATTCATTCGGA	0	0	0	0	0	0	0	0	0	0	0	0	0	0	0	0	0	0	10.1814283885831
CGCAATACATGGTATC	0	0	0	0	0	0	0	0	0	0	0	0	0	0	0	0	0	0	27.3731086234469
CGCAATATCGCAGATT	0	0	0	0	0	0	0	0	0	0	0	0	0	0	0	0	0	0	8.76033840520235
CGCAGGTCATTACACG	0	0	0	0	0	0	0	0	0	0	0	0	0	0	0	0	0	0	40.918106870229
CGCGCAAAGACTTCCA	0	0	0	0	0	0	0	0	0	0	0	0	0	2	0	0	0	0	17.6244960293219
CGCGCAAAGTCAACTC	0	0	0	0	0	0	0	0	0	0	0	0	0	0	0	0	0	0	19.106975308642
CGCGCAAGTAAAGGCC	0	0	0	0	0	0	0	0	0	0	0	0	0	0	0	0	0	0	10.0828069297642
CGCTAGGAGTAGCAAT	0	0	0	0	0	0	0	0	0	0	0	0	0	15	0	0	0	0	44.0997581620314
CGCTAGGCAACGGGTA	0	0	0	0	0	0	0	0	0	0	0	0	0	0	0	0	0	0	3.49232184558771
CGCTAGGCAGATTGTC	0	0	0	0	0	0	0	0	0	0	0	0	0	0	0	0	0	0	28.3050692368694
CGCTATCAGTTATGAG	0	0	0	0	0	0	0	0	0	0	0	0	0	0	0	0	0	0	3.93025083970557
CGCTATCCAAGCAATA	0	0	0	0	0	0	0	0	0	0	0	0	0	0	0	0	0	0	30.6715029078665
CGCTATCCAGGCATCC	0	0	0	0	0	0	0	0	0	0	0	0	0	0	0	0	0	0	5.96963845795326
CGCTATCTCGTGCTTC	0	0	0	0	0	0	0	0	0	0	0	0	0	0	0	0	0	0	9.26967966227961
CGCTGGAAGCATTCCA	0	0	0	0	0	1	0	0	0	0	0	0	0	0	0	0	0	0	42.9095747935148
CGCTGGAAGTTGCCGC	0	0	0	0	0	0	0	0	0	0	0	0	0	0	0	0	0	0	2.25486922648859
CGCTGGAGTAAACGGC	0	0	0	0	0	0	0	0	0	0	0	0	0	0	0	0	0	0	8.08658568105454
CGGACCATCGATTACG	0	0	0	0	0	0	0	0	0	1	0	0	0	0	0	0	0	0	45.8325910560674
CGGACCATCGGTCTCT	0	0	0	0	0	0	0	0	0	0	0	0	0	0	0	0	0	0	16.3037636080871
CGGACTGTCCGTCAAA	0	0	0	0	0	0	0	0	0	0	0	0	0	0	0	0	0	0	136.291446929745
CGGTGCACATCTCACC	0	0	0	0	0	0	0	0	0	0	0	0	0	0	0	0	0	0	9.13005891393443
CGGTGCAGTAACCCAT	0	0	0	0	0	0	0	0	0	0	0	0	0	0	0	0	0	0	93.6632152588556
CGTAAACCAGCCGAAA	0	0	0	0	0	0	0	0	0	0	0	0	0	0	0	0	0	0	3.82889981205725
CGTAAACGTGTTTCTT	0	0	0	0	0	0	0	0	0	0	0	0	0	0	0	0	0	0	14.5768471691131
CGTACAACATTAACGC	0	0	0	0	0	0	0	0	0	0	0	0	0	2	0	0	0	0	50.6330186395546
CGTTCCAAGCCATTCA	0	0	0	0	0	0	0	0	0	0	0	0	0	0	0	0	0	0	19.4965236454745
CGTTCCACATGGGACA	0	0	0	0	0	0	0	0	0	0	0	0	0	0	0	0	0	0	11.420870457022
CGTTCCAGTATCATGC	0	0	0	0	0	1	0	0	0	0	0	0	0	28	0	0	0	0	167.691367037781
CGTTCCAGTTAGGCTT	0	0	0	0	0	0	0	0	0	0	0	0	0	0	0	0	0	0	10.1744134291346
CGTTCCATCGGCAATT	0	0	0	0	0	0	0	0	0	0	0	0	0	0	0	0	0	0	47.7828850855746
CTACTTAAGTACCACT	0	0	0	0	0	0	0	0	0	0	0	0	0	0	0	0	0	0	27.7463007306441
CTACTTAAGTTCCCGG	0	0	0	0	0	0	0	0	0	0	0	0	0	0	0	0	0	0	19.7509898539965
CTACTTACACTGTAAC	0	0	0	0	0	0	0	0	0	0	0	0	0	0	0	0	0	0	15.2158094408856
CTACTTACATCATCGA	0	0	0	0	0	0	0	0	0	0	0	0	0	0	0	0	0	0	3.91629201455791
CTACTTATCCAGCACG	0	0	0	0	0	0	0	0	0	0	0	0	0	0	0	0	0	0	5.83826417070297
CTAGCGGAGAAAGCAG	0	0	0	0	0	0	0	0	0	0	0	0	0	0	0	0	0	0	3.31204622907097
CTAGCGGAGTCTCGAT	0	0	0	0	0	0	0	0	0	0	0	0	0	7	0	0	0	0	38.6930819912152
CTAGCGGTCGATAGCT	0	0	0	0	0	0	0	0	0	0	0	0	0	0	0	0	0	0	6.82647152402164
CTAGGATAGCAACGGT	0	0	0	0	0	0	0	0	0	0	0	0	0	0	0	0	0	0	43.0157798165138
CTAGGATTCGAGGTAG	0	0	0	0	0	0	0	0	0	0	0	0	0	0	0	0	0	0	7.67086156824782
CTAGGGCCAAGCAGGT	0	0	3	0	0	0	0	0	0	0	0	0	0	0	0	0	0	0	12.2005492750846
CTAGGGCTCAGTTGAC	0	0	0	0	0	0	0	0	0	0	0	0	0	0	0	0	0	0	7.81620515444139
CTCAACCCAGATGGCA	0	0	0	0	0	0	0	0	0	0	0	0	0	0	1	0	0	0	6.89925775550339
CTCAACCCATAGACGG	0	0	0	0	0	0	0	0	0	0	15	0	0	0	0	0	0	0	27.727988194786
CTCAACCGTATTCTCT	0	0	0	0	0	0	0	0	0	0	0	0	0	0	0	0	0	0	4.56762855579869
CTCAACCTCGGTCGAC	0	0	0	0	0	0	0	0	0	0	1	0	0	0	0	0	0	0	27.2589236515031
CTCACCAGTCTGCACG	0	0	0	0	0	0	0	0	0	0	0	0	0	0	0	0	0	0	15.8019122333905
CTCAGAAGTATTGTGC	0	0	0	0	0	0	0	0	0	0	0	0	0	0	0	0	0	0	4.08626974483597
CTCAGCTCAAGTCCTA	0	0	0	0	0	0	0	0	0	0	0	0	0	0	0	0	0	0	33.9726069184308
CTCATGCCATCCCTCA	0	0	0	0	0	0	0	0	0	0	0	0	0	0	0	0	0	0	2.81647190651513
CTCATGCTCACCGCGA	0	0	0	0	0	0	0	0	0	0	0	0	0	7	0	0	0	0	38.2930360415394
CTCCCAAAGTCGTACT	0	0	0	0	0	0	0	0	0	0	0	0	0	0	0	0	0	0	3.12718068535826
CTCCCAACACTGATTG	0	0	0	0	0	0	0	0	0	0	0	0	0	0	0	0	0	0	5.44081713084603
CTCCCAAGTTTCTCTA	0	0	0	0	0	0	0	0	0	0	0	0	0	0	0	0	0	0	38.1023352488079
CTCGCTAAGACCATAA	0	0	0	0	0	0	0	0	0	0	0	0	0	0	0	0	0	0	26.6804250353172
CTCGCTAGTGCAGACA	0	0	0	0	0	0	0	0	0	0	0	0	0	2	0	0	0	0	7.75898000129441
CTCTACGCATCGAGTT	0	0	0	0	0	0	0	0	0	0	0	0	0	0	0	0	0	0	52.2536887485579
CTCTACGTCGTGGCGT	0	0	0	0	0	0	0	0	0	0	0	0	0	0	0	0	0	0	5.43333333333333
CTCTAGCAGTACGACG	0	0	0	0	0	0	0	0	0	0	0	0	0	6	0	0	0	0	62.7144848484849
CTCTAGCGTGTCCCAG	0	0	0	0	0	0	0	0	0	0	0	0	0	6	0	0	0	0	12.768991088677
CTCTCAGAGTTCAAGA	0	0	0	0	0	0	0	0	0	0	0	0	0	0	0	0	0	0	7.49835430784124
CTCTCAGCACACACCG	0	0	0	0	0	0	0	0	0	0	0	0	0	0	0	0	0	0	6.61741182640619
CTCTCAGTCAGCACGC	0	0	0	0	0	0	0	0	0	0	0	0	0	0	0	0	0	0	4.52443660059734
CTCTCGAAGTCACGCC	0	0	0	0	0	0	0	0	0	0	0	0	0	0	0	0	0	0	28.4685892725937
CTCTCGATCACCACAA	0	0	0	0	0	0	0	0	0	0	0	0	0	2	0	0	0	0	12.353942428035
CTCTCGATCGGTGATT	0	0	0	0	0	0	0	0	0	0	0	0	0	5	0	0	0	0	45.9347654110631
CTCTCGATCTGTCGTC	0	0	0	0	0	0	0	0	0	0	0	0	0	0	0	0	0	0	15.1668976814516
CTGCGTTGTACGGTTT	0	0	0	0	0	0	0	0	0	0	2	0	0	0	0	0	0	0	9.6473053120165
CTGCGTTGTCCGGTAC	0	0	0	0	0	0	0	0	0	0	0	0	0	0	0	0	0	0	5.26277755879648
CTGCGTTGTTCATTTC	0	0	0	0	0	0	0	0	0	0	0	0	0	0	0	0	0	0	8.44276737708104
CTGCTCAAGTTGCGCC	0	0	0	0	0	0	0	0	0	0	0	0	0	0	0	0	0	0	46.0697505008195
CTGCTCACACATTGCA	0	0	0	0	0	0	0	0	0	0	0	0	0	6	0	0	0	0	57.7793911292783
CTGGCAGCAGCGTACC	0	0	0	0	0	0	0	0	0	0	0	0	0	0	0	0	0	0	3.29348230912477
CTGGGACCAAGGAGTC	0	0	0	0	0	0	0	0	0	0	0	0	0	0	0	0	0	0	22.9695649506044
CTGGGACTCTGATCCC	0	0	0	0	0	0	0	0	0	0	0	0	0	0	0	0	0	0	21.9261794634598
CTGTATTTCCCAATGA	0	0	0	0	0	0	0	0	0	0	0	0	0	0	0	0	0	0	5.8499740999741
CTGTATTTCCTCCATG	0	0	0	0	0	0	0	0	0	0	0	0	0	39	0	0	0	0	63.7103271484375
CTGTTCGAGAGGTACC	0	0	0	0	0	0	0	0	0	0	0	0	0	0	0	0	0	0	8.11429108216433
CTGTTCGAGGGTGTTG	0	0	0	0	0	0	0	0	0	0	0	0	0	0	0	0	0	0	39.3177061019646
CTGTTCGCACATTGCA	0	0	0	0	0	0	0	0	0	0	0	0	0	0	0	0	0	0	7.96931419879638
CTGTTCGCAGCGTCGT	0	0	0	0	0	0	0	0	0	0	0	0	0	0	0	0	0	0	8.50585585585586
CTGTTCGGTCCCTAAA	0	0	0	0	0	0	0	1	0	0	0	0	0	0	0	0	0	9	88.6724273369992
CTGTTCGGTGCACCCA	0	0	0	0	0	0	0	0	0	0	0	0	0	0	0	0	0	0	2.91489543320529
CTTAATCGTCGCGCTA	31	0	0	0	0	0	0	0	0	0	0	0	0	0	0	0	0	0	119.823833252309
CTTCCAGAGTATCTGC	0	0	0	0	0	0	0	0	0	0	0	0	0	1	0	0	0	0	4.52352656671043
CTTCCAGCAACGGACA	0	0	0	0	0	0	0	0	0	0	0	0	0	0	0	0	0	0	68.6713808801214
CTTCCAGGTCAAATCC	0	0	0	0	0	0	0	0	0	0	0	0	0	2	0	0	0	0	4.18717573500067
CTTGAAGGTGGTACTT	0	0	0	0	0	0	0	0	0	0	0	0	0	0	0	0	0	0	4.89505754908599
CTTGAAGGTGGTAGAC	0	0	0	0	0	0	0	0	0	0	0	0	0	15	0	0	0	0	42.1466804223814
CTTGAAGGTTGGAGGT	0	0	0	0	0	0	0	0	0	0	0	0	0	0	0	0	0	0	7.97546796141315
CTTGAAGTCCATCATT	0	0	0	0	0	0	0	0	0	0	0	0	0	0	0	0	0	0	2.4213478768991
CTTGAAGTCTGATCCC	0	0	0	0	0	0	0	0	0	0	0	0	0	4	0	0	0	0	43.0961304453638
CTTGAAGTCTGGCCAG	0	0	0	0	0	0	0	0	0	0	0	0	0	0	0	0	0	0	3.68836183121897
CTTGCCAAGTTACCAC	0	0	0	0	0	0	0	0	0	0	0	0	0	0	0	0	0	0	20.6161410018553
CTTGCCATCTCTGAGA	0	0	0	0	0	0	0	0	0	0	0	0	0	0	0	0	0	0	37.4268203883495
CTTGCCATCTTCCACG	0	0	0	0	0	0	0	0	0	0	0	0	0	2	0	0	0	0	22.256568397681
CTTGCTGTCTCGACAA	0	0	0	0	0	0	0	0	0	0	0	0	0	1	0	0	0	0	22.2725758697261
CTTGTCGCACATGATC	0	0	0	0	0	0	0	0	0	0	0	0	0	0	0	0	0	0	2.59400016172071
CTTTGCGAGATCGCCC	0	0	0	0	0	0	0	0	0	0	0	0	0	1	0	0	0	0	11.7324643078833
CTTTGCGAGGGATCCA	0	0	0	0	0	0	0	0	0	0	0	0	0	0	0	0	0	0	6.26986310342569
CTTTGCGAGTCCGGAA	0	0	0	0	0	0	0	0	0	0	4	0	0	12	0	0	0	0	217.882637044192
CTTTGCGTCAGAACGG	0	0	0	0	0	0	0	0	0	0	0	0	0	0	0	0	0	0	8.75108184383819
GAAAGTACATATACGC	0	0	0	0	0	0	0	0	0	0	0	0	0	0	0	0	0	0	24.5765080922021
GAAAGTATCGGACGAA	0	0	0	0	0	0	0	0	0	0	0	0	0	2	0	0	0	0	11.360914603335
GAAATGATCATGAACC	0	0	0	0	0	0	0	0	0	0	0	0	0	0	0	0	0	0	2.6473759582175
GAACCGCAGGAATGGA	0	0	0	0	0	0	0	0	0	0	0	0	0	0	0	0	0	0	7.33040341095441
GAACCGCAGGTAAGCC	0	0	0	0	0	0	0	0	0	0	0	0	0	6	0	0	0	0	16.2594924986109
GAACCGCGTAGTGATA	0	0	0	0	0	0	0	0	0	0	0	0	0	0	0	0	0	0	20.5128968253968
GAACCGCTCGCCTTAC	0	0	0	0	0	0	0	0	0	0	0	0	0	0	0	0	0	0	46.802734375
GAACCGCTCTGGCACG	0	0	0	0	0	0	0	0	0	0	0	0	0	0	0	0	0	0	46.6899841983712
GAACCTAAGCTCCATA	0	0	0	0	0	0	0	0	0	0	0	0	0	3	0	0	0	0	40.6027853466546
GAACCTAAGTCTCCAA	0	0	0	0	0	0	0	0	0	0	0	0	0	11	0	0	0	0	81.4487226056423
GAACGTTCACCGAATT	0	0	0	0	0	0	0	0	0	0	0	0	0	0	0	0	0	0	32.9143462469734
GAAGAGCAGATGAGGA	0	0	0	0	0	0	0	0	0	0	0	0	0	0	0	0	0	0	6.30323476880333
GAAGAGCAGCTGAATA	0	0	0	0	0	0	0	0	0	0	0	0	0	4	0	0	0	0	10.3896692913386
GAAGAGCCAAGATGCG	0	0	0	0	0	0	0	0	7	0	0	0	0	0	1	0	0	0	47.7777710257657
GAAGAGCTCCGCTCTA	0	0	0	0	0	0	0	0	0	0	0	0	0	1	0	0	0	1	75.7493017607772
GAAGTCTAGATGCGAC	0	0	0	0	0	0	0	0	0	0	0	0	0	0	0	0	0	0	35.7201050445829
GAAGTCTCAAGATGCG	0	0	0	0	0	0	0	0	0	0	0	0	0	0	0	0	0	0	7.16024221903894
GAAGTCTCAGAAAGAG	0	0	0	0	0	0	0	0	0	0	0	0	0	2	0	0	0	0	31.5058751529988
GAAGTCTTCCATTGTT	0	0	0	0	0	0	0	0	0	0	0	0	0	0	0	0	0	0	17.9516952802904
GAAGTCTTCGTTCTAT	0	0	0	0	0	0	0	0	0	0	0	0	0	0	0	0	0	0	3.63850305865419
GAAGTCTTCTATCTAC	0	0	0	0	0	0	0	0	0	0	0	0	0	0	0	0	0	0	3.71598287056223
GAATCTGCAGTAGGCA	0	0	0	0	0	0	0	0	0	0	3	0	0	0	0	0	0	0	28.3538887181064
GAATCTGGTCAGAAGC	0	0	0	0	0	0	0	0	0	0	0	0	0	0	0	0	0	0	8.18604799185284
GAATCTGTCTCTTAAC	0	0	0	0	0	0	0	0	0	0	0	0	0	0	0	0	0	0	27.9987144168962
GACCAATGTCATTGGT	0	0	0	0	0	1	0	0	0	0	0	0	0	31	0	0	0	0	212.46302561624
GACCAATGTGACAAGC	0	0	0	0	0	0	0	0	0	0	0	0	0	0	0	0	0	0	22.3990729295426
GACCCAGTCGCGCCAA	0	0	0	0	0	0	0	0	0	0	0	0	0	0	0	0	0	0	2.07765467202667
GACCGACAGTTCAAGA	0	0	0	0	0	0	0	0	0	0	0	0	0	0	0	0	0	0	34.4914410586379
GACCGACTCAGGATCT	0	0	0	0	0	0	0	0	0	0	0	0	0	0	0	0	0	0	37.0938223467771
GACCGACTCGTCCCTA	0	0	0	0	0	0	0	0	0	0	0	0	0	0	0	0	0	0	16.3790528346506
GACCGACTCTACATCT	0	0	0	0	0	0	0	0	0	0	0	0	0	0	0	0	0	0	9.39531103469834
GACCTTCCACGCGTTG	0	0	0	0	0	0	0	0	0	0	0	0	0	0	0	0	0	0	5.90191091110676
GACCTTCGTAACCATC	0	0	0	0	0	0	0	0	0	0	0	0	0	0	0	0	0	0	11.747458703939
GACCTTCGTTACGCTA	0	0	0	0	0	0	0	0	0	0	0	0	0	0	0	0	0	0	46.0079712790556
GACCTTCGTTACGGAG	0	0	0	0	0	0	0	0	0	0	0	0	0	0	0	0	0	0	18.7605379490692
GACCTTCGTTGGCTAT	0	0	0	0	0	0	0	0	0	0	0	0	0	0	0	0	0	0	22.5519496394084
GACTAACGTTACGAAA	0	0	0	0	0	0	0	0	0	0	0	0	0	1	0	0	0	0	4.88209314775161
GACTAGTGTCAGTGCC	0	0	0	0	0	0	0	0	0	0	0	0	0	0	0	0	0	0	20.6451195464629
GAGAACGCACAACGGA	0	0	0	0	0	0	0	0	0	0	0	0	0	0	0	0	0	0	116.575700365408
GAGACTTAGATTCCGT	0	0	0	0	0	0	0	0	0	0	0	0	0	0	0	0	0	0	2.69952034658827
GAGACTTTCTTCAGAG	0	0	0	0	0	0	0	0	0	0	0	0	0	0	0	0	0	0	15.766664607401
GAGATTCAGGCAGTGT	0	0	0	0	0	0	0	0	0	0	0	0	0	4	0	0	0	0	50.6555528164674
GAGATTCAGTAGGAAG	0	0	0	0	0	0	0	0	0	0	0	0	0	0	0	0	0	0	8.41290281654402
GAGATTCCATCATGTG	0	0	0	0	0	10	0	0	0	0	0	0	0	0	0	0	0	0	22.3396764395959
GAGATTCTCGCGCCAA	0	0	0	0	0	0	0	0	0	0	0	0	0	0	0	0	0	0	4.41136795232794
GAGATTCTCTTGTCAT	0	0	0	0	0	0	0	0	0	0	0	0	0	0	0	0	0	0	70.9258428328887
GAGCATTTCATCGCCT	0	0	0	0	0	0	0	0	0	0	0	0	0	0	0	0	0	0	3.40850872593813
GAGCATTTCTACCCGT	0	0	0	0	0	0	0	0	0	0	0	0	0	0	0	0	0	0	4.79691259021652
GAGCGCTCATTAGCCA	0	0	0	0	0	0	0	0	0	0	0	0	0	0	0	0	0	0	4.63327144940989
GAGGCTCAGGCTCCTG	0	0	0	0	0	0	0	0	0	0	0	0	0	0	0	0	0	0	7.4056345376288
GAGGCTCCACTTGCGG	0	0	0	0	0	0	0	0	0	0	0	0	0	0	0	0	0	0	6.75742074017936
GAGGTCCAGCATACCT	0	0	0	0	0	0	0	0	0	0	0	0	0	0	0	0	0	0	4.42832020258863
GAGGTCCAGTTCCAGT	0	0	0	0	0	0	0	0	0	0	0	0	0	0	0	0	0	0	25.2761763981276
GAGGTCCGTACTAGAA	0	0	0	0	0	0	0	0	0	0	0	0	0	0	0	0	0	0	9.74442614644033
GAGGTCCGTTGAAGCG	0	0	0	0	0	0	0	0	0	0	0	0	0	0	0	0	0	0	11.7124576590139
GAGTGAGGTGGCCTTG	0	0	0	0	0	0	0	0	0	0	0	0	0	0	0	0	0	0	23.2977753127504
GAGTGAGGTTGCCTGG	0	0	0	0	0	0	0	0	0	0	0	0	0	0	0	0	0	0	8.42906859023032
GATCATGAGTCGGGAT	0	0	0	0	0	0	0	0	0	0	0	0	0	0	0	0	0	0	6.78649694901909
GATCATGCAAGCGAAC	8	0	0	0	0	0	0	0	0	0	0	0	0	0	0	0	0	0	61.2255169486386
GATCATGGTGCCCTAG	0	0	0	0	0	0	0	0	0	0	0	0	0	3	0	0	0	0	9.40748056582133
GATCATGTCAGTCACA	0	0	0	0	0	0	0	0	0	0	0	0	0	0	0	0	0	0	8.96178505681458
GATCATGTCGTTCTAT	0	0	0	0	0	0	0	0	0	0	0	0	0	0	0	0	0	0	3.93916614463702
GATCGTAAGTGGGACT	0	0	0	0	0	0	0	0	0	0	0	0	0	0	0	0	0	0	17.0919955871537
GATCGTACACCATTCC	0	0	0	0	0	0	0	0	0	0	0	0	0	0	0	0	0	0	15.9376397515528
GATCGTATCGACCCGA	0	0	0	0	0	0	0	0	0	0	0	0	0	0	0	0	0	0	2.89023472765573
GATGATCCAGTATACC	0	0	0	0	0	0	0	0	0	0	0	0	0	12	0	0	0	0	76.1164658634538
GATGGCCGTCACATTG	0	0	0	0	0	0	0	0	0	0	2	0	0	0	0	0	0	0	90.7050766983199
GATGGCCGTCAGCAAG	0	0	0	0	0	0	0	0	0	0	0	0	0	0	0	0	0	0	16.481342364532
GATTAGCGTTACACTG	0	0	0	0	0	0	0	0	0	0	0	0	0	1	0	0	0	0	22.3763631907854
GATTAGCGTTGGCGAA	0	0	0	0	0	0	0	0	0	0	0	0	0	10	0	0	0	0	67.3765529841657
GATTAGCTCTTTCGAT	0	0	0	0	0	0	0	0	0	0	0	0	0	0	0	0	0	0	7.95219380194575
GATTGACAGAGACTCG	0	0	0	0	0	0	0	0	0	0	0	1	0	0	0	0	0	0	25.2427261613692
GATTGACAGGCTGGAT	0	0	0	0	0	0	0	0	0	0	0	0	0	1	0	0	0	0	6.97917860553964
GCAAAGGAGGTGATGC	0	0	0	0	0	0	0	0	0	0	0	0	0	0	0	0	0	0	8.72061945797427
GCAAAGGAGTTGTCCA	0	0	0	0	0	0	0	0	0	0	0	0	0	0	0	0	0	0	3.41401586967207
GCAAAGGCAATGACTC	4	0	0	0	0	0	0	0	0	0	0	0	0	0	0	0	0	0	60.5470330205922
GCAACCGGTAGACACG	0	0	0	0	0	0	0	0	0	0	0	0	0	0	0	0	0	0	16.9409796742836
GCACCTTAGTGATATG	0	0	0	0	0	0	0	0	0	0	0	0	0	0	0	0	0	0	5.39672744921306
GCACCTTCAGGGTACA	0	0	0	0	0	0	0	0	0	0	3	0	0	0	0	0	0	0	42.6968814464264
GCACCTTTCACCCGGA	0	0	0	0	0	0	0	0	0	2	0	0	0	0	0	0	0	0	73.4106053209666
GCACCTTTCTACATCT	0	0	0	0	0	0	0	0	0	0	0	0	0	4	0	0	0	0	7.30278339091324
GCACCTTTCTCGACCT	0	0	0	0	0	0	0	0	0	0	0	0	0	0	0	0	0	0	22.3569453830558
GCACGCATCTACTTTG	0	0	0	0	0	0	0	2	0	0	0	0	0	0	0	0	0	0	21.8840821883897
GCAGATTAGCTAACAA	0	0	0	0	0	0	0	0	0	0	0	0	0	0	0	0	0	0	6.09659349964176
GCAGATTCAGCACATT	0	0	0	0	0	0	0	0	0	0	0	0	0	0	0	0	0	0	4.26777702243372
GCAGCCAAGGGTCTGA	0	0	0	0	0	0	0	0	0	0	0	0	0	0	0	0	0	0	104.023558775187
GCAGCCACATGCCTTC	0	0	0	0	0	0	0	0	0	0	0	0	0	0	0	0	0	0	5.25617263520222
GCAGCCAGTTGTGACT	0	0	0	0	0	0	0	0	0	0	0	0	0	0	0	0	0	0	14.9813607283465
GCAGCTGAGATTGACA	0	0	0	0	0	0	0	0	0	0	0	0	0	2	0	0	0	0	34.2089561419696
GCAGCTGGTGGATTCT	0	0	0	0	0	0	0	0	0	0	0	0	0	0	0	0	0	0	5.3832235748021
GCATTCCAGCAGTAGC	0	0	0	0	0	0	0	0	0	0	0	0	0	7	0	0	0	0	68.0653479764577
GCCAGACTCCATTGAG	0	0	0	0	0	0	0	0	0	0	0	0	0	0	0	0	0	0	60.8700482207166
GCCAGACTCGCCGAAC	2	0	0	0	0	0	0	0	0	0	0	0	0	0	0	0	0	0	37.1798688966489
GCCAGCAGTCACCCGA	0	0	0	0	0	0	0	0	0	0	0	0	0	0	0	0	0	0	15.6256510815614
GCCAGCATCACTGATG	0	0	0	0	0	0	0	0	0	0	0	0	0	0	0	0	0	0	24.9691433459611
GCCATAAGTATTGTCG	0	0	0	0	0	0	0	0	0	0	0	0	0	0	0	0	0	0	6.92677595628415
GCCATAAGTCTGAGCC	0	0	0	0	0	0	0	0	0	0	0	0	0	0	0	0	0	0	5.13797208810106
GCCATAAGTTTGTGAC	0	0	0	0	0	0	0	0	0	0	0	0	0	0	0	0	0	0	20.0204348638714
GCCCGAAAGGGTATCG	0	0	0	0	0	0	0	0	0	0	0	0	0	0	0	0	0	0	15.8056383507203
GCCCGAACAATCATCG	0	0	0	0	0	0	0	0	0	0	0	0	0	0	0	0	0	0	8.02308634810086
GCCCGAACAGAGATGC	0	0	0	0	0	0	0	0	0	0	0	0	0	0	0	0	0	0	8.31986322660864
GCCCGAAGTAGAATAC	0	0	0	0	0	0	0	0	0	0	0	0	0	0	0	0	0	0	37.3289161753085
GCCCGAAGTTTCAGCA	0	0	0	0	0	0	0	0	0	0	0	0	0	0	0	0	0	0	3.21109340617649
GCCTACTCATGGCCGT	0	0	0	0	0	0	0	0	0	0	0	0	0	0	0	0	0	0	3.25908278737344
GCCTACTTCACGATTG	0	0	0	0	0	0	0	0	0	0	0	0	0	0	0	0	0	0	28.7118228112154
GCCTACTTCCCGCAAG	0	0	0	0	0	0	0	0	0	0	0	0	0	0	0	0	0	0	46.8942704539937
GCCTACTTCCGATTGA	0	0	0	0	0	0	0	0	0	0	0	0	0	0	0	0	0	0	4.45472048408169
GCCTACTTCGATGCAT	0	0	0	0	0	0	0	0	0	0	0	0	0	0	0	0	0	0	10.6710633754161
GCCTAGGCAGGTGTCC	0	0	0	0	0	0	0	0	0	0	0	0	0	2	0	0	0	0	23.4040780803183
GCCTAGGTCACTACCC	0	0	0	0	0	0	0	0	0	0	3	0	0	0	0	0	0	0	21.0099100752432
GCGAGAAAGTCGTGAG	0	0	0	0	0	0	0	0	0	0	0	0	0	0	0	0	0	0	4.80522771220911
GCGAGAAGTTAGCTCA	0	0	0	0	0	0	0	0	0	0	0	0	0	0	0	0	0	0	11.3673379483952
GCGAGAAGTTCTACGA	0	0	0	0	0	0	0	0	0	0	0	0	0	0	0	0	0	0	14.7734516592713
GCGAGAATCGTGTGCG	0	0	0	0	0	0	0	0	0	0	0	0	0	0	0	0	0	0	3.90679980979553
GCGAGTCGTAGCCATT	0	0	0	0	0	0	0	0	0	0	0	0	0	11	0	0	0	0	158.756190823015
GCGAGTCGTATCACAC	0	0	0	0	0	0	0	0	0	0	0	0	0	0	0	0	0	0	10.2036236490782
GCGATCGCAGGAGCAT	0	0	0	0	0	0	0	0	0	1	0	0	0	0	0	0	0	0	17.3337463602007
GCGATTAAGAGCACTG	0	0	0	0	0	0	0	0	0	0	0	0	0	0	0	0	0	0	14.3096365537175
GCGATTACAAGCGACA	0	0	0	0	0	0	0	0	0	0	0	0	0	0	0	0	0	0	75.0400990397971
GCGATTACAAGGAACC	0	0	0	0	0	0	0	0	0	0	0	0	0	0	0	0	0	0	15.8956688055281
GCGATTACATGGGACA	0	0	0	0	0	0	0	0	0	0	0	0	0	0	0	0	0	0	8.33821403883617
GCGATTATCAGGTCTA	0	0	0	0	0	0	0	0	0	0	0	0	1	0	0	0	0	0	84.0319381919942
GCGCATGAGGTACTCT	0	0	0	0	0	0	0	0	0	0	0	0	0	0	0	0	0	0	14.2920654523001
GCGCATGCACTTATGG	0	0	0	0	0	0	0	0	0	0	0	0	0	0	0	0	0	0	31.987058390579
GCGCCAAAGGTTGACG	0	0	0	0	0	0	0	0	0	0	0	0	0	0	0	0	0	0	91.4251140164184
GCGCCAACATCGACCG	0	0	0	0	0	0	0	0	0	0	0	0	0	0	0	0	0	0	19.3559646630012
GCGCCAAGTTCCAATG	0	0	0	0	0	0	0	0	0	0	0	0	0	0	0	0	0	0	8.63561246373155
GCGGAAATCAAAGTAG	0	0	0	0	0	0	0	0	0	0	0	0	0	1	0	0	0	0	7.66698238302709
GCGGAAATCTATGAGC	0	0	0	0	0	0	0	0	0	0	0	0	0	8	0	0	0	0	67.099775716797
GCGGTGTAGAAATACC	0	0	0	0	0	0	0	0	0	0	0	0	0	0	0	0	0	0	38.9932068543452
GCGGTGTCAGCTATAC	0	0	0	0	0	0	0	0	0	0	0	0	0	0	0	0	0	0	23.953103112248
GCGGTGTGTGAGTCGA	0	0	0	0	0	0	0	0	0	0	0	0	0	0	0	0	0	0	32.9779551734725
GCGGTGTGTTGTCGGC	0	0	0	0	0	0	0	0	0	0	0	0	0	0	0	0	0	0	46.1983047746814
GCGTAGCAGCTCCGGT	0	0	0	0	0	0	0	0	0	0	0	0	0	0	0	0	0	0	2.857577887093
GCGTAGCCAGTAGTTC	0	0	0	0	0	0	0	0	0	0	0	0	0	0	0	0	0	0	23.6437734479003
GCGTAGCCATTTGGTG	0	0	0	0	0	0	0	0	0	0	0	0	0	0	0	0	0	0	24.1961536083112
GCGTTGGAGATCGAGC	0	0	0	0	0	0	0	0	0	0	0	0	0	0	0	0	0	0	2.71616584252568
GCGTTGGGTAGATGAT	0	0	0	0	0	0	0	0	0	0	0	0	0	0	0	0	0	0	12.150646430579
GCGTTGGGTATCCCTC	0	0	0	0	0	0	0	0	0	0	0	0	0	0	0	5	0	0	18.6324161650903
GCTCACTAGCTTCAAC	0	0	0	0	0	0	0	0	0	0	0	0	0	0	0	0	0	0	45.5191614204511
GCTCACTCAGCGTACC	0	0	0	0	0	0	0	0	0	0	0	0	0	3	0	0	0	0	8.73693423355839
GCTCACTGTCTAAAGA	0	0	0	0	0	0	0	0	0	0	0	0	0	0	0	0	0	0	3.85819966814159
GCTCACTTCAAGAGGC	0	0	0	0	0	0	0	0	0	0	5	0	0	0	0	0	0	0	9.50755787996683
GCTCACTTCCAGGTAT	0	0	0	0	0	0	0	0	0	0	0	0	0	0	0	0	0	0	5.6992239764517
GCTCACTTCTTGTACT	0	0	0	0	0	0	0	0	0	0	0	0	0	0	0	0	0	0	21.9597525116393
GCTCAGGAGATCCGAG	0	0	0	0	0	0	0	0	0	0	0	0	0	0	0	0	0	0	3.61272513974191
GCTCAGGCAGCAAACG	0	0	0	0	0	0	0	0	0	0	0	0	0	0	0	0	0	0	8.63578110982955
GCTCAGGGTAGTACAA	0	0	0	0	0	0	0	0	0	0	0	0	0	0	0	0	0	0	7.53690523263477
GCTCCTAAGACCTATC	0	0	0	0	0	0	0	0	0	0	0	0	0	0	0	0	0	0	3.59132499825382
GCTCCTAAGCTAGCAG	0	0	0	0	0	0	0	0	0	0	0	0	0	0	0	0	0	0	17.0264995635366
GCTCCTACAAAGCTGG	0	0	0	0	0	0	0	0	0	0	0	0	0	0	0	0	0	0	25.9224010813468
GCTCCTAGTCCATTGA	0	0	0	0	0	0	0	1	0	0	1	0	0	31	0	0	0	0	50.8680314384939
GCTCCTATCCACCTAC	0	0	0	0	0	0	0	0	0	0	0	0	0	0	0	0	0	0	17.9763886320202
GCTCGAGTCATGTTCT	0	0	0	0	0	0	0	0	0	0	11	0	0	0	0	0	0	0	38.2172674946986
GCTCGAGTCCATGACA	0	0	0	0	0	0	0	0	0	0	0	0	0	0	0	0	0	0	39.987237697877
GCTGAGCAGTTCTCCC	0	0	0	0	0	0	0	0	0	0	0	0	0	0	0	0	0	0	10.1606081461553
GCTGAGCCACTAGGAG	0	0	0	0	0	0	0	0	0	0	7	0	0	1	0	0	0	0	102.082553760175
GCTGAGCTCAAATGGA	0	0	0	0	0	0	0	0	0	0	0	0	0	0	0	0	0	0	3.64220872295406
GCTGTTCGTAAGTGCG	0	0	0	0	0	0	0	0	0	0	0	0	0	0	0	0	0	0	17.9175295631395
GCTGTTCGTTTCCGGG	0	0	0	0	0	0	0	0	0	0	0	0	0	0	0	0	0	0	5.79431057998311
GCTTAAGTCCACGCTT	0	0	0	0	0	0	0	0	0	0	0	0	0	0	0	0	0	0	2.72421647945959
GCTTAAGTCTCCACTG	0	0	0	0	0	0	0	0	0	0	0	0	0	0	0	0	0	0	15.599133126935
GCTTAAGTCTGCGTCT	0	0	0	0	0	0	0	0	0	0	0	0	0	2	0	0	0	0	9.25645514223195
GCTTGCTAGGGAGATA	0	0	0	0	0	0	0	0	0	0	0	0	0	4	0	0	0	0	6.74954850361197
GCTTGCTTCCCGATTC	0	0	0	0	0	0	0	0	0	0	0	0	0	0	0	0	0	0	13.4908381824935
GCTTTCGAGAAGGGCG	0	0	0	0	0	0	0	0	0	0	0	0	0	0	0	0	0	0	8.18167335754795
GCTTTCGAGCCTGTAT	0	0	0	0	0	0	0	0	0	0	0	0	0	0	0	0	0	0	6.87903589611394
GCTTTCGCAACGAGGT	0	0	0	0	0	0	0	0	0	0	0	0	0	0	0	0	0	0	4.38770491803279
GCTTTCGGTGGACGAT	0	0	0	0	0	0	0	0	0	0	0	0	0	3	0	0	0	0	26.6071582049236
GCTTTCGTCACTGGTA	0	0	0	0	0	0	0	0	0	0	0	0	0	0	0	0	0	0	24.4829548969869
GCTTTCGTCGAACCGC	0	0	0	0	0	0	0	0	0	0	0	0	0	0	0	0	0	0	4.44158015745837
GCTTTCGTCGGAAAGC	0	0	0	0	0	0	0	0	0	0	0	0	0	0	0	0	0	0	24.6489037758831
GGAACCCCACTGATAC	0	0	0	0	0	0	0	0	0	0	0	0	0	0	0	0	0	0	5.22098096245373
GGAACCCCAGTAACCT	0	0	0	0	0	0	0	0	0	0	0	0	0	6	0	0	0	0	129.062534018748
GGAACTTGTAAGTGCG	0	0	0	0	0	0	0	0	0	0	0	0	0	0	1	0	0	0	33.1715647339158
GGAACTTGTGACAAGC	0	0	0	0	0	0	0	0	0	0	0	0	0	0	0	0	0	0	7.65509761388286
GGAACTTGTTAGAGAT	0	0	0	0	0	0	0	0	0	0	0	0	0	0	0	0	0	0	5.05435213313961
GGAACTTTCTGCGTCT	0	0	0	0	0	0	0	0	0	0	0	0	0	0	0	0	0	0	3.58180867746994
GGAATCTGTGCTGTGC	0	0	0	0	0	0	0	0	0	0	0	0	0	0	0	0	0	0	4.16798913431982
GGACACCAGGGTCTGA	0	0	0	0	0	0	0	0	0	0	0	0	0	0	0	0	0	0	23.1850439702355
GGACACCCAATGTAAG	0	0	0	0	0	0	0	0	0	0	0	0	0	0	0	0	0	0	25.1323619444104
GGACACCCACTGCTCT	0	0	0	0	0	0	0	0	0	0	0	0	0	0	0	0	0	0	22.8471583593894
GGACACCCAGTCAGCC	0	0	0	0	0	0	0	0	0	0	0	0	0	0	0	0	0	0	10.6493262300219
GGACACCTCCGATGCG	0	0	0	0	0	0	0	0	0	0	0	0	0	0	0	0	0	0	40.8593474694696
GGAGAACCACACATTG	0	0	0	0	0	0	0	0	0	0	0	0	0	4	0	0	0	0	42.8393486450358
GGAGGATGTTTAGAAG	0	0	0	0	0	0	0	0	0	0	0	0	0	0	0	0	0	0	29.1983938674941
GGAGTAGAGAATATCG	0	0	0	0	0	0	0	0	0	0	0	0	0	0	0	0	0	0	19.819323792263
GGAGTAGGTATTCACG	0	0	0	0	0	0	0	0	0	0	0	0	0	0	0	0	0	0	4.6976
GGAGTAGTCACTCCCA	6	0	0	0	0	0	0	0	0	0	0	0	0	0	0	0	0	0	113.288127354478
GGAGTAGTCGGGCTCA	0	0	0	0	0	0	0	0	0	0	0	0	0	0	0	0	0	0	54.392233964119
GGATGAGCAGCAACGA	0	0	0	0	0	0	0	0	0	0	0	0	0	0	0	0	0	0	3.30638665132336
GGCACGTAGTTGTCCA	0	0	0	0	0	0	0	0	0	0	0	0	0	0	0	0	0	0	4.39553135826911
GGCACGTCAAGCGAAC	0	0	0	0	0	0	0	0	0	0	0	0	0	0	0	0	0	0	16.9783923941227
GGCATTAAGATCTCAC	0	0	0	0	0	0	0	0	0	0	0	0	0	0	0	0	0	0	51.5621872330038
GGCATTACACTGAAGG	0	0	0	0	0	0	0	0	0	0	0	0	0	0	0	0	0	0	7.74702778307585
GGCGAAACAGCTGATT	0	0	0	0	0	0	0	0	0	0	0	0	0	0	0	0	0	0	20.3579324399432
GGCGTTGCAAGCCAGA	0	0	0	0	0	0	0	0	0	0	0	0	0	31	0	0	0	0	234.61031587848
GGCGTTGCAAGTTCGT	0	0	0	0	0	0	0	0	0	0	0	0	0	0	0	0	0	0	2.6317291683184
GGCGTTGCAGTAGTCT	0	0	0	0	0	0	0	0	0	0	0	0	0	0	0	0	0	0	4.03888121546961
GGCGTTGGTCATAAGA	5	0	0	0	0	0	0	0	0	0	0	0	0	0	0	0	0	0	29.6679141104294
GGCGTTGGTGGCCTTG	0	0	0	0	0	0	0	0	0	0	0	0	0	0	0	0	0	0	24.4975173174769
GGGAACAAGATCGAGC	0	0	0	0	0	0	0	0	0	0	0	0	0	0	0	0	0	0	6.95804195804196
GGGAACAGTCTGTCCT	0	0	1	0	0	0	0	19	0	0	0	0	0	0	0	0	0	0	42.0648318042813
GGGAACAGTGGTTCTA	0	0	0	0	0	0	0	0	0	0	0	0	0	0	0	0	0	0	2.07271171941831
GGGACCTTCCACACCT	0	0	0	0	0	0	0	0	0	0	0	0	0	1	0	0	0	0	43.2004490836267
GGGACCTTCGAGCGCT	0	0	0	0	2	0	0	0	0	0	1	0	0	0	0	0	0	0	16.4498847567433
GGGACCTTCTTTGCAT	0	0	0	0	0	0	0	0	0	0	0	0	0	0	0	0	0	0	22.3712427922954
GGGCCATCAGGCTACC	0	0	0	0	0	0	0	0	0	0	0	0	0	0	0	0	0	0	22.3009333169594
GGGCCATTCTGAACGT	0	0	0	0	0	0	0	0	0	0	0	0	0	0	0	0	0	0	4.70333333333333
GGGTCTGAGTCATCTG	0	0	0	0	0	0	0	0	0	0	7	0	0	0	0	0	0	0	83.4470331270477
GGGTCTGGTGATCAGG	0	0	0	0	0	0	0	0	0	0	0	0	0	0	0	0	0	0	55.0789457554398
GGGTCTGGTGTGTGTT	0	0	0	0	0	0	0	0	0	0	0	0	0	0	0	0	0	0	3.92686454100957
GGGTGTCCACTGTCGG	0	0	0	0	0	0	0	0	0	0	0	0	0	0	0	0	0	0	63.1643594414086
GGGTTATAGCCGCAAA	0	0	0	0	0	0	0	0	0	0	0	0	0	0	0	0	0	0	35.8226366794661
GGGTTATGTCGAGGTA	0	0	0	0	0	0	0	0	0	0	0	0	0	0	0	0	0	0	12.2457742977877
GGGTTATTCCACTAGA	0	0	0	0	0	0	0	0	0	0	0	0	0	3	0	0	0	0	15.6143883125652
GGGTTATTCTCGTAGA	0	0	0	0	0	0	0	0	0	0	0	0	0	0	0	0	0	0	10.4038812929242
GGTACCGTCTTGTGCC	0	0	0	0	0	0	0	0	0	0	0	0	0	0	0	0	0	0	71.513004812085
GGTCATACATCGGCTG	0	0	0	0	0	0	0	0	0	0	0	0	0	0	0	0	0	0	10.6425229151977
GGTGAAGAGTGTTCCA	0	0	0	0	0	0	0	0	0	0	0	0	0	0	0	0	0	0	23.1785147184561
GGTGAAGCATTCACCC	0	0	0	0	0	0	0	0	0	0	0	0	0	25	0	0	0	0	108.535454103934
GGTGAAGTCGCCTTAC	0	0	0	0	0	0	0	0	0	0	0	0	0	0	0	0	0	0	3.71879247442592
GGTGCTGGTTTGCCCT	0	0	0	0	0	0	0	0	0	0	0	0	0	0	0	0	0	0	8.04546897821807
GGTGCTGTCTAGTCGA	0	0	0	0	0	0	0	0	0	0	0	0	0	0	0	0	0	0	196.588688634019
GGTGTCGAGTCTAGAA	0	0	0	0	0	0	0	0	0	0	3	0	0	0	0	0	0	0	19.6540634506736
GGTGTCGGTATTGTGC	0	0	0	0	0	0	0	0	0	0	0	0	0	1	0	0	0	0	58.8984866828087
GGTGTCGGTGGTGGTA	0	0	0	0	0	0	0	0	0	0	0	0	0	0	0	0	0	0	25.2157126275276
GGTGTCGGTTACGCTA	0	0	0	0	0	0	0	0	0	0	0	0	0	0	0	0	0	0	4.04163415845095
GGTGTCGTCCGAATTG	0	0	0	0	0	0	0	0	0	0	0	0	0	0	0	0	0	0	22.0870073172231
GGTTGCGAGCGTGTTT	0	0	0	0	0	0	0	0	0	0	0	0	0	0	0	0	0	0	6.24275362318841
GGTTGCGAGGTGTTGG	0	0	0	0	0	0	0	0	0	0	0	0	0	0	0	0	0	0	29.6441982148353
GGTTGCGCAGTAACGG	0	0	0	0	0	0	0	0	0	0	0	0	0	0	0	0	0	0	14.1792629606496
GGTTGCGTCAGCCGGT	0	0	0	0	0	0	0	0	0	0	0	0	0	0	0	0	0	0	2.76441216522923
GTAATCGAGTTCGCGC	0	0	0	0	0	0	0	0	0	0	0	0	0	0	0	0	0	0	7.70546303305577
GTAATCGGTCACAGTT	5	0	0	0	0	0	1	0	0	0	0	0	0	0	0	0	0	0	55.6248031972872
GTACTTTTCGCGATGC	0	0	0	0	0	0	0	0	0	0	0	0	0	5	0	0	0	0	54.0632919066384
GTACTTTTCGTTGTAG	0	0	0	0	0	0	0	1	0	0	0	0	0	0	0	0	1	0	19.1299703630526
GTAGACTAGGAGAACA	0	0	0	0	0	0	0	0	0	0	0	0	0	0	0	0	0	0	4.68820794866758
GTAGGAGCAATTCAGC	0	0	0	0	0	0	0	0	0	0	0	0	0	0	0	0	0	0	8.83777315951886
GTAGGAGGTAACTGAA	0	0	0	0	0	0	0	0	0	0	0	0	0	0	0	0	0	0	5.092793948808
GTAGTACTCCAGGGAA	0	0	0	0	0	0	0	0	0	0	0	0	0	0	0	0	0	0	2.92910361778938
GTAGTACTCCGAGAGA	0	0	0	0	0	0	0	0	0	0	0	0	0	0	0	0	0	0	9.87947028341117
GTCACAAAGGGCTTCC	0	0	0	0	0	0	0	0	0	0	0	0	0	0	0	0	0	0	23.5273172223922
GTCACAACATGTATCG	0	0	0	0	0	0	0	0	0	0	0	0	0	0	1	0	0	0	25.62093179459
GTCACAATCTCTTCCT	0	0	0	0	0	0	0	0	0	0	0	0	0	15	0	0	0	0	88.4370631495776
GTCACCTAGCCGCAAA	0	0	0	0	0	0	0	0	0	0	0	0	0	0	0	0	0	0	3.42506888998799
GTCACGGCACTTGCGG	0	0	0	0	0	0	0	0	0	0	0	0	0	2	0	0	0	0	60.1912401634844
GTCACGGCATTCACCC	0	0	0	0	0	0	0	0	0	0	0	0	0	2	0	0	0	0	43.8993939393939
GTCACTCCACGCTAAT	0	0	0	0	0	0	0	0	0	0	0	0	0	0	0	0	0	0	12.7358280156124
GTCACTCTCGGGTCCA	0	0	0	0	0	0	0	0	0	0	0	0	0	0	0	0	0	0	9.00765591933275
GTCCATCTCATTCTCA	0	0	0	0	0	0	0	0	0	0	0	0	0	0	0	0	0	0	3.99292316580012
GTCGTAACAAGTTGCT	0	0	0	0	0	0	0	0	0	0	0	0	0	0	0	0	0	0	7.1334563737033
GTCGTAAGTGGCCTCA	0	0	0	0	0	0	0	0	0	0	0	0	0	0	0	0	0	0	24.1861249004106
GTGACATCAAGCCCTG	0	0	0	0	0	0	0	0	0	0	0	0	0	0	0	0	0	0	6.32919254658385
GTGACATGTCAGTGCC	0	0	0	0	0	0	0	0	0	0	0	0	0	6	0	0	0	0	51.5196888672824
GTGACATGTGAGGGTT	0	0	0	0	0	0	0	0	0	0	0	0	0	0	0	0	0	0	13.4843525516897
GTGACATTCAGGTCTA	0	0	0	0	0	0	0	0	0	0	0	0	0	0	0	0	0	0	64.78872295032
GTGACATTCCCACTAC	0	0	0	0	0	0	0	0	0	0	0	0	0	0	0	0	0	0	3.24832514515409
GTGATCAGTCCCTAAA	1	0	0	0	0	0	0	0	0	0	1	0	0	0	0	0	0	0	29.1987214611872
GTGCACGCAAGCAGGT	0	0	0	0	0	0	0	0	0	0	0	0	0	2	0	0	0	0	32.0345375634207
GTGCACGCACAAACAA	0	0	0	0	0	0	0	0	0	0	0	0	0	1	0	0	0	0	13.0934637286457
GTGCACGGTAAACGAT	0	0	0	0	0	0	0	0	0	0	0	0	0	0	0	0	0	0	19.4259021798864
GTGCCAGAGTCAGCCC	0	0	0	0	0	0	0	0	0	0	0	0	0	0	0	0	0	0	27.6727808109932
GTGCCAGGTCTGGGCT	0	2	0	0	0	0	0	0	0	0	0	0	0	29	0	0	0	0	79.6446065025828
GTGCCAGTCCTCATTA	0	0	0	0	0	0	0	0	0	0	0	0	0	0	0	0	0	0	15.0631369624658
GTGCTGGAGCTATCCA	0	0	0	0	0	0	0	0	0	0	0	0	0	12	0	0	0	0	29.1488512102224
GTGCTGGCATGCGCTG	0	0	0	0	0	0	0	0	0	0	0	0	0	0	0	0	0	0	27.9753728110884
GTGCTGGGTTCTTTCA	0	0	0	0	0	0	0	0	0	0	0	0	0	0	0	0	0	0	87.8507280813989
GTGGATTCAATCAGGG	0	0	0	0	0	0	0	0	0	0	0	0	0	0	0	0	0	0	5.69393530997305
GTGGATTCACTGAAGG	0	0	0	0	0	0	0	0	0	0	0	0	0	0	0	0	0	0	6.27772697583279
GTGGATTGTATCTAGC	0	0	0	0	0	0	0	0	0	0	0	0	0	0	0	0	0	0	11.1396548430236
GTGGATTTCATCATGG	0	0	0	0	0	0	0	0	0	0	0	0	0	0	0	0	0	0	6.57924291471229
GTGGCGTAGTGAGTGC	0	0	0	0	0	0	0	0	0	0	0	0	0	0	0	0	0	0	8.89371096953258
GTGTCAAAGTCGACCC	0	0	0	0	0	0	0	0	0	0	0	0	0	0	0	0	0	0	3.06810563322705
GTGTCAACACGAACGA	0	0	0	0	0	0	0	0	0	0	0	0	0	0	0	0	0	0	4.07838347176659
GTGTCAAGTCCGTCGA	5	0	0	0	0	0	0	0	0	0	0	0	0	0	0	0	0	0	29.0448402948403
GTGTCAAGTTCCATCC	0	0	0	0	0	0	0	0	0	0	0	0	0	0	0	0	0	0	2.95725275596796
GTGTCCTCATGCGCTG	0	0	0	0	0	0	0	0	0	0	0	0	0	0	0	0	0	0	16.4304219096965
GTGTCCTTCCCACTTG	0	0	0	0	0	0	0	0	0	0	0	0	0	0	0	0	0	0	3.6904454267256
GTGTGATGTAGCGTTT	0	0	0	0	0	0	0	0	0	0	0	0	0	1	0	0	0	0	14.3243209876543
GTGTGATGTCATTGGT	0	0	0	0	0	0	0	0	0	0	0	0	0	0	0	0	0	0	5.13656598863092
GTGTGATGTCTGCGCA	0	0	0	0	0	0	0	0	0	0	0	0	0	0	0	0	0	0	14.9522412286178
GTGTGATTCCGCTCTA	0	0	0	0	0	0	0	0	0	0	0	0	0	0	0	0	0	0	28.2995616472186
GTGTGATTCGAGTTAC	0	0	0	0	0	0	0	0	0	0	0	0	0	0	0	0	0	0	31.1317148125384
GTTACGAAGAGACTCG	0	0	0	0	0	0	0	0	0	0	0	0	0	0	0	0	0	0	2.75816112608565
GTTACGACAAGATGCG	0	0	0	0	0	0	0	0	0	0	0	0	0	0	0	0	0	0	4.89137953970999
GTTACGACACCCATCT	0	0	0	0	0	0	0	0	0	0	0	0	0	9	0	0	0	0	169.896474707232
GTTACGACACGTTACA	0	0	0	0	0	0	0	0	0	0	0	0	0	0	0	0	0	0	7.58526506101892
GTTACGAGTCCCTAAA	0	0	0	0	0	0	13	0	0	0	0	0	0	0	52	0	0	0	71.4126398548533
GTTACGAGTGCACATT	0	0	0	0	0	0	0	0	0	0	0	0	0	0	0	0	0	0	32.0354467385346
GTTACGATCGAGAAGC	0	0	0	0	0	0	0	0	0	0	0	0	0	0	0	0	0	0	25.0624239474325
GTTACTTCAACGGGTA	0	0	0	0	0	0	0	0	0	0	0	0	0	0	0	0	0	0	8.69184839044652
GTTACTTGTGTTAGAA	0	0	0	0	0	0	0	0	0	0	0	0	0	1	0	0	0	0	74.2884160756501
GTTACTTTCGCCGAAC	0	0	0	0	0	0	0	0	0	0	0	0	0	0	1	0	0	0	5.74445679900582
GTTATGGAGCTAGCAG	0	0	0	0	0	0	0	0	0	0	0	0	0	0	0	0	0	0	3.97549632097737
GTTATGGAGGATGTAT	0	0	0	0	0	0	0	0	0	0	0	0	0	0	0	0	0	0	7.70124113475177
GTTATTCTCGGGACAA	0	0	0	0	0	0	0	0	0	0	0	0	0	0	0	0	0	0	61.7256948658818
GTTCAAGCAACTGCGC	0	0	0	0	0	0	0	0	0	0	0	0	0	0	0	0	0	0	3.64885111287186
GTTCAAGCAGTTAAAG	1	0	0	0	0	0	0	0	0	0	0	0	0	0	0	0	0	0	27.0001828933732
GTTCAAGGTCAGGCTC	0	0	0	0	0	0	0	0	0	0	0	0	0	0	0	0	0	0	6.11003236245955
GTTCAAGGTTTGCCCT	0	0	0	0	0	0	0	0	0	0	0	0	0	9	0	0	0	0	80.96673546194
GTTGGGCCAGATTTGC	0	0	0	0	0	0	0	0	0	0	0	0	0	0	0	0	0	0	45.7958958652374
GTTGGGCGTTTAGACC	0	0	0	0	0	0	0	0	0	0	0	0	0	4	0	0	0	0	82.7892109108622
GTTGGTACAGCTGATT	0	0	0	0	0	0	0	0	0	0	0	0	0	0	0	0	0	0	3.80434108527132
GTTGGTACATAGTCCA	0	0	0	0	0	0	0	0	0	0	0	0	0	14	0	0	0	0	109.204142011834
GTTGGTATCGTTGTTT	0	0	0	0	0	0	0	0	0	0	0	0	0	0	0	0	0	0	3.10260920551158
TAAACCGAGCTACGTT	0	0	0	0	0	0	0	0	0	0	0	0	0	0	0	0	0	0	64.7664051572098
TAAACCGCAGCGTAGA	0	0	0	0	0	0	0	0	0	0	0	0	0	0	0	0	0	0	4.52711782226224
TAAACCGGTATCTAGC	0	0	0	0	0	0	0	0	0	0	0	0	0	0	0	0	0	0	6.30215643741228
TAACAGCAGTTAGAGT	0	0	0	0	0	0	0	0	0	0	1	0	0	10	0	0	0	0	40.3844751078962
TAACAGCGTTGTCGGC	0	0	0	0	0	0	0	0	1	0	0	0	0	0	0	0	0	0	59.9995135595282
TAACAGCGTTTCACCC	0	0	0	0	0	0	0	0	0	0	6	0	0	0	0	0	0	0	34.9281841993056
TAACAGCTCAAATGGA	0	0	0	0	0	0	0	0	0	0	0	0	0	0	0	0	0	0	2.93057110862262
TAACGGTCATGGTATC	0	0	0	0	0	0	0	0	0	0	0	0	0	3	0	0	0	0	44.3354484441733
TAACGGTTCACTACCC	0	0	0	0	0	0	0	0	0	0	0	0	0	0	0	0	0	0	12.8375224973624
TAACGGTTCTCGCGGA	0	0	0	0	0	0	0	0	0	0	0	0	0	0	0	0	0	0	9.83356440635241
TAAGTGCCACTTATGG	0	0	0	0	0	0	0	0	0	0	0	0	0	0	0	0	0	0	4.17471016446482
TACAGCAAGGTTCGTT	0	0	0	0	0	0	0	0	0	0	0	0	0	3	0	0	0	0	12.0774481817053
TACATGGAGTAATGTG	0	0	0	0	0	0	0	0	0	0	0	0	0	0	0	0	0	0	8.48969265367316
TACATGGTCCCACGGA	0	0	0	0	0	0	0	0	0	0	0	0	0	0	0	0	0	0	43.0753008387018
TACATTCAGAATATCG	0	0	0	0	0	0	0	0	0	0	0	0	0	4	0	0	0	0	12.046484494934
TACCCTGCACAGGAAC	0	0	0	0	0	0	0	0	0	0	0	0	0	1	0	0	0	0	23.6802841918295
TACCTATCAACAACTC	0	0	0	0	0	0	0	0	0	0	1	0	0	2	0	0	0	0	82.2913500699046
TACCTATTCGTGGGTC	0	0	0	0	0	0	0	0	0	0	0	0	0	0	0	0	0	0	11.5863108320251
TACCTCGGTCAGAGTG	0	0	3	0	0	0	0	0	0	0	0	0	0	0	0	0	0	0	21.8920110192837
TACCTCGTCAGTCACA	0	0	0	0	0	0	0	0	0	0	0	0	0	2	0	0	0	0	33.2865625956535
TACGCAAAGCTCGTTA	0	0	0	0	0	0	0	0	0	0	0	0	0	0	0	0	0	0	21.1907065017754
TACGCAAAGTATAGTG	0	0	0	0	0	0	0	0	0	0	0	0	0	0	0	0	0	0	12.6328965983884
TACGCAACAACTTGGT	0	0	0	0	0	0	0	0	0	0	0	0	0	0	0	0	0	0	2.66154104697084
TACGCAAGTTGTATCG	0	0	0	0	0	0	0	0	0	0	0	0	0	0	0	0	0	0	11.1391407666813
TACGGATCAAATAGTG	0	0	0	0	0	0	0	0	0	0	0	0	0	0	0	0	0	0	15.1597625741956
TACGGATGTAACTCCA	0	0	0	0	0	0	0	1	0	0	0	0	0	0	0	0	0	0	77.0727040816327
TACTAGGGTCAGCAAG	0	0	0	0	0	0	0	0	0	0	0	0	0	0	0	0	0	0	4.58723747980614
TACTCGCGTTAAGGGC	0	0	0	0	0	0	0	0	0	0	0	0	0	0	0	0	0	0	10.8054341036852
TACTCGCTCATTCTCA	0	0	0	0	0	0	0	0	0	0	0	0	0	0	0	0	0	0	12.1059425079504
TACTGCCAGGTCTTGT	0	0	0	0	0	0	0	0	0	0	2	0	0	0	0	0	0	0	20.1953586760406
TACTGCCCATTGAACC	0	0	0	0	0	0	0	0	0	0	0	0	0	0	0	0	0	0	27.5192980303123
TACTGCCGTACAAATG	0	0	0	0	0	0	0	0	0	0	0	0	0	6	0	0	0	0	16.5318314767565
TAGACTGTCGATGTGT	0	2	0	0	0	0	0	0	0	0	0	0	0	8	0	0	0	0	50.8943631801212
TAGCACAGTAACGGTG	0	0	0	0	0	0	0	0	0	0	0	0	0	0	0	0	0	0	26.7714550509731
TAGCACAGTAGTCCAT	0	0	0	0	0	1	0	0	0	0	5	0	0	0	0	0	0	0	40.1968124084025
TAGCATGCATTTAGGC	0	0	0	0	0	0	0	0	0	0	0	0	0	0	0	0	0	0	10.5347090748454
TAGCATGTCGTTCAGA	0	0	0	0	0	0	0	0	0	0	0	0	0	0	0	0	0	0	4.120037871103
TAGCCCTCAACCTCTC	0	0	0	0	0	0	0	0	0	0	0	0	0	0	0	0	0	0	266.922122925406
TAGCCCTCAGAGAGAA	0	0	0	0	0	0	0	0	0	0	0	0	0	1	0	0	0	0	29.6893339827103
TAGCCCTCAGGGTACA	0	0	0	0	0	0	0	0	0	0	0	0	0	1	0	0	0	0	79.4726317061382
TAGCCCTCATGTATCG	0	0	0	0	0	0	0	0	0	0	0	0	0	0	0	0	0	0	44.2768090406465
TAGCCGGGTGTCTCGG	0	0	0	0	0	0	0	0	0	0	0	1	0	28	0	1	0	0	128.368299501641
TAGCGGCTCGCACAAT	0	0	0	0	0	0	0	0	0	0	0	0	0	0	0	0	0	0	24.3396970070206
TAGCTTTAGTCATACC	0	0	0	0	0	0	0	0	0	0	10	0	0	0	0	0	0	0	58.7520570488206
TAGCTTTGTAACTGAA	0	0	0	0	0	0	0	0	0	1	0	0	0	0	0	0	0	0	19.388004442799
TAGGAGGAGGTGTCGA	0	0	0	0	0	0	0	0	0	0	0	0	0	6	0	0	0	0	63.3980837300134
TAGGAGGCACACTAGT	0	0	0	0	0	0	0	0	0	0	0	0	0	0	0	0	0	0	9.953660386901
TAGGTCAAGAATCAGT	0	0	0	0	0	0	0	0	0	0	0	0	0	0	0	0	0	0	3.37795559400231
TAGGTCAAGCAGGAGG	0	0	0	0	0	0	0	0	0	0	0	0	0	0	0	0	0	0	2.80995684340321
TAGGTCAAGTTCAGGG	0	0	0	0	0	0	0	0	0	0	0	0	0	0	0	0	0	0	5.66340700176022
TAGGTCACACGCGCAT	0	0	0	0	0	0	0	0	0	0	0	0	0	0	0	0	0	0	10.598636050804
TAGGTCAGTCAACAGG	0	0	0	0	0	0	0	0	0	0	0	0	0	0	0	0	0	0	40.1111923920995
TAGGTGTAGAGGAACA	0	0	0	0	0	0	0	0	0	0	0	0	0	0	0	0	0	0	51.8481420665329
TAGGTGTAGTGGTGTG	0	0	1	0	0	0	0	0	0	0	0	0	0	0	0	0	0	0	50.7713435012457
TAGGTGTCAACACGGA	0	0	0	0	0	0	0	0	0	0	0	0	0	0	0	0	0	0	2.11011987733482
TAGGTGTGTCAACGGA	0	0	0	0	0	0	0	0	0	0	0	0	0	0	0	0	0	0	71.4982187065998
TAGGTGTGTCAGGTGA	0	0	0	0	0	0	0	0	0	0	0	0	0	0	0	0	0	0	4.80179289433788
TAGGTGTGTGCAAAGC	0	0	0	0	0	0	0	0	0	0	0	0	0	11	0	0	0	0	48.718373767318
TAGGTGTTCGGGAAAC	0	0	0	0	0	0	0	0	0	0	0	0	0	0	0	0	0	0	3.47233568510954
TAGTCCCAGTGTCGGA	0	0	0	0	0	0	0	0	0	0	0	0	0	0	0	0	0	0	5.60617810520874
TAGTCCCCAGTAGTTC	0	0	0	0	0	0	0	0	0	0	0	0	0	0	0	0	0	0	2.73056468011888
TAGTCCCGTCTCTGGG	0	0	0	0	0	0	0	0	0	0	0	0	0	0	0	0	0	0	6.33446945337621
TAGTCCCGTTTAAGCC	0	0	0	0	0	0	0	1	0	0	0	0	0	0	0	0	0	22	221.696070715021
TATCTGTCAAAGGTCG	0	0	0	0	0	0	0	0	0	0	0	0	0	0	0	0	0	0	37.7222832722833
TATCTGTCAATTGTGC	0	0	0	0	0	0	0	0	0	0	0	0	0	0	0	0	0	0	26.162320610687
TATGTGGAGACGTCAG	0	0	0	0	0	0	0	0	0	0	0	0	0	4	0	0	0	0	8.92698612862547
TATGTGGAGAGAAGCA	0	0	0	0	0	0	0	0	0	0	0	0	0	2	0	0	0	0	11.4675501610107
TATGTGGGTTCTTTGT	0	0	0	0	0	0	0	0	0	0	0	0	0	0	0	0	0	0	5.77288838360195
TATGTGGTCTAAACGC	0	0	0	0	0	0	0	0	0	0	0	0	0	0	0	0	0	0	12.9020709685566
TATTGCTTCGCAAGCC	0	0	0	0	0	0	0	0	0	0	0	0	0	3	0	0	0	0	77.7296163434061
TATTGCTTCTCGGCGA	0	0	0	0	0	0	0	0	0	0	0	0	0	11	0	0	0	0	45.5918957141979
TCAAAGCCAACTCGTA	0	0	0	0	0	0	0	0	0	0	0	0	0	0	0	0	0	0	90.9953120243531
TCAAGACAGGGATCCA	0	0	0	0	0	0	0	0	0	0	0	0	0	0	0	0	0	0	4.04444599497628
TCAAGACAGGTTGTTC	0	0	0	0	0	0	0	0	0	0	0	0	0	0	0	0	0	0	7.00643986209588
TCAAGCAAGAGAACCC	0	0	0	0	0	0	0	0	0	0	0	0	0	0	0	0	0	0	6.95505544683627
TCAAGCACAAGCAATA	0	0	0	0	0	0	0	0	0	0	0	0	0	0	0	0	0	0	6.00278234475781
TCAAGCACACGTACAT	0	0	0	0	0	0	0	0	0	0	0	0	0	18	0	0	0	0	60.3927595213509
TCAAGCAGTACGCAAG	0	0	0	0	0	0	0	0	0	0	0	0	0	0	0	0	0	0	120.929587697524
TCAAGCAGTGGACTGA	0	0	0	0	0	0	0	0	0	0	0	0	0	0	0	0	0	0	35.2978463791105
TCAAGCATCACCCTTG	0	0	0	0	0	0	0	0	0	0	0	0	0	0	0	0	0	0	3.32674772036474
TCAAGGTAGCTCCGGT	0	0	0	0	0	0	0	0	0	0	0	0	0	0	0	0	0	0	18.9361159492411
TCAAGGTCATCCCGGA	0	0	0	0	0	0	0	0	0	0	0	0	0	0	0	0	0	0	18.4611265004617
TCAAGGTCATTAAGGA	0	0	0	0	0	0	0	0	0	0	0	0	0	2	0	0	0	0	8.32172649140546
TCAAGGTGTAATGCAA	0	0	0	0	0	0	0	0	0	0	0	0	0	0	0	0	0	0	4.68406215621562
TCAATTCTCCGATGCG	0	0	0	0	0	0	0	0	0	11	0	0	0	0	0	0	0	0	90.1182880319632
TCACAAGCAAAGCTGG	0	0	0	0	0	0	0	0	0	0	0	0	0	0	0	0	0	0	18.5695168687567
TCACAAGGTAAGTCTC	0	0	0	0	0	0	0	0	0	0	0	0	0	0	0	0	0	0	13.2796625938101
TCACAAGGTCAACTGT	0	0	0	0	0	0	0	0	0	0	0	0	0	0	0	0	0	0	2.63651195040379
TCACAAGTCTATATCC	0	0	0	0	0	0	0	0	0	0	5	0	0	0	0	0	0	0	13.3119789381308
TCACAGACAGTAGGCA	0	0	0	0	0	0	0	0	0	0	0	0	0	0	0	0	0	0	28.7772802551678
TCACCACGTAGCAGGT	0	0	0	0	0	0	0	0	0	0	0	0	0	0	0	0	0	0	8.9882615629984
TCACCTGCAAGCCTTA	0	0	0	0	0	0	0	0	0	0	0	0	0	0	0	0	0	0	4.06892924759835
TCACCTGGTCTGATTG	0	0	0	0	0	0	0	0	0	0	0	0	0	0	0	0	0	0	14.396233405372
TCACTCGAGTTAGCAA	0	0	0	0	0	0	0	0	0	0	0	0	0	0	0	0	0	0	54.8072026191342
TCACTCGCACAGATGG	0	0	0	0	0	0	0	0	0	0	0	0	0	0	0	0	0	0	4.67523489932886
TCACTCGTCAAACCCA	0	0	0	0	0	0	0	0	0	0	37	0	0	0	0	0	0	0	76.8125982347963
TCACTCGTCGCCCTTA	0	0	0	0	0	0	0	0	0	0	0	0	0	0	0	0	0	0	55.4563018593665
TCAGCTCAGGCAAGGG	0	0	0	0	0	0	0	0	0	0	0	0	0	0	0	0	0	0	20.3259822090437
TCAGCTCGTGCCCTAG	0	0	0	0	0	0	0	0	0	0	0	0	0	0	0	0	0	0	73.5903913728341
TCAGGTACACTCCACT	0	0	0	0	0	0	0	0	0	0	0	0	0	6	0	0	0	0	9.75388164868741
TCAGGTAGTTCCGCGA	0	0	0	0	0	0	0	0	0	0	0	0	0	0	1	0	0	0	77.1657669679141
TCAGTCCAGTGGTGTG	0	0	0	0	0	0	0	0	0	0	0	0	0	0	0	0	0	0	14.2532132056452
TCAGTCCCAAAGAAGG	0	0	0	0	0	0	0	0	0	0	0	0	0	0	0	0	0	0	3.11401088658564
TCAGTCCCATAGTCCA	0	0	0	0	0	0	0	0	0	0	0	0	0	0	0	0	0	0	26.3907252398118
TCAGTCCTCCGATGCG	0	0	0	0	0	0	0	0	0	0	0	0	0	0	0	0	0	0	8.56184592106922
TCAGTTTCACATAAAG	0	0	0	0	0	0	0	0	0	0	0	0	0	0	0	0	0	0	12.2462776404993
TCAGTTTCATCTCACC	0	0	0	0	0	0	0	1	0	0	0	0	0	0	0	0	0	0	112.05415053243
TCAGTTTGTCCAAGTT	0	0	0	0	0	0	0	0	0	0	0	0	0	0	0	0	0	0	2.50762316030669
TCCAGAAAGGTTCGAG	0	0	0	0	0	0	0	0	0	0	0	0	0	6	0	0	0	0	43.5847551245857
TCCAGAAAGTCTAGAA	0	0	0	0	0	0	0	0	0	0	0	0	0	0	0	0	0	0	6.37187666135035
TCCAGAATCCACGGCA	0	0	0	0	0	0	0	0	0	0	0	0	0	9	0	0	0	0	10.7875205462132
TCCATCGAGGTGTCGA	0	0	0	0	0	0	0	0	0	0	0	0	0	0	0	0	0	0	10.7880680061824
TCCATCGGTAGACACG	0	0	0	0	0	0	0	0	0	0	0	0	0	0	0	0	0	0	5.27395149403725
TCCCACACATTACACG	0	0	0	0	0	0	0	0	0	0	0	0	0	0	0	0	0	0	35.9510664229129
TCCGACTAGTGGTGTG	0	0	0	0	0	0	0	0	0	0	0	0	0	0	0	0	0	0	6.24339065708419
TCCGACTCATCGCCTT	0	0	0	0	0	0	0	0	0	0	0	0	0	3	0	0	0	0	6.4979746835443
TCGAGCGCACTAAACC	0	0	0	0	0	0	0	0	0	0	0	0	0	0	0	0	0	0	3.75280244577085
TCGATTTGTTTCGTTT	0	0	0	0	0	0	0	0	0	0	0	0	0	0	0	0	0	0	6.8775716014522
TCGATTTTCTTAAGCG	0	0	0	0	0	0	0	0	0	0	0	0	0	0	0	0	0	0	5.82874002982945
TCGCAGGGTAAGTGCG	0	0	0	0	0	0	0	0	0	0	0	0	0	0	0	0	0	0	20.1600770856646
TCGCCTAAGAGGAAGT	0	0	0	0	0	0	0	0	0	1	0	0	0	0	0	0	0	0	6.68529737476386
TCGGGACAGACACAAT	0	0	0	0	0	0	0	0	0	0	0	0	0	0	0	0	0	0	24.1767345948569
TCGGGACCATGATTGC	0	0	0	0	0	0	0	0	0	0	0	0	0	0	0	0	0	0	3.31214689265537
TCGGGACTCCATCATT	0	0	0	0	0	0	0	0	0	0	0	0	0	0	0	0	0	0	22.4205112411457
TCGTTCGAGACTAGGC	0	0	0	0	0	0	0	0	0	0	0	0	0	0	0	0	0	0	48.0349424727583
TCGTTCGAGCTGCCAC	0	0	0	0	0	0	0	0	0	0	0	0	0	5	0	0	0	0	10.1809294057897
TCGTTCGCAACCTCCT	0	0	0	0	0	0	0	0	0	0	0	0	0	0	0	0	0	0	27.4557001048153
TCGTTCGTCGGGTCCA	0	0	0	0	0	0	0	0	0	0	0	0	0	0	0	0	0	0	56.5465690759378
TCTAGTTGTAAGTCTC	0	0	0	0	0	0	0	0	0	0	0	0	0	0	0	0	0	0	3.58411525674178
TCTAGTTTCCAGGCCA	0	0	0	0	0	0	0	0	0	0	0	0	0	4	0	0	0	0	11.2135759532977
TCTAGTTTCTAGCTGA	0	0	0	0	0	0	0	0	0	0	0	0	0	0	0	0	0	0	6.56206299313619
TCTATTGCAACTAGAA	0	0	0	0	0	0	0	0	0	0	0	0	0	0	0	0	0	0	6.65049807930204
TCTATTGCAGTGCTCG	0	0	0	0	0	0	0	0	0	0	0	0	0	0	0	0	0	0	43.1733932147842
TCTCAGCCAGGCAGAT	0	0	0	0	0	0	0	0	0	0	0	0	0	0	0	0	0	0	6.43215434083601
TCTCAGCGTTCCGCGA	0	0	0	0	0	0	0	0	0	0	0	0	0	0	0	0	0	0	32.5412759698474
TGAATCGAGTATACCC	0	0	0	0	0	0	0	0	0	0	0	0	0	0	0	0	0	0	8.59312377210216
TGACAACTCGCAGATT	0	0	0	0	0	0	0	0	0	0	0	0	0	0	0	0	0	0	6.50673715427761
TGACAACTCTATATCC	0	0	0	0	0	0	0	0	0	0	0	0	0	0	0	0	0	0	10.8088841684368
TGACTCCAGAAATTCG	0	0	0	0	0	0	0	0	0	0	0	0	0	0	0	0	0	0	3.88530805687204
TGACTCCAGAGAGTTT	0	0	0	0	0	0	0	0	0	0	0	0	0	0	0	0	0	0	6.26186201590151
TGACTCCAGATCGAGC	0	0	0	0	0	0	0	0	0	0	0	0	0	0	0	0	0	0	2.94574562703824
TGAGTCAGTTAGGCTT	0	0	0	0	0	0	0	0	0	0	0	0	0	0	0	0	0	0	6.99368783473604
TGATCAGAGCTTCAAC	0	0	0	0	0	0	0	0	0	0	0	0	0	0	0	0	0	0	11.6714447378348
TGATCAGTCGGAGTTT	0	0	0	0	0	0	0	0	0	0	0	0	0	0	0	0	0	0	8.53751435498277
TGATGCACAACATAAG	0	0	0	0	0	0	0	0	0	0	0	0	0	0	0	0	0	0	7.50913887318636
TGATGCACAACCTCCT	0	0	0	0	0	0	0	0	0	0	0	0	0	0	0	0	0	0	14.3108539255552
TGATGCACAGAACTTC	0	0	0	0	0	0	0	0	1	0	2	0	0	0	0	0	1	0	150.427277667089
TGATGCACATGTGAGG	0	0	0	0	0	0	0	0	0	0	0	0	0	0	0	0	0	0	19.9687691365585
TGATGCATCACTACCC	0	0	0	0	0	0	0	0	0	0	0	0	0	0	0	0	0	0	7.14514241123683
TGATTTCCATGCCCTT	0	0	0	0	0	0	0	0	0	0	0	0	0	0	0	0	0	0	25.9066913351835
TGCACCTAGCCTTTGA	0	0	0	0	0	0	0	0	0	0	0	0	0	0	0	0	0	0	8.54868154158215
TGCACCTCATAGCAGG	0	0	2	0	0	0	0	0	0	0	0	0	0	0	0	0	0	0	48.4693815437059
TGCACCTGTTGAAGCG	0	0	0	0	0	0	0	0	0	0	0	0	0	0	0	0	0	0	3.7247119078105
TGCATGATCCCGTAGG	0	0	0	0	0	0	0	0	0	0	0	0	0	0	0	0	0	0	45.7524806720643
TGCATTTAGTTAGAGT	0	0	0	0	0	0	0	0	0	0	0	0	0	0	0	0	0	0	39.8457317073171
TGCATTTGTCCTATTT	0	0	0	0	0	0	0	0	0	0	0	0	0	0	0	0	0	0	8.15057073233295
TGCCTGTGTCAACTGT	3	0	0	0	0	0	0	0	0	0	0	0	0	0	0	0	0	0	60.5858988289267
TGCGTAATCGCGCTGA	0	0	0	0	0	0	0	0	0	0	0	0	0	0	0	0	0	0	53.0064535768645
TGCGTAATCGCTAGTA	0	0	0	0	0	0	0	0	0	0	0	0	0	0	0	0	0	0	7.36965853033506
TGCGTAATCTTAACGG	0	0	0	0	0	0	0	0	0	0	0	0	0	0	0	0	0	0	9.10989986056534
TGCTATTTCCATTGTT	0	0	0	0	0	0	0	0	0	0	0	0	0	0	0	0	0	0	14.3443027053676
TGCTCACGTACGACCC	0	0	0	0	2	0	0	0	0	0	0	0	0	0	0	0	0	0	110.61996242652
TGCTCACGTGCAGACA	0	0	0	0	0	0	0	0	0	0	0	0	0	0	0	0	0	0	7.86712320160834
TGCTCACTCTTGCGCT	0	0	0	0	0	0	0	0	0	0	0	0	0	0	0	0	0	0	5.53139205481257
TGCTCGTAGTCAGCCC	0	0	0	0	0	0	0	0	0	0	0	0	0	0	0	0	0	0	2.80721948163809
TGCTTCGCAGGCAAGT	0	0	0	0	0	0	0	0	0	0	0	0	0	0	0	0	0	0	10.1561787794378
TGCTTCGGTAGCTGTT	0	0	0	0	0	0	0	0	0	0	0	0	0	0	0	0	0	0	9.85203045685279
TGCTTCGGTTTCGACA	0	0	0	0	0	0	0	0	0	0	0	0	0	2	0	0	0	0	8.08482446907312
TGCTTCGTCAGTGTGT	0	0	0	0	0	0	0	0	0	0	0	0	0	0	0	0	0	0	11.3132073125233
TGGAAGGGTGATAACA	0	0	0	0	0	0	0	0	0	0	0	0	0	0	0	0	0	0	7.04506153360682
TGGACATAGTGAACCG	0	0	0	0	0	0	0	0	0	0	0	0	0	11	0	0	0	0	32.0173399853979
TGGACATGTGAATCGG	0	0	0	0	0	0	0	0	0	4	0	0	0	0	0	0	0	0	16.7178423236515
TGGACATTCCATAACG	0	0	0	0	0	0	0	0	0	0	0	0	0	0	0	0	0	0	8.95713829447461
TGGACATTCCCAATAG	0	0	0	0	0	0	0	0	0	0	0	0	0	0	0	0	0	0	4.05876809155167
TGGCAATAGGTTGTGG	0	0	1	0	0	0	0	0	0	0	0	0	0	0	0	0	0	0	45.8507489841713
TGGCAATCACTCGCAG	0	0	0	0	0	0	0	0	0	0	0	0	0	0	0	0	2	0	35.0005466804349
TGGCAATGTATGTTCG	0	0	0	0	0	0	0	0	0	0	0	0	0	0	0	0	0	0	73.7110080546742
TGGCAATGTTCCCAAA	0	0	0	0	0	0	0	0	0	0	0	0	0	0	0	0	0	0	21.6844078421732
TGGCCTTGTCAAATCC	0	0	0	0	0	0	0	0	0	0	0	0	0	2	0	0	0	0	13.5282218396458
TGGCGCACAAGGAGTC	0	0	0	0	0	0	0	0	0	0	0	0	0	0	0	0	0	0	5.50637605725439
TGGCGCAGTTACCACA	0	0	0	0	4	0	0	0	0	0	0	0	0	0	0	0	0	0	25.3255657492355
TGGCGCATCGTAGCGC	15	0	0	0	0	0	0	0	0	0	0	0	0	0	0	0	0	0	81.0320505038242
TGGGTGCCAACGTCCG	0	0	0	0	0	0	0	0	0	0	0	0	0	0	0	0	0	0	8.00971613640693
TGGGTGCTCAGCACGC	0	0	0	0	0	0	0	0	0	0	0	0	0	0	0	0	0	0	9.48461441053565
TGGGTTAAGCTCCGGT	0	0	0	0	0	0	0	0	0	0	0	0	0	0	0	0	0	0	14.5372002712199
TGGTCAAAGAAACGCC	0	0	0	0	0	0	0	0	0	0	0	0	0	8	0	0	0	0	18.3046634674542
TGGTCAAGTCAGCTTA	0	0	0	0	0	0	0	0	0	0	0	0	0	0	0	0	0	0	8.70355806431154
TGGTCAATCAATTCCT	0	0	0	0	0	0	0	0	0	0	0	0	0	0	0	0	0	0	2.97928292943965
TGGTCAATCCAATCCC	0	0	0	0	0	0	0	0	0	0	0	0	0	0	0	0	0	0	6.14272721366855
TGGTCCTAGGCTCAGA	0	0	0	0	0	0	0	0	0	0	0	0	0	0	0	0	0	0	3.67951913209207
TGGTCCTCAAGCGGTA	0	0	0	0	0	0	0	0	0	0	0	0	0	0	0	0	0	0	97.5496833901607
TGTAAGCAGGCACCTC	0	0	0	0	0	0	0	0	0	0	0	0	0	0	1	0	0	0	13.9939477132339
TGTAAGCGTCTAACCA	0	0	0	0	0	0	0	0	0	0	0	0	0	0	0	0	0	0	9.17330751936048
TGTACAGCAAGAGCGT	0	0	0	0	0	0	0	0	0	0	0	0	0	0	0	0	0	0	74.4316000485968
TGTACAGGTTTGCCCT	0	0	0	0	0	0	0	0	0	0	0	0	0	0	0	0	0	0	7.49849310676499
TGTACGATCAGTCTTT	0	0	0	0	0	0	0	0	0	0	0	0	0	0	0	0	0	0	3.77071438518312
TGTACGATCCACCTAC	0	0	0	0	0	0	0	0	0	0	0	0	0	0	0	0	0	0	3.46881614223226
TGTAGCAAGGTTGACG	0	0	0	0	0	0	0	0	0	0	0	0	0	0	0	0	0	0	15.6434933201385
TGTAGCACACCACCAG	0	0	0	0	0	0	0	0	0	0	0	0	0	0	0	0	0	0	43.2304363725012
TGTAGCACAGCACATT	0	0	0	0	0	0	0	0	0	0	0	0	0	0	0	0	0	0	22.563769441903
TGTGACATCCTATCAT	0	0	0	0	0	0	0	0	0	0	0	0	0	0	0	0	0	0	17.7178165559213
TGTGGCGCAACGTAGG	0	0	0	0	0	0	0	0	0	3	0	0	0	0	0	0	0	0	26.2954295490651
TGTGTCCCACATCATG	0	0	0	0	0	0	0	0	0	0	0	0	0	6	0	0	0	0	20.7789930343395
TGTGTCCGTATTCTGG	0	0	0	0	0	0	0	0	0	0	0	0	0	5	0	0	0	0	4.29882646036845
TGTTAGGCATTTGGCA	0	0	0	0	0	0	0	0	0	0	0	0	0	16	0	0	0	0	106.838880116604
TTACCCGAGTCTCGAT	0	0	0	0	0	0	0	0	0	0	0	0	0	0	0	0	0	0	6.39221364221364
TTACCGCAGCCAGAAC	0	0	0	0	0	0	0	0	0	0	0	0	0	0	0	0	0	0	3.55074750206596
TTACCGCAGCTGGAGT	0	0	0	0	0	0	0	0	0	0	0	0	0	0	0	0	0	0	7.76775250456808
TTACCGCCAACAAACA	0	0	0	0	0	0	0	0	0	0	0	0	0	0	0	0	0	0	21.1454322501533
TTACCGCCAACTCGTA	0	0	0	0	0	0	0	0	0	0	0	0	0	0	0	0	0	0	10.9722433943089
TTACCGCGTAGATTAG	0	0	0	0	0	0	0	0	0	0	0	0	0	0	0	0	0	0	4.01218930881852
TTACCGCTCAGGAAGC	0	0	0	0	0	0	0	0	0	0	0	0	0	0	0	0	0	0	15.9568044008252
TTACCGCTCGACTTAG	0	0	0	0	0	0	0	0	0	0	0	0	0	0	0	0	0	0	15.8919555913912
TTACGGATCTTGTCAT	0	0	0	0	0	0	0	0	0	0	0	0	0	0	0	0	0	0	2.46203242896131
TTACTCAGTTTGCCCT	0	0	0	0	0	0	0	0	0	0	0	0	0	0	0	0	0	0	49.5971003898635
TTACTCATCAAGGCAG	0	0	0	0	0	0	0	0	0	0	0	0	0	0	0	0	0	0	3.78658450205412
TTACTTGCACTCAAGT	0	0	0	0	0	0	0	0	0	0	0	0	0	0	0	0	0	0	2.63146482492772
TTACTTGTCGGATAGG	0	0	0	0	0	0	0	0	0	11	0	0	0	0	0	0	0	0	48.1701065449011
TTAGCGATCGCGTGAC	0	0	0	0	0	0	0	0	0	0	0	0	0	0	0	0	0	0	7.01816327831241
TTAGGTGAGTCTAGAA	0	0	0	0	0	0	0	0	0	0	0	0	0	0	0	0	0	0	27.6060753637304
TTAGGTGCAGGTAGCA	0	0	0	0	0	0	0	0	0	0	0	0	0	0	0	0	0	0	8.3983007862034
TTAGGTGTCTATATCC	0	0	0	0	0	0	0	0	0	0	0	0	0	0	0	0	0	0	3.97566099239406
TTATGTCAGAGCCTGA	0	0	0	0	0	0	0	0	0	0	0	0	0	1	0	0	0	0	31.7806495180797
TTATGTCAGAGGAACA	0	0	0	0	0	0	0	0	0	0	0	0	0	4	0	0	0	0	11.1944028920469
TTATGTCAGTTGAATG	0	0	0	0	0	0	0	0	0	0	0	0	0	0	0	0	0	0	7.60634194181105
TTATGTCCATGGGACA	0	0	0	0	0	0	0	0	0	0	0	0	0	1	0	0	0	0	7.15881666017906
TTCAACTCAGCCGAAA	0	0	0	0	0	0	0	0	0	0	0	0	0	28	0	0	0	0	128.84577264761
TTCAACTTCGCGTTCT	0	0	0	0	0	0	0	0	0	0	0	0	1	0	0	0	0	0	37.4993617409276
TTCATCAAGCGGACTA	0	0	0	0	0	0	0	0	0	0	0	0	0	0	0	0	0	0	4.60438399577446
TTCATTGGTACGGAGT	0	0	0	0	0	0	0	0	0	0	0	0	0	0	0	0	0	0	8.01964274362723
TTCGATTAGAACTCCT	0	0	0	0	0	0	0	0	0	0	0	0	0	0	0	0	0	0	16.2815164713821
TTCGATTAGGTTCTCA	0	0	0	0	0	0	0	0	0	0	4	0	0	0	0	0	0	0	14.312015503876
TTCGATTAGTATGCTC	0	0	0	0	0	0	0	0	0	0	0	0	0	0	0	0	0	0	107.12343882624
TTCGATTAGTCCCGCA	0	0	0	0	0	0	0	0	0	0	0	0	0	0	0	0	0	0	8.71981981981982
TTCGATTCAACAACTC	0	0	0	0	0	0	0	0	0	0	0	0	0	0	0	0	0	0	3.42448767448767
TTCGATTTCGGTGATT	0	0	0	0	0	0	0	0	0	0	0	0	0	0	0	0	0	0	4.27586919104991
TTCGCGTAGGCAAGCT	0	0	0	0	0	0	0	0	0	0	0	0	0	0	0	0	0	0	4.42907274935889
TTCGCGTAGGCGCTTC	0	0	0	0	0	0	0	0	0	0	0	0	0	0	0	0	0	0	18.3046535803828
TTCGCGTCACAGTTAC	0	0	0	0	0	0	0	0	0	0	0	0	0	0	0	0	0	0	6.85174761094384
TTCGCGTCAGTTGGAG	0	0	0	0	0	0	0	0	0	0	0	0	0	0	0	0	0	0	4.15546646735068
TTCGCGTCATCGACGC	0	0	0	0	0	0	0	0	0	0	0	0	0	0	0	0	0	0	63.0179470078215
TTCGCGTGTGCGACCT	0	0	0	0	0	0	0	0	0	0	0	0	0	0	0	0	0	0	12.605505745675
TTCGGTCGTACTTCAG	0	0	0	0	0	0	0	0	0	0	0	0	0	0	0	0	0	0	16.9759169380107
TTCTAACAGCCCATTA	0	0	0	0	0	0	0	0	0	0	0	0	0	4	0	0	0	0	20.4532187248779
TTCTAACCACGCTCAG	0	0	0	0	0	0	0	0	0	0	0	0	0	0	0	0	0	0	3.01603766644596
TTCTGTACAATGGTCT	0	0	0	0	0	0	0	0	0	0	0	0	0	0	0	0	0	0	14.0396933349821
TTCTGTACATCATCGA	0	0	0	0	0	0	0	0	0	0	0	0	0	0	0	0	0	0	5.94104875320745
TTCTGTAGTTCTTAGG	0	0	0	0	0	0	0	0	0	0	0	0	0	0	0	0	0	0	4.1012780656304
TTGACGAAGTCACGCC	0	0	0	0	0	0	0	0	0	0	0	0	0	0	0	0	0	0	3.81265713669995
TTGACGACACTCAGCG	0	0	0	0	0	0	0	0	0	0	0	0	0	0	0	0	0	0	10.8492600953098
TTGAGCATCCAGTACA	0	0	0	0	0	0	0	0	0	0	0	0	0	0	0	0	0	0	24.1484230055659
TTGCCCAAGGGTATCG	0	0	0	0	0	0	0	0	0	0	0	0	0	3	0	0	0	0	12.0964435277205
TTGCGAAAGCCTGTAT	0	0	0	0	0	0	0	0	0	0	0	0	0	3	0	0	0	0	193.632958801498
TTGCGAAGTAAACGGC	0	0	0	0	0	0	0	0	0	0	0	0	0	0	0	0	0	0	8.18132185753741
TTGCGAAGTCCTTCAC	0	0	0	0	0	0	0	0	0	0	0	0	0	0	0	0	0	0	18.7541154791155
TTGCGAAGTTAACCAC	0	0	0	0	0	0	0	0	0	0	0	0	0	0	0	0	0	0	4.46323830309644
TTGCGGGGTCAATACC	0	0	0	0	0	0	0	0	0	0	0	0	0	0	0	0	0	0	11.0728679268825
TTGCGGGGTCCAACCG	0	0	0	0	0	0	0	0	0	0	0	0	0	0	0	0	0	0	3.33170804890856
TTGCTATAGGGTCTGA	0	0	0	0	0	0	0	0	0	0	0	0	0	0	0	0	0	0	11.1482689412945
TTGCTATGTGCGCTCA	7	0	0	0	0	0	0	0	0	0	0	0	0	0	0	0	0	0	72.9482009176527
TTGCTTATCAGGTCTA	0	0	0	0	0	0	0	0	0	0	0	0	0	0	0	0	0	0	5.59329195827281
TTGCTTATCCCGCAAG	0	0	0	0	0	0	0	0	0	0	0	0	0	0	0	0	0	0	4.45198243929208
TTGGTCCCAAGGTCGA	0	0	0	0	0	0	0	0	0	0	0	0	0	0	0	1	0	0	6.78365445961465
TTGGTCCCATCCGTAA	0	0	0	0	0	0	0	0	0	0	0	0	0	0	0	0	0	0	11.4602405203092
TTGGTCCGTACCGGCT	0	0	0	0	0	0	0	0	0	0	0	0	0	0	0	0	0	0	3.42408223201175
TTGGTCCGTGCTAGTT	0	0	0	0	0	0	0	0	0	0	0	0	0	0	0	0	0	0	3.30120481927711
TTGTCTACAATTCTCT	0	0	0	0	0	0	0	0	0	0	0	0	0	0	0	0	0	0	34.4493389386462
TTGTCTAGTATCAGCT	0	0	0	0	0	0	0	0	0	0	0	0	0	0	0	0	0	0	30.0812122720767
TTGTTCAAGGAAGACA	0	0	0	0	0	0	0	0	0	0	0	0	0	0	0	0	0	0	8.66182492961351
TTGTTCAAGGTCTTGT	0	0	0	0	0	0	0	0	0	0	0	0	0	0	0	0	0	0	5.19670232336308
TTGTTCACAGTAACTC	0	0	0	0	0	0	0	0	0	0	0	1	0	0	0	0	0	0	89.9239946705426
TTGTTCAGTGAATCGG	0	0	0	0	0	0	0	0	0	0	0	0	0	5	0	0	0	0	72.5286787612241
TTGTTCAGTTAGGAGC	0	0	0	0	0	0	0	0	0	0	0	0	0	0	0	0	0	0	12.1440342159884
TTGTTCATCGGATAAA	0	0	0	0	0	0	0	0	0	0	0	0	0	0	0	0	0	0	16.1198891625616
TTGTTCATCTTTCGAT	0	0	0	0	0	0	0	0	0	0	1	0	0	0	0	0	0	0	22.9766646304215
TTGTTGTTCGCATACA	0	0	0	0	0	0	0	0	0	0	0	0	0	0	0	0	0	0	3.07950516113781
TTGTTGTTCGTTCAGA	0	0	0	0	0	0	0	0	0	0	0	0	0	0	0	0	0	0	21.4066009057634
TTTACGTAGGAGTACC	0	0	0	0	0	0	0	0	0	0	0	0	0	0	0	0	0	0	121.092150583117
TTTACGTAGTCTCTAG	0	0	0	0	0	0	0	0	0	0	0	0	0	0	0	0	0	0	53.1945273935036
TTTACGTTCAACACGT	0	0	0	0	0	0	0	0	0	0	0	0	0	0	0	0	0	0	27.1909012558483
TTTGAGGAGAAGACTT	4	0	0	0	0	0	0	0	0	0	0	0	0	0	0	0	1	0	77.860963870103
TTTGAGGAGACGCCCT	0	0	0	0	0	0	0	0	0	0	0	0	0	0	0	0	0	0	22.5015018696745
TTTGAGGAGCATTCCA	0	0	0	0	0	0	0	0	0	0	0	0	0	0	0	0	0	0	8.82379421221865
TTTGAGGAGTGCAACG	0	0	0	0	0	0	0	0	0	0	0	0	0	0	0	0	0	0	11.8444184902877
TTTGAGGGTCTCTGGG	0	0	0	0	0	0	0	0	0	0	0	0	0	0	0	0	0	0	18.1941723649356
TTTGAGGGTCTGATTG	0	0	0	0	0	0	0	0	0	0	0	0	0	0	0	0	0	0	7.27026160553988
TTTGAGGTCGATAGTC	0	0	0	0	0	0	0	0	0	0	0	5	0	2	0	0	5	0	18.9284959930422
TTTGAGGTCGCAAGCC	0	0	0	0	0	0	0	0	0	0	0	0	0	0	0	0	0	0	16.938219895288
TTTGAGGTCTATCTAC	0	0	0	0	0	0	0	0	0	0	0	0	0	0	0	0	0	0	72.9807364057547
TTTGAGGTCTGGACAT	0	0	0	0	0	0	0	0	0	0	0	0	0	0	0	0	0	0	83.1729068217618
TTTGCGCAGGCACTAG	0	0	1	0	0	0	0	0	0	6	0	0	0	0	0	0	0	0	54.7590434941743
TTTGCGCAGGTAGGCT	0	0	0	0	0	0	0	0	0	1	0	0	0	0	0	0	0	0	13.0119871478003
TTTGCGCCAACAACTC	0	0	0	0	0	0	0	0	0	0	0	0	0	0	0	0	0	0	31.7273285819612
TTTGCGCCACAGCCAC	0	0	0	0	0	0	0	0	0	0	0	0	0	0	0	0	0	0	23.8061446607376
TTTGCGCGTAATGCCT	0	0	0	0	0	0	0	0	0	0	0	0	0	0	0	0	0	0	12.5528015902597
TTTGCGCGTTCTACGA	0	0	0	0	0	0	0	0	0	0	0	0	0	5	0	0	0	0	29.6011970874985
TTTGGCCAGGTGTTGG	0	0	0	0	0	0	0	0	0	0	8	0	0	0	0	0	0	0	19.496088697259
TTTGGCCTCGTCCCTA	0	0	0	0	0	0	0	0	0	0	0	0	0	4	0	1	0	0	124.364169538666
TTTGTGTAGGTCCTCG	0	0	0	0	0	0	0	0	0	0	0	0	0	0	0	0	0	0	10.7216520808412
TTTGTGTCATCGACGC	0	0	0	0	0	0	0	0	0	0	0	0	0	0	0	0	0	0	5.96157780334996
