cells	chrMT:795:A/G	chrMT:1277:A/G	chrMT:1435:A/G	chrMT:1538:G/A	chrMT:2532:T/C	chrMT:3142:A/G	chrMT:3591:G/A	chrMT:3614:T/C	chrMT:4471:T/C	chrMT:5329:T/C	chrMT:6503:A/T	chrMT:7323:G/A	chrMT:8064:T/C	chrMT:9450:G/A	chrMT:10609:T/C	chrMT:10753:T/C	chrMT:11018:G/A	chrMT:11518:G/A	chrMT:11852:G/A	chrMT:12006:G/A	chrMT:12122:A/G	chrMT:12128:T/C	chrMT:12145:T/C	chrMT:13477:G/A	chrMT:14007:A/G	chrMT:14110:T/C	chrMT:14410:G/A	chrMT:14866:C/T	chrMT:15042:G/A	chrMT:15717:T/C	chrMT:15777:G/A	chrMT:16124:T/C	chrMT:16242:C/T	chrMT:16519:T/C	depth
AAAGGGCTCAAGAGAT	0	0	0	0	0	0	0	0	0	0	0	0	0	0	0	0	0	0	0	0	0	0	0	0	0	0	0	0	0	0	0	0	0	0	59.5068074818679
AACAAAGAGTAGACCG	0	0	0.0192307692307692	0	0	0	0	0	0	0	0	0	0	0	0	0	0	0	0	0	0	0	0	0	0	0	0	0	0	0	0	0	0	0	45.7436599974513
AACCTTTCAATGGCAG	0	0	0	0	0	0	0	0	0	0	0	0	0	0	0	0	0	0	0	0	0	0	0	0	0	0	0	0	0	0	0	0	0	0	37.7093412249099
AACGTACAGCCAGAAC	0	0	0	0	0	0	0	0	0	0	0	0	0	0	0	0	0	0	0	0	0	0	0	0	0	0	0	0	0	0	0	0	0	0	7.44491030311362
AACTGGTTCACTAGCA	0	0	0	0	0	0	0	0	0	0	0	0	0	0	0	0	0	0	0	0	0	0	0	0	0	0	0	0	0	0	0	0	0	0	7.00503653259559
AACTGTGTCGTTTGAG	0	0	0	0	0	0	0	0	0	0	0	0	0	0	0	0	0	0	0	0	0	0	0	0	0	0	0	0	0	0	0	0	0	0	8.88087469628601
AAGGAGCGTCGCGCTA	0	0	0	0	0	0	0	0	0	0	0	0	0	0	0	0	0	0	0	0	0	0	0	0	0	0	0	0	0	0	0	0	0	0	36.6124718739955
AAGGTTCGTACAAATG	0	0	0	0	0	0	0	0	0	0	0	0	0	0	0	0	0	0	0	0	0	0	0	0	0	0	0	0	0	0	0	0	0	0	11.3068711573542
AATACGCCACGCTCAG	0	0	0	0	0	0	0	0	0	0	0	0	0	0	0	0	0	0	0	0	0	0	0	0	0	0	0	0	0	0	0	0	0	0	9.01095590249247
AATGCCAGTACGAGAC	0	0	0	0	0	0	0	0	0	0	0	0	0	0	0	0	0	0	0	0	0	0	0	0	0	0	0	0	0	0	0	0	0	0	78.389689543521
AATGCCATCTGGCGCA	0	0	0	0	0	0	0	0	0	0	0	0	0	0	0	0	0	0	0	0	0	0	0.0175438596491228	0	0	0	0	0	0	0	0	0	0	0	34.380500096918
ACAAACCAGAATCAAC	0	0	0	0	0	0	0	0	0	0	0	0	0	0	0	0	0	0	0	0	0	0	0	0	0	0	0	0	0	0	0	0	0	0	54.5980392156863
ACAGAAACAAAGCATA	0	0	0	0	0	0	0	0	0	0	0	0	0	0	0	0	0	0	0	0	0	0	0	0	0	0	0	0	0	0	0	0	0	0	32.6275862068966
ACTACCCAGCGAATAT	0	0	0	0	0	0	0	0	0	0	0	0	0	0	0	0	0	0	0	0	0	0	0	0	0	0.109243697478992	0	0	0	0	0	0	0	0	97.3279169056267
ACTACGAGTTAGCTCA	0	0	0	0	0	0	0	0	0	0	0	0	0	0	0	0	0	0	0	0	0	0	0	0	0	0	0	0	0	0	0	0	0	0	23.7756767258127
ACTAGGTGTTCTTAGG	0	0	0	0	0	0	0	0	0	0	0	0	0	0	0	0	0	0	0	0	0	0	0	0	0	0	0	0	0	0	0	0	0	0	82.2140955761187
ACTGCAACATAGTCCA	0	0	0	0	0	0	0	0	0.185185185185185	0	0	0	0	0	0	0	0	0	0.0105263157894737	0	0	0	0	0	0	0	0	0	0	0	0	0	0	0	55.0615601203046
ACTGCGGTCCGTGCAG	0	0	0	0	0	0	0.2	0	0	0	0	0	0	0	0	0	0	0	0	0	0	0	0	0	0	0	0	0	0	0	0	0	0	0	25.3927130774236
ACTTTCATCACTGATG	0	0	0	0	0	0	0	0	0	0	0	0	0	0	0	0	0	0	0	0	0	0	0	0	0	0	0	0	0	0	0	0	0	0	51.6761862358479
AGATAGATCTGAACGT	0	0	0	0	0	0	0	0	0	0	0	0	0	0	0	0	0	0	0	0	0	0	0	0	0	0	0	0	0	0	0	0	0	0	8.48821917808219
AGCTGGCCAGTTGGAG	0	0	0	0	0	0	0	0	0	0.385416666666667	0	0	0	0	0	0	0	0	0	0	0	0	0	0	0	0	0	0	0	0	0	0	0	0	63.5940480732545
AGGCGTCAGTACAGTA	0	0	0	0	0	0	0	0	0	0	0	0	0	0	0	0	0	0	0	0	0	0	0	0	0	0	0	0	0	0	0.146341463414634	0	0	0	33.3627903950023
ATGCATGGTTTGCATG	0	0	0	0	0	0	0	0	0	0	0	0	0	0	0	0	0	0	0	0	0	0	0	0	0	0	0	0.333333333333333	0	0	0	0	0	0	30.6601866251944
ATGTCTTCAAGGGTAC	0	0	0	0	0	0	0.05	0	0	0	0	0	0	0	0	0	0	0	0	0	0	0	0	0	0	0	0	0	0	0	0	0	0	0	27.1841099086255
ATTGTGGTCGACCCGA	0	0	0	0.744186046511628	0	0.00813008130081301	0	0	0	0	0	0	0	0	0	0	0	0	0	0	0	0	0	0	0	0	0	0	0	0	0	0	0	0	71.8528697430653
ATTTGTCCACTCGGAC	0	0	0	0	0	0	0	0	0	0	0	0	0	0	0	0	0	0	0	0	0	0	0	0	0	0	0	0	0	0	0	0	0	0	9.79716370082498
ATTTGTCCATGTAGAA	0	0	0	0	0	0	0	0	0	0	0	0	0	0	0	0	0	0	0	0	0	0	0	0	0	0	0	0	0	0	0	0	0	0	24.7854009819967
CAAAGCTCAATGAAAC	0	0	0	0	0	0	0	0	0	0	0	0	0	0	0	0	0	0	0	0	0	0	0	0	0	0	0	0	0	0	0	0	0	0	117.762546055139
CAACGGCAGCAGAATT	0	0	0	0	0	0	0	0	0	0	0	0	0	0	0	0	0	0	0	0.253968253968254	0	0	0	0	0	0	0	0	0	0	0	0	0	0	55.8498590827569
CAACGGCCAGAATGCG	0	0	0	0	0	0	0	0	0	0	0	0	0	0	0	0	0	0	0	0	0	0	0	0	0.333333333333333	0	0	0	0	0	0	0	0	0	39.7921373130561
CAACGGCTCGGTCTAA	0	0	0	0	0	0	0	0	0	0	0	0	0	0	0	0	0	0	0	0	0	0	0	0	0	0	0	0	0	0	0	0	0	0	20.4000395100751
CACAGATGTGCTGGCT	0	0	0	0	0	0	0	0	0	0	0	0	0	0	0	0	0	0	0.0192307692307692	0	0	0	0	0	0	0	0	0	0	0	0	0	0	0	70.9296071542638
CACATGATCAGTCACA	0	0	0	0	0	0	0	0	0	0	0	0	0	0	0	0	0	0	0	0	0	0	0	0	0	0	0	0	0	0	0	0	0	0	17.4161981958426
CACTGAAAGCTAGTTC	0	0	0	0	0	0	0	0	0	0	0	0	0	0	0	0	0	0	0	0	0	0	0	0	0	0	0	0	0	0	0	0	0	0	46.8305052063247
CAGCTAAAGTACGCGA	0	0	0	0	0	0	0	0	0	0	0	0	0	0	0	0	0	0	0	0	0	0	0	0	0	0	0	0	0	0	0	0	0	0	35.0494131379288
CAGTGCGTCGGTCGAC	0	0	0	0	0	0	0	0	0	0	0	0	0	0	0	0	0	0	0.653846153846154	0	0.166666666666667	0	0	0	0	0	0	0	0	0	0	0	0	0	24.9354692262793
CCCACATTCAAGTTGC	0	0	0	0	0	0	0	0	0	0	0	0	0	0	0	0	0	0	0	0	0	0	0	0	0	0	0	0	0	0	0	0	0	0	13.4019575856444
CCGCATTAGATTACGA	0	0	0	0	0	0	0	0	0	0	0	0	0	0	0	0	0	0	0	0	0	0	0	0	0	0	0	0	0	0	0	0	0	0	52.6075835475578
CCTTAATAGGGTGTTG	0	0	0	0	0	0	0	0	0	0	0	0	0	0	0	0	0	0	0	0	0	0	0	0	0	0	0	0	0	0	0	0	0	0	19.0549169020561
CCTTAATAGTCGATAA	0	0	0	0	0	0	0	0	0	0	0	0	0	0	0	0	0	0	0	0	0	0	0	0	0	0	0	0	0	0	0	0	0	0	43.8168545081967
CGCACAGAGCGCATTT	0	0	0	0	0	0	0	0	0	0	0	0	0	0	0	0	0	0	0	0	0	0	0	0	0	0	0	0	0	0	0	0	0	0	50.1161149602258
CGCTAGGAGGCAATTA	0	0	0	0	0	0	0	0	0	0	0	0	0	0	0	0	0	0	0	0	0	0	0	0.212765957446809	0	0	0	0	0	0	0	0	0	0	23.7230904965969
CGGACCATCCAGGTCG	0	0	0	0	0	0	0	0	0	0	0	0	0	0	0	0	0	0	0	0	0.024390243902439	0	0	0	0	0	0	0	0.0144927536231884	0.0105263157894737	0	0	0	0	61.754107867775
CGGTGCACAGTATACC	0	0	0	0	0	0	0	0	0	0	0.019047619047619	0	0.186046511627907	0	0	0	0	0	0	0	0	0	0	0	0	0	0	0	0	0	0	0	0	0	61.9760793092421
CTAGCGGGTGCTTGAT	0	0	0	0	0	0	0	0	0	0	0	0	0	0	0	0	0	0	0	0	0	0	0	0	0	0	0	0	0	0	0	0	0	0	38.8062143310082
CTCAGCTCAAGTTGCT	0	0	0	0	0	0	0	0	0	0	0	0	0	0	0	0	0	0	0	0	0	0	0	0	0	0	0	0	0	0	0	0	0	0	47.9017485428809
CTCCCAAAGGAAGGTA	0	0	0	0	0	0	0	0	0	0	0	0	0	0	0	0	0	0	0	0	0	0	0	0	0	0	0	0	0	0	0	0	0	0	23.4950264823666
CTCTACGAGTCCGATT	0	0	0	0	0	0	0	0	0	0	0	0	0	0	0	0	0	0	0	0	0	0	0	0	0	0	0	0	0	0	0	0	0	0	23.0121120858976
CTCTACGCAGTCCTGG	0	0	0	0	0	0	0	0	0	0	0	0	0	0	0	0	0	0	0	0	0	0	0	0	0	0	0	0	0	0	0	0	0	0	31.5204021289178
CTGCTCAAGCTGGAGT	0	0	0	0	0	0	0	0	0	0	0	0	0	0	0	0	0	0	0	0	0	0	0	0	0	0	0	0	0	0	0	0	0	0	57.4285714285714
CTGGGACGTTATAGAG	0	0	0	0	0	0	0	0	0	0	0	0	0	0	0	0	0	0	0	0	0.02	0	0	0	0	0	0	0	0	0	0	0	0	0	35.4408518877057
CTTGTCGAGATCACCT	0	0	0	0	0	0	0	0	0	0	0	0	0	0	0	0	0	0	0	0	0	0	0	0	0	0	0	0	0	0	0	0	0	0	6.22092614714356
CTTGTCGCAAGTTCGT	0	0	0	0	0	0	0	0	0	0	0	0	0	0	0	0	0	0	0	0	0	0	0	0	0	0	0	0	0	0	0	0	0	0	21.7740239253319
GAAACAAAGTACCACT	0	0	0	0	0	0	0	0	0	0	0	0	0	0	0	0	0	0	0	0	0	0	0	0	0	0	0	0	0	0	0	0	0	0	56.0889570552147
GAACCGCCACGTGAAG	0	0	0	0	0	0	0	0	0	0	0	0	0	0	0	0	0	0	0	0	0	0	0	0	0	0	0	0	0	0	0	0	0	0	10.6211835911231
GAACTTGAGCGATACG	0	0	0	0	0	0	0	0	0	0	0	0	0	0.230769230769231	0	0	0	0	0	0	0	0	0	0	0	0	0	0	0	0	0	0.48780487804878	0	0	47.5063412759416
GAAGAGCAGCCTTTGA	0	0	0	0	0	0	0	0	0	0	0	0	0	0	0	0	0	0	0	0	0	0	0	0	0	0	0	0	0	0	0	0	0	0	31.2169915171923
GACTAGTAGAACTAAC	0	0	0	0	0	0	0	0	0	0	0	0	0	0	0	0	0	0	0	0	0	0	0	0	0	0	0	0	0	0	0	0	0	0	27.236240913811
GAGCATTCATTGAACC	0	0	0	0	0	0	0	0	0	0	0	0	0	0	0	0	0	0	0	0	0	0	0	0	0	0	0	0	0	0	0	0	0	0	35.7099686279531
GAGTGAGCAATCAGGG	0	0.338709677419355	0	0	0	0	0	0	0	0	0	0	0	0	0	0	0	0	0	0	0	0	0	0	0	0	0	0	0	0	0	0	0	0	71.7706345648972
GATCATGAGCTGAATA	0	0	0	0	0	0	0	0	0	0	0	0	0	0	0	0	0	0	0	0	0	0	0	0	0	0	0	0	0	0	0	0	0	0	27.596439359856
GCAGCTGCAAGGAGTC	0	0	0	0	0	0	0	0	0	0	0	0	0	0	0	0	0	0	0	0	0	0	0	0	0	0	0	0	0	0	0	0	0	0	2.82782577714438
GCCTAGGGTGTGACCC	0	0	0	0	0	0	0	0	0	0	0	0	0	0	0.145161290322581	0	0	0	0	0	0	0	0	0	0	0	0	0	0	0	0	0	0	0	59.692366122294
GCGAGTCAGGAATGGA	0	0	0	0	0	0	0	0	0	0	0	0	0	0	0	0	0	0	0	0	0	0	0	0	0	0	0	0	0	0	0	0	0	0	48.3801674179008
GCGTTGGTCAGTCTTT	0	0	0	0	0	0	0	0	0	0	0	0	0	0	0	0	0	0.142857142857143	0	0	0	0	0	0	0	0	0	0	0	0	0	0	0	0	54.9214712994782
GCTCCTACACAGTTCA	0	0	0	0	0	0	0	0	0	0	0	0	0	0	0	0	0	0	0	0	0	0	0	0	0	0	0	0	0	0	0	0	0	0	18.5357096141269
GGCACGTGTAACCCAT	0	0	0	0	0	0	0	0	0	0	0	0	0	0	0	0	0	0	0	0	0	0	0	0	0	0	0	0	0	0	0	0	0	0	18.7526155476096
GGGACCTCACTCAAGT	0	0	0	0	0	0	0	0	0	0	0	0	0	0	0	0	0	0	0	0	0	0	0	0	0	0	0	0	0	0	0	0	0	0	33.7167362672663
GGTGAAGCAGTTCGGC	0	0	0	0	0	0	0	0	0	0	0	0	0	0	0	0	0	0	0	0	0	0	0	0	0	0	0	0	0	0	0	0	0	0	14.8897233201581
GTCGTAATCGGTTAGT	0	0	0	0	0	0	0	0	0	0	0	0	0	0	0	0	0	0	0	0	0	0	0	0	0	0	0	0	0	0	0	0	0	0	29.696046870976
GTGCTGGGTTAACCGT	0	0	0	0	0	0	0	0	0	0	0	0	0	0	0	0	0	0	0	0	0	0	0	0	0	0	0	0	0	0	0	0	0	0	15.5576375554526
GTGCTGGGTTAAGGGC	0	0	0	0	0	0	0	0	0	0	0	0	0	0	0	0	0	0	0	0	0	0	0	0	0	0	0	0	0	0	0	0	0	0	2.87541278895227
GTGGCGTGTTCAGAAA	0	0	0	0	0	0	0	0	0	0	0	0	0	0	0	0	0	0	0	0	0	0	0	0	0	0	0	0	0	0.708333333333333	0	0	0	0.2	32.784512
GTGTCCTTCAAAGTAG	0	0	0	0	0	0	0	0	0	0	0	0	0	0	0.125	0	0	0	0	0	0	0	0	0	0	0	0	0	0	0	0	0	0	0	14.6636087645195
GTTGGTAGTGAGTTGG	0	0	0	0	0	0	0	0	0	0	0.172043010752688	0.176470588235294	0	0	0	0	0	0	0	0	0	0	0	0	0	0	0	0	0	0	0	0	0	0	75.2741722686436
TAATTCCTCTATCTTG	0	0	0	0	0	0	0	0	0	0	0	0	0	0	0	0	0	0	0	0	0	0	0	0	0	0	0	0	0	0	0	0	0	0	56.8033975949609
TACCCTGCATTACTTC	0	0	0	0	0	0	0	0	0	0	0	0	0	0	0	0.217391304347826	0	0	0	0	0	0.6	0	0	0	0	0	0	0	0	0	0	0	0	27.2550638627274
TATGTGGTCAGGAAGC	0	0	0	0	0	0	0	0	0	0	0	0	0	0	0	0	0	0	0	0	0	0	0	0	0	0	0	0	0	0	0	0	0	0	20.1351493272071
TATGTTCTCGACTCGG	0	0	0	0	0	0.333333333333333	0	0	0	0	0	0	0	0	0	0	0	0	0	0	0	0	0	0	0	0	0	0	0	0	0	0	0	0	18.9626248029427
TCACAGAAGGTCGGTA	0.3	0	0	0	0	0	0	0	0	0	0	0	0	0	0	0	0	0	0	0	0	0	0	0	0	0	0	0	0	0	0	0	0.769230769230769	0	27.7651131482787
TCACTCGTCTTGCGCT	0	0	0	0	0	0	0	0	0	0	0	0	0	0	0	0	0	0	0	0	0	0	0	0	0	0	0	0	0	0	0	0	0	0	33.4234544627186
TCAGTTTCAGGTTATC	0	0	0	0	0	0	0	0	0	0	0	0	0.0263157894736842	0	0	0	0	0	0	0	0	0	0	0	0	0	0	0	0	0	0	0	0	0	25.3835491042239
TCCAGAACAACAAACA	0	0	0	0	0	0	0	0	0	0	0	0	0	0	0	0	0	0	0	0	0	0	0	0	0	0	0	0	0.295238095238095	0	0	0	0	0	80.4294307891332
TCTATTGAGGTAGGAA	0	0	0	0	0	0	0	0	0	0	0	0	0	0	0	0	0	0	0	0	0	0	0	0	0	0	0	0	0	0	0	0	0	0	49.1009062279067
TCTATTGGTGCATTGT	0	0	0	0	0	0	0	0	0	0	0	0	0	0	0	0	0	0	0	0	0	0	0	0	0	0	0	0	0	0	0	0	0	0	8.16282113093188
TGCATTTGTACGACCC	0	0	0	0	0	0	0	0	0	0	0	0	0	0	0	0	0	0	0	0	0	0	0.52	0	0	0	0	0	0	0	0	0	0	0	19.9908197148252
TGCATTTGTCGATAGG	0	0	0	0	0	0	0	0	0	0	0	0	0	0	0	0	0	0	0	0	0	0	0.181818181818182	0	0	0	0	0	0	0	0	0	0	0	6.52436728717841
TGGCCTTTCCAGTACA	0	0	0.127272727272727	0	0	0	0	0	0	0	0	0	0	0	0	0	0	0	0	0	0	0	0	0	0	0	0	0	0	0	0	0	0	0	65.3453428734249
TGGCCTTTCCTCCTGA	0	0	0	0	0.111111111111111	0	0	0	0	0	0	0	0	0	0	0	0	0	0	0	0	0	0	0	0	0	0	0	0	0	0	0	0	0	46.4094117647059
TGGGTGCCATCACAGT	0	0	0	0	0	0	0	0	0	0	0	0	0	0	0	0	0	0	0	0	0	0	0	0	0	0	0	0	0	0	0	0	0	0	25.7823172677944
TGTACGAGTCCAAGTT	0	0	0	0	0	0	0	0.358974358974359	0	0	0	0	0	0	0	0	0.890909090909091	0	0	0	0	0	0	0	0	0	0	0	0	0	0	0	0	0	34.8701787994891
TTAACGGTCCATCGAA	0	0	0	0	0	0	0	0	0	0	0	0	0	0	0	0	0	0	0	0	0	0	0	0	0	0	0	0	0	0	0	0	0	0	51.2444812010942
TTACGGACATTGTGAC	0	0	0	0	0	0	0	0	0	0	0	0	0	0	0	0	0	0	0	0	0	0	0	0	0	0	0.962264150943396	0	0	0	0	0	0	0	39.3470735303545
TTCATCAAGGAGAACA	0	0	0	0	0	0	0	0	0	0	0	0	0	0	0	0	0	0	0	0	0	0	0	0	0	0	0	0	0	0	0	0	0	0	7.31863839285714
