cells	chrMT:2593:G/A	chrMT:2627:G/A	chrMT:3196:G/A	chrMT:3244:G/A	chrMT:3252:A/G	chrMT:5329:T/C	chrMT:5521:G/A	chrMT:6043:T/C	chrMT:6951:G/A	chrMT:7926:G/A	chrMT:8214:T/C	chrMT:9307:G/A	chrMT:9340:T/G	chrMT:10158:T/C	chrMT:12770:A/G	chrMT:14767:T/C	chrMT:15096:T/C	chrMT:16131:T/C	chrMT:16357:T/C	depth
AAACGAACAAACCTAC	0	0	0	0	10	0	0	0	0	0	0	0	0	0	0	0	0	0	0	5.01954565570143
AAACGAACAACTTGGT	0	0	0	0	0	0	0	0	0	0	0	0	0	0	0	0	0	0	0	2.58513379583746
AAACGAACATTATGGC	0	0	0	0	11	0	0	0	0	0	0	0	0	0	0	0	0	0	0	14.5249854170717
AACCAACCACACACAT	0	0	0	0	0	0	0	0	0	0	0	0	0	0	0	0	0	0	0	6.66253433824047
AACGAGGTCACGTCAA	0	0	0	0	0	0	0	0	0	0	0	0	0	0	0	0	0	0	0	23.7307840369562
AACGGGAAGTTGCCGC	0	0	0	0	0	0	0	0	0	0	0	0	0	0	0	0	0	0	0	8.84656473258997
ACCGCAGAGGATGTAT	0	0	0	0	0	0	0	0	0	0	0	0	0	0	0	0	17	0	0	48.3252078969085
ACCTGCTGTTCTTTCA	0	0	0	0	0	0	0	0	0	0	0	0	0	0	0	0	0	0	0	28.1575687185443
ACTACCCCAGCGTAGA	0	0	0	0	0	0	0	15	0	0	0	0	0	0	0	0	0	9	0	49.7739108182458
ACTACGAAGTCAGGAC	0	0	0	0	0	0	0	0	0	0	0	0	0	0	0	0	0	0	0	2.86021022369958
ACTACGACAACGACAG	0	0	0	0	0	0	0	0	0	0	0	0	0	0	0	0	0	0	0	14.6528974158183
AGCCGCATCCGTTAGA	0	0	0	0	0	0	0	0	0	0	0	0	0	0	0	0	0	0	5	43.262915601023
AGCGTGCTCCCAATAG	0	0	0	0	0	0	0	0	0	0	0	0	0	0	0	0	0	0	0	18.3026729559748
AGCTGATTCACTACCC	0	0	0	0	0	0	0	0	74	0	0	0	0	0	0	0	0	0	0	74.9091197966317
AGTCAACGTAAACGGC	0	34	24	32	0	0	0	0	0	0	0	0	0	0	0	0	0	0	0	41.9842565222979
ATATTCCCAGAGTCGA	0	0	0	0	0	0	0	0	0	0	0	0	0	0	0	0	0	0	0	29.0853240111348
ATCCCTGAGACTCTTG	0	0	0	0	0	0	0	0	0	0	0	0	0	0	0	0	0	0	0	3.60070729500781
CACCTTGCATTGCCTC	0	0	0	0	0	0	0	0	0	0	0	4	0	0	0	0	0	0	0	38.5245489690722
CATTCCGGTACTATGC	0	0	0	0	0	0	0	0	0	0	0	0	0	0	0	0	0	0	0	2.01422764227642
CCCTCTCAGGTGATGC	0	0	0	0	0	0	0	0	0	0	0	0	0	0	0	0	0	0	0	12.2412176439514
CCGTAGGGTCGAGAAC	0	0	0	0	0	0	0	0	0	0	0	0	0	0	0	0	0	0	0	29.2648690491549
CCTGGGAAGAACCCGA	0	0	0	0	0	0	0	0	0	0	0	0	0	0	0	0	0	0	0	3.71778287211397
CTAGCGGAGGAACCGT	0	0	0	0	0	0	0	0	0	0	0	0	0	0	0	0	0	0	0	14.7767833640432
CTCACCAGTTTAGACC	0	0	0	0	0	0	0	0	0	0	0	0	0	0	0	0	0	0	0	52.7905853564299
CTGTTCGAGGCATGCA	0	0	0	0	0	0	0	0	0	0	0	0	0	0	0	0	0	0	0	3.59788034713156
CTTGTCGCACGCGACT	0	0	0	0	0	0	0	0	0	0	0	0	0	0	0	0	0	0	0	10.9027759330588
GAAAGTAGTCAACTAC	0	0	0	0	0	0	0	0	0	0	0	0	0	0	0	0	0	0	0	45.0744974632329
GAAATGAAGAGGCCTA	0	0	0	0	0	0	0	0	0	0	0	0	0	0	0	10	0	0	0	19.6687992762052
GACCTTCGTGGTACTT	0	0	0	0	0	0	0	0	0	0	30	0	0	0	0	0	0	0	0	15.4742483660131
GATGATCTCTATCTAC	0	0	0	0	0	0	0	0	0	0	0	0	4	0	0	0	0	0	0	30.7315565855543
GCGGTGTAGTGAGCTG	0	0	0	0	0	0	0	0	0	0	0	0	0	0	0	0	0	0	0	28.7590515043345
GCTCAGGTCCGGACTG	0	0	0	0	0	0	0	0	0	11	0	0	0	0	0	0	0	0	0	27.7783064360574
GCTGCGAAGTGGTGTG	0	0	0	0	0	0	0	0	0	0	0	0	0	0	0	0	0	0	0	12.4428404213812
GGAACTTGTCAGCTTA	0	0	0	0	0	0	0	0	0	0	0	0	0	0	0	0	0	0	0	16.3603429381809
GGAGGATAGTAGTCGG	0	0	0	0	0	0	0	0	0	0	0	0	0	0	0	0	0	0	0	7.05742795338776
GGATAGGCATGACTGT	0	0	0	0	0	0	0	0	0	0	0	0	0	0	6	0	0	0	0	14.9099464964868
GGATAGGTCGATGTGT	0	0	0	0	0	0	0	0	0	0	0	0	0	0	0	0	0	0	0	40.7298752295902
GGGTGTCGTATTCTCT	0	0	0	0	0	0	0	0	0	0	0	0	0	0	0	0	0	0	0	64.5189686213992
GGTTGCGAGTGATATG	0	0	0	0	0	0	0	0	0	0	0	0	0	0	0	0	0	0	0	35.8358503791499
GTACTTTGTAGAGAGA	0	0	0	0	0	0	0	0	0	0	0	0	0	0	0	0	0	0	0	21.0337991550211
GTGTCCTTCTGTTGCC	0	0	0	0	0	0	0	0	0	0	0	0	0	0	0	0	0	0	0	40.5782321729002
GTTGGTATCCACACCT	0	0	0	0	0	0	0	0	0	0	0	0	0	0	0	0	0	0	0	67.3536383331209
TAAACCGCAAGTAATG	0	0	0	0	0	0	0	0	0	0	0	0	0	5	0	0	0	0	0	21.6809907684306
TACCCTGTCCTGGGAC	0	0	0	0	0	0	0	0	0	0	0	0	0	0	0	0	0	0	0	3.86418743027148
TATCGAGAGGATCCTT	0	0	0	0	0	0	0	0	0	0	0	0	0	0	0	0	0	0	0	21.373214055863
TATGTGGGTCTAACCA	0	0	0	0	0	0	0	0	0	0	0	0	0	0	0	0	0	0	0	20.8399973823703
TCAAAGCAGCATACCT	0	0	0	0	0	6	0	0	0	0	0	0	0	0	0	0	0	0	0	42.7831023864511
TCACTCGAGACACAAT	0	0	0	0	0	0	0	0	0	0	0	0	0	0	0	0	0	0	0	3.51836924507828
TCAGGGCTCAAACCCA	0	0	0	0	0	0	0	0	0	0	0	0	0	0	0	0	0	0	0	67.1086156579114
TGACAACGTGTCGGTC	0	0	0	0	0	0	0	0	0	0	0	0	0	0	0	0	0	0	0	3.71143627262226
TGCACCTGTATCACAC	0	0	0	0	0	0	0	0	0	0	0	0	0	0	0	0	0	0	0	4.85210046006486
TGGGTTAGTCCCGTGA	0	0	0	0	0	0	0	0	0	0	0	0	0	0	0	0	0	0	0	12.5741617225518
TGTGACAGTTGAATAG	0	0	0	0	0	0	0	0	0	0	0	0	0	0	0	0	0	0	0	28.4782104924364
TTACGTTGTGGCCTCA	0	0	0	0	0	0	0	0	0	0	0	0	0	0	0	0	0	0	0	69.6261551207699
TTAGGTGAGGAATGGA	11	0	0	0	0	0	13	0	0	0	0	0	0	0	0	0	0	0	0	31.5852655918813
