cells	chrMT:207:G/A	chrMT:1328:G/C	chrMT:1504:T/C	chrMT:2623:A/G	chrMT:3079:G/A	chrMT:3243:A/G	chrMT:4959:G/A	chrMT:6438:T/C	chrMT:6472:T/C	chrMT:7230:T/C	chrMT:7348:T/C	chrMT:7649:A/G	chrMT:9411:G/A	chrMT:9619:T/C	chrMT:12126:G/A	chrMT:12128:T/C	chrMT:13263:A/G	chrMT:14056:T/C	chrMT:14642:C/T	chrMT:15170:G/A	chrMT:15784:T/C	depth
AAACTGCAGCCCATGC	0	0	0	0	0	0	0	0	0	0	0	0	0	0	0	0	0	0	0	0	0	49.8217128303088
AAATGCCAGATGTTCC	0	0	0	0	0	0	0	0	0	0	0	0	0	0	0	0	0	0	0	0	0	18.5558892661269
AACCTTTCATACCCGG	0	0	0	0	0	0	0	0	0	0	0	0	0	0	0	0	0	0	0	0	0	11.3303850502095
AACGGGATCCAGGCCA	0	0	0	0	0	19	0	0	0	0	0	0	0	0	0	0	0	0	0	0	0	21.2171099006729
AACGTACTCGTGTGCG	0	0	0	0	0	0	0	0	0	0	0	0	0	0	0	0	0	0	0	0	0	33.7946019241945
AAGGTTCTCAGTGGTT	0	0	0	0	0	0	0	0	0	0	0	0	0	0	0	10	0	0	0	0	0	26.9035794904869
ACAGACTAGGAGACTC	0	0	0	0	0	0	0	0	0	0	0	0	0	0	0	0	0	0	0	0	0	12.7013089521805
ACAGCGCTCTGGGCGT	0	0	0	0	0	0	0	0	0	0	0	0	0	0	0	0	0	0	0	0	6	19.9558345258228
ACCTGCTAGCAGAATT	0	0	0	0	0	0	0	0	0	0	0	0	0	0	0	0	0	0	0	0	0	60.715203562341
ACTAACGTCTGATCTT	0	0	0	0	0	0	0	0	0	0	0	0	0	0	0	0	0	0	0	0	0	20.0678685740414
AGCCAGCCATAAAGTG	0	0	0	0	0	0	0	0	0	0	0	0	0	0	0	0	0	0	0	0	0	26.9890548544939
AGGCGTCGTGAATGGC	0	0	0	0	0	0	0	0	0	0	0	0	0	0	0	0	0	0	0	0	0	19.190727284419
ATCCTCGAGGTTGTGG	0	0	0	0	0	0	0	0	0	0	0	0	0	0	0	0	0	0	0	0	0	21.4806246385194
ATTGTCTCAAGAGCGT	0	0	0	0	0	0	0	0	0	0	0	0	0	0	0	0	0	0	0	0	0	11.6926110965028
CAAGCTAGTGTGAGGT	0	0	0	0	0	0	0	0	0	0	0	0	0	0	0	0	0	0	0	0	0	53.8556026184059
CCACGTTCACAGTTAC	0	0	0	0	0	0	0	0	0	0	0	0	0	0	5	0	0	0	0	0	0	15.4009655532359
CCAGAATCATGTCCCT	0	0	0	0	0	0	0	0	0	0	0	0	0	0	0	0	0	0	0	0	0	8.76817681079592
CCTGCTATCGGGAATG	0	0	0	0	0	0	0	0	0	0	0	0	0	0	0	0	0	0	0	0	0	51.781656616947
CCTGGGATCGACTTAG	0	0	0	0	0	0	0	0	0	0	0	0	0	0	0	0	0	0	0	0	0	4.74062197031844
CGCTATCAGAATACTG	0	0	0	0	0	0	0	0	0	0	0	0	0	0	0	0	0	0	0	0	0	15.166655744151
CTCTCAGTCCTAGAGT	0	0	0	1	0	0	0	0	0	0	0	0	0	0	0	0	0	0	0	0	0	54.6815356021278
CTGGCAGTCGTTACAG	0	0	0	0	0	0	0	0	0	0	0	4	0	0	0	0	0	0	0	0	0	33.5610349686179
CTTGAAGGTATCGCGC	0	0	0	0	0	0	0	0	0	0	0	0	0	0	0	0	0	0	0	0	0	12.1577345507477
GATCGTACAGCGTGAA	0	0	0	0	0	0	0	0	0	0	0	0	0	0	0	0	0	0	0	0	0	20.4035999740074
GCAGCTGTCTGAGTCA	0	0	0	0	0	0	0	0	0	0	0	0	0	0	0	0	0	0	0	0	0	16.7048734709728
GCATTCCTCGAGCGCT	0	0	0	0	0	0	0	0	0	0	0	0	0	0	0	0	0	0	0	0	0	13.5427174975562
GCCCAGAAGGCTAAAT	0	0	0	0	0	0	0	0	0	0	0	0	0	0	0	0	0	0	0	0	0	31.513316095669
GCGCCAAGTTTGTCTT	0	0	11	0	0	0	0	8	0	0	0	0	0	0	0	0	0	0	0	0	0	48.9371683706484
GCGCCAATCCTAGAGT	0	0	0	0	0	0	0	0	0	0	0	0	0	0	0	0	0	0	0	0	0	2.83252568327195
GCTCACTAGTGATATG	0	0	0	0	0	0	0	0	0	0	0	0	0	0	0	0	0	0	0	0	0	18.4067149440421
GCTCCTACAAGGCGTA	0	0	0	9	0	0	0	2	0	0	0	0	0	0	0	0	0	0	0	0	0	30.7680748145759
GCTTTCGAGGCACTAG	0	0	0	0	0	0	0	0	0	11	0	0	0	0	0	0	0	0	0	0	0	43.4524796063706
GGAGGATGTGCTGGCT	0	0	0	0	0	0	0	0	0	0	0	0	0	0	0	0	0	0	0	0	0	13.8743555849306
GGCACGTAGGCCTAAG	0	0	0	0	0	0	0	0	0	0	0	0	0	0	0	0	0	0	0	0	0	22.1768248772504
GGCGTTGTCCCGTATC	0	0	0	0	0	0	0	0	0	0	0	0	0	0	0	0	0	0	0	0	0	3.26437855747175
GGGCCATCAGCAATGG	0	0	0	0	0	0	0	0	0	0	0	0	0	0	0	0	0	0	0	0	0	20.7987117552335
GGTGTCGGTGGAAGCT	0	0	0	0	0	0	0	0	0	0	0	0	0	0	0	0	0	0	0	0	0	14.6137880891004
GTCACCTGTCGCGCTA	5	0	0	0	0	0	0	0	0	0	0	0	0	0	0	0	0	5	0	0	0	32.730342806168
GTGGCGTCATGCTATG	0	0	0	0	0	0	15	0	0	0	0	0	0	0	0	0	0	0	5	0	0	20.4458300857366
GTGTCAAAGTAGCAAT	0	18	0	23	0	0	0	0	0	0	0	0	0	0	0	0	0	0	0	0	0	56.1094778551799
GTTACGAAGTAGTGTA	0	0	0	0	0	0	0	0	0	0	0	0	0	0	0	0	28	0	0	0	0	19.0979381443299
TAAACCGCAGCAGGTA	0	0	0	0	0	0	0	0	0	0	0	0	0	0	0	0	0	0	0	0	0	5.48852941176471
TAACTTCCAGGTCCTG	0	0	0	0	0	0	0	0	0	0	0	0	0	0	0	0	0	0	0	0	0	9.96631421987258
TACCCTGAGATGAGGA	0	0	0	0	0	0	0	0	0	0	0	0	0	0	0	0	0	0	0	0	0	30.9867098865478
TACGCAAGTATCACAC	0	0	0	0	0	0	0	0	0	0	0	0	0	0	0	0	0	0	0	0	0	4.10896255371394
TACGCCTCAGCAGGTA	0	0	0	0	0	0	0	0	4	0	0	0	0	0	0	0	0	0	0	0	0	18.364697396892
TAGCCCTTCGCGTTCT	0	0	0	0	0	0	0	0	0	0	0	0	0	0	0	0	0	0	0	0	0	21.3922342875946
TAGCCGGAGAGCAGCT	0	0	0	0	0	0	0	0	0	0	0	0	0	0	0	0	0	0	0	0	0	20.6260183628605
TGAGTCACATAGCCGC	0	0	0	0	0	0	0	0	0	0	0	0	0	0	0	0	0	0	0	0	0	8.25123845226938
TGAGTCATCCCGGGTA	0	0	0	0	0	0	0	0	0	0	0	0	0	9	0	0	0	0	0	16	0	62.3877692842252
TGCCTGTTCGCGCTGA	0	0	0	0	0	0	0	0	0	0	0	0	0	0	0	0	0	0	0	0	0	17.0119889937107
TGCTCACCATAGACGG	0	0	0	0	0	0	0	0	0	0	0	0	0	0	0	0	0	0	0	0	0	22.7822228023233
TGGTCAAAGCCTCGCA	0	0	0	0	0	0	0	0	0	0	0	0	0	0	0	0	0	0	0	0	0	27.5783845713195
TTAACGGCACATGATC	0	0	0	0	0	0	0	0	2	0	0	0	0	0	0	0	0	0	0	0	0	11.0566533184534
TTACCGCCATCCTGGG	0	0	0	0	51	0	0	0	0	0	0	0	0	0	0	0	0	0	0	0	0	46.5232520743552
TTAGCGATCGATGCAT	0	0	0	0	0	0	0	0	0	0	0	0	0	0	0	0	0	0	0	0	0	14.0942394478365
TTAGCTTAGCTATCCA	0	0	0	0	0	0	0	0	0	0	0	0	0	0	0	0	0	0	0	0	0	10.7021233974359
TTGCGGGGTGTTAGAA	0	0	0	0	0	0	0	0	0	0	0	0	0	0	0	0	0	0	0	0	0	33.5485021398003
TTGTTGTAGTGCCCTG	0	0	0	0	0	0	0	0	0	0	14	0	0	0	0	0	0	0	0	0	0	50.2350248242956
TTTACGTCAAACCGAG	0	0	0	0	0	0	0	0	0	0	0	0	4	0	0	0	0	0	0	0	0	46.6169834106655
