cells	chrMT:150:C/T	chrMT:642:T/C	chrMT:676:G/C	chrMT:687:G/A	chrMT:709:G/A	chrMT:750:A/G	chrMT:1047:A/G	chrMT:1581:G/A	chrMT:1719:G/A	chrMT:1780:T/C	chrMT:2124:A/G	chrMT:2342:T/C	chrMT:2364:C/T	chrMT:2392:T/C	chrMT:2623:A/G	chrMT:2706:A/G	chrMT:2978:T/C	chrMT:3022:G/A	chrMT:3079:G/A	chrMT:3344:T/C	chrMT:3523:A/G	chrMT:3567:C/T	chrMT:3697:G/A	chrMT:4449:G/A	chrMT:4921:T/C	chrMT:4969:G/A	chrMT:5112:G/A	chrMT:6322:G/A	chrMT:6367:T/C	chrMT:8533:G/A	chrMT:9214:A/G	chrMT:9233:T/G	chrMT:9411:G/A	chrMT:9531:A/G	chrMT:10106:A/G	chrMT:10233:G/A	chrMT:10277:A/G	chrMT:10626:T/G	chrMT:10724:T/C	chrMT:11343:T/C	chrMT:11421:T/C	chrMT:11485:T/C	chrMT:11840:C/T	chrMT:12308:A/G	chrMT:12610:G/A	chrMT:12640:G/A	chrMT:12733:A/G	chrMT:13063:G/A	chrMT:13487:C/T	chrMT:13635:T/C	chrMT:13958:G/A	chrMT:14249:G/A	chrMT:14438:G/A	chrMT:14598:T/C	chrMT:14766:C/T	chrMT:15043:G/A	chrMT:15059:G/A	chrMT:15167:T/C	chrMT:15243:G/A	chrMT:15695:T/C	chrMT:16086:T/C	chrMT:16124:T/C	chrMT:16131:T/C	chrMT:16159:C/T	chrMT:16311:T/C	depth
SRR5354913	0	2	0	0	0	3	0	0	0	0	0	0	0	0	0	9	0	0	0	0	0	0	0	0	0	0	0	0	0	0	0	0	0	0	0	0	0	0	0	0	0	3	7	11	0	0	2	0	0	0	0	0	0	0	9	0	0	0	0	0	0	0	0	0	4	6.01
SRR5354914	0	0	0	0	0	73	0	0	0	0	0	0	0	0	0	78	0	0	0	0	0	0	0	0	0	0	0	0	0	0	0	0	0	0	0	0	0	0	0	0	0	56	102	55	0	0	0	0	0	0	0	0	0	2	71	0	0	0	0	0	0	0	0	0	76	64.8
SRR5354915	0	0	0	0	0	67	0	0	0	0	0	0	0	0	0	64	0	0	0	0	0	0	0	0	0	0	0	0	0	0	0	0	0	0	0	0	0	0	0	0	1	77	95	68	0	0	0	0	0	0	0	0	0	0	54	0	0	0	0	0	0	0	0	0	85	60.46
SRR5354916	0	0	0	0	0	26	0	0	0	0	0	0	0	0	0	28	0	0	0	0	0	0	0	0	0	0	0	0	0	0	0	0	0	0	0	0	0	0	0	0	0	38	33	35	0	0	0	0	0	0	0	0	0	0	28	0	0	0	0	0	0	0	0	0	36	31.86
SRR5354917	0	7	0	0	0	34	0	0	1	0	0	0	0	0	0	19	0	0	0	0	0	0	0	0	0	0	0	0	0	0	0	0	0	0	0	1	0	0	0	0	0	29	37	29	0	0	0	0	0	0	0	0	0	0	21	0	0	0	0	0	0	0	0	0	29	28.5
SRR5354918	0	0	0	0	0	55	0	0	0	0	0	0	0	0	0	41	0	0	0	0	0	0	0	0	0	0	0	0	0	0	0	0	0	0	23	1	0	0	0	0	0	45	60	55	0	0	0	0	0	0	0	0	0	0	40	0	0	0	0	0	0	0	0	0	52	42.18
SRR5354919	0	60	0	0	0	148	0	0	0	0	0	0	0	0	3	120	0	0	0	0	0	0	0	0	0	0	0	0	0	0	0	0	0	0	0	0	0	0	0	0	0	134	165	115	0	0	0	0	0	0	0	0	0	0	103	0	0	0	0	0	0	0	0	0	135	118.51
SRR5354920	0	0	0	0	0	10	0	0	0	0	0	0	0	0	0	10	0	0	0	0	0	0	0	0	0	0	0	0	0	0	0	0	0	0	0	0	0	0	0	0	0	16	10	14	0	0	0	0	0	0	0	0	0	0	15	0	0	0	0	0	0	0	0	0	7	12.31
SRR5354921	0	0	0	0	0	131	0	0	0	0	0	0	0	0	0	119	0	0	0	0	0	0	0	0	0	0	0	0	0	0	0	0	0	0	0	0	0	0	0	0	0	121	130	130	0	0	0	0	0	29	0	0	0	0	83	0	0	23	1	0	0	0	0	0	129	110.61
SRR5354922	0	0	0	0	0	2	0	0	0	0	0	0	0	0	0	5	0	0	0	0	0	0	0	0	0	0	0	0	0	0	0	0	0	0	0	0	0	0	0	0	0	3	1	3	0	0	0	0	0	0	0	0	0	0	2	0	0	0	0	0	0	0	0	0	1	3.36
SRR5354923	0	0	0	0	0	2	0	0	0	0	0	0	0	0	0	6	0	0	0	0	0	0	0	0	0	0	0	0	0	0	0	0	0	0	0	0	0	0	0	0	0	6	9	3	0	0	0	0	0	0	0	0	0	0	3	0	0	0	0	0	0	0	0	0	4	5.97
SRR5354924	0	0	0	0	0	114	0	0	0	0	0	0	0	0	0	80	0	0	0	0	0	0	0	0	0	0	0	0	0	1	0	0	0	0	0	0	0	1	0	0	0	105	87	81	0	0	13	0	0	0	0	0	0	0	52	0	0	0	0	0	0	0	0	0	83	74.45
SRR5354925	0	0	0	0	0	5	0	0	0	0	0	0	0	0	0	6	0	0	0	0	0	0	0	0	0	0	0	0	0	0	0	0	0	0	0	0	0	0	0	0	0	8	4	4	0	0	0	0	0	0	0	0	0	0	2	0	0	0	0	0	0	0	0	0	7	5.5
SRR5354926	0	0	0	0	0	67	0	0	0	0	0	0	0	0	0	61	0	0	0	0	0	0	0	0	0	0	0	0	0	0	0	0	0	0	0	0	0	0	0	0	0	71	81	73	0	37	0	0	0	0	0	0	0	0	34	0	0	0	0	0	0	0	0	0	61	58.32
SRR5354927	3	0	0	0	0	45	0	0	0	0	0	0	0	0	0	43	0	0	0	0	2	5	0	0	0	0	0	0	0	0	0	0	0	0	0	0	0	0	0	0	0	69	55	45	0	0	0	0	0	0	0	0	0	0	21	0	0	0	0	0	0	0	0	0	45	43.29
SRR5354928	0	0	0	0	0	86	7	0	0	0	0	0	0	1	0	86	0	0	0	0	0	0	0	0	0	0	0	0	0	0	0	0	0	0	0	0	0	0	0	0	0	86	80	83	0	0	0	0	5	0	0	0	0	0	54	0	0	0	0	0	0	0	0	0	93	69.91
SRR5354929	0	0	0	0	0	0	0	0	0	0	0	0	0	0	0	0	0	0	0	0	0	0	0	0	0	0	0	0	0	0	0	0	0	0	0	0	0	0	0	0	0	2	0	0	0	0	0	0	0	0	0	0	0	0	1	0	0	0	0	0	0	0	0	0	0	1.87
SRR5354930	0	0	0	0	0	0	0	0	0	0	0	0	0	0	0	0	0	0	0	0	0	0	0	0	0	0	0	0	0	0	0	0	0	0	0	0	0	0	0	0	0	1	1	0	0	0	0	0	0	0	0	0	0	0	2	0	0	0	0	0	0	0	0	0	0	2.65
SRR5354931	0	0	0	0	0	1	0	0	0	0	0	0	0	0	0	0	0	0	0	0	0	0	0	0	0	0	0	0	0	0	0	0	0	0	0	0	0	0	0	0	0	3	0	0	0	0	0	0	0	0	0	0	0	0	2	0	0	0	0	0	0	0	0	0	1	2.13
SRR5354932	0	0	0	0	0	73	0	0	0	0	0	0	0	0	0	67	0	0	0	0	0	66	0	0	0	0	0	0	0	0	0	0	0	0	0	0	0	0	0	0	0	73	78	55	0	0	0	0	0	0	0	0	0	0	47	1	0	0	0	0	0	0	0	0	56	56.88
SRR5354933	0	0	0	0	0	3	0	0	0	0	0	0	0	0	0	0	0	0	0	0	0	0	0	0	0	0	0	0	0	0	0	0	0	0	0	0	0	0	0	0	0	4	5	1	0	0	0	0	0	0	0	0	0	0	2	0	0	0	0	0	0	0	0	0	0	2.63
SRR5354934	0	0	0	0	0	10	0	0	0	0	0	0	0	0	0	9	0	0	0	0	0	0	0	0	0	0	0	0	0	6	0	0	0	0	0	0	0	0	0	0	0	13	5	8	0	0	0	0	0	0	0	0	0	0	6	0	0	0	0	0	0	0	0	0	9	7.9
SRR5354935	0	0	0	0	0	58	0	0	0	0	0	0	0	0	0	56	0	0	0	0	1	0	0	0	0	0	0	0	0	0	0	0	0	0	0	0	0	0	0	0	0	53	56	61	0	0	0	0	0	0	0	0	0	0	42	0	0	0	0	0	0	0	0	0	67	51.14
SRR5354936	0	0	0	0	0	100	0	0	0	0	0	0	0	0	0	103	0	0	0	0	0	0	0	0	0	0	0	0	0	0	0	0	0	0	0	0	0	0	0	0	0	92	106	100	0	0	0	0	66	0	0	0	0	6	95	0	0	0	0	0	0	0	0	0	98	92.93
SRR5354937	0	0	0	0	0	56	0	0	0	0	0	0	0	0	0	71	0	0	0	0	0	0	0	0	0	0	0	0	0	0	0	0	0	0	0	0	0	0	0	0	0	76	83	72	0	0	0	0	0	0	0	0	0	0	63	0	0	0	0	0	61	0	0	0	63	63.04
SRR5354938	0	26	0	0	0	75	0	0	0	0	0	0	0	0	0	76	0	0	0	0	0	0	0	0	0	0	0	0	0	0	49	0	0	0	0	0	0	0	0	0	0	100	98	82	0	0	0	0	1	0	24	0	0	0	53	0	0	0	0	0	0	0	0	0	62	70.77
SRR5354939	0	0	0	0	0	77	0	0	0	0	49	0	0	0	0	86	0	0	12	0	0	0	0	0	0	0	0	0	0	0	0	0	0	0	0	0	0	0	0	0	0	78	99	69	30	0	0	0	0	0	0	0	0	0	53	0	0	0	0	0	0	0	0	0	81	70.59
SRR5354940	0	0	0	0	0	61	0	0	0	0	0	0	0	0	0	80	0	0	0	0	0	0	0	0	0	0	0	0	0	0	0	0	0	0	0	0	0	0	0	0	0	90	99	78	0	0	0	0	0	0	0	0	0	0	69	0	0	0	0	0	0	0	0	0	65	63.96
SRR5354941	0	0	0	0	2	10	0	0	0	0	0	0	0	0	0	9	0	0	0	0	0	0	0	0	0	0	0	0	0	0	0	0	0	0	0	0	0	0	0	0	0	6	12	6	0	0	0	0	0	0	0	0	0	0	7	0	0	0	0	0	0	0	0	0	14	12.05
SRR5354942	0	0	0	0	0	45	0	0	0	0	0	0	0	0	0	39	0	0	0	0	0	0	0	0	0	0	0	0	0	0	0	0	0	0	0	0	0	0	0	0	0	34	60	41	0	0	0	0	0	0	0	1	0	0	32	0	0	0	0	0	0	0	0	0	38	39.84
SRR5354943	0	0	0	0	2	1	0	0	0	0	0	0	0	0	0	2	0	0	0	0	0	0	0	0	0	0	0	0	0	0	0	0	0	0	0	0	0	0	0	0	0	1	0	0	0	0	0	0	0	0	0	0	0	0	0	0	0	0	0	0	0	0	0	0	3	2.4
SRR5354944	0	0	0	0	0	63	0	0	0	0	0	0	27	0	0	74	0	0	0	0	0	0	0	0	0	0	0	0	0	0	0	0	0	0	0	0	0	0	0	0	0	77	93	70	0	0	0	0	0	0	0	0	0	0	29	0	0	0	0	1	0	0	0	0	70	60.58
SRR5354945	0	0	0	0	0	43	0	0	0	0	0	0	0	0	0	38	0	0	0	0	0	0	0	0	0	0	0	0	0	0	0	0	0	0	0	0	0	54	0	0	0	44	48	45	0	0	0	0	0	0	0	0	0	0	38	0	0	0	0	0	0	0	0	0	46	43.98
SRR5354946	0	0	0	0	1	1	0	0	0	0	0	0	0	0	0	1	0	0	0	0	0	0	0	0	0	0	0	0	0	0	0	0	0	0	0	0	0	0	0	0	0	1	2	0	0	0	0	0	0	0	0	0	0	0	3	0	0	0	0	0	0	0	0	0	1	1.96
SRR5354947	0	0	0	0	71	102	0	0	0	0	0	0	0	0	0	80	0	0	0	0	0	0	0	0	0	0	0	0	0	0	0	0	0	0	0	0	0	0	0	0	0	71	97	80	0	0	0	0	0	0	0	0	0	0	68	0	0	0	0	0	0	0	0	0	52	69.22
SRR5354948	0	0	0	0	0	20	0	0	0	0	0	0	0	0	0	24	0	0	0	0	0	24	0	0	0	0	0	0	0	0	0	0	0	0	0	0	0	0	0	0	0	26	31	19	0	0	0	0	0	0	0	0	0	0	8	0	0	0	0	0	0	0	0	0	21	16.09
SRR5354949	0	37	0	0	0	58	0	0	0	0	0	0	0	0	0	42	0	0	0	0	0	0	0	0	0	0	0	0	0	0	0	0	0	0	0	0	0	0	0	0	0	54	73	53	0	0	0	0	0	0	0	0	0	0	22	0	0	0	0	0	0	31	0	0	45	42.43
SRR5354950	0	0	0	0	0	0	0	0	0	0	0	0	0	0	0	0	0	0	0	0	0	0	0	0	0	0	0	0	0	0	0	0	0	0	0	0	0	0	0	0	0	0	0	1	0	0	0	0	0	0	0	0	0	0	0	0	0	0	0	0	0	0	0	0	1	1.76
SRR5354951	0	0	0	0	0	46	0	0	0	0	0	12	0	0	0	39	0	0	0	0	0	0	0	0	0	0	0	0	0	0	0	0	0	5	0	0	0	0	0	0	0	40	50	47	0	0	0	0	0	0	0	0	0	0	28	0	0	0	0	0	0	0	0	0	38	37.47
SRR5354952	0	0	0	0	2	70	0	0	0	0	0	0	0	0	0	66	0	0	0	0	0	0	0	0	0	0	0	0	0	0	0	0	0	0	0	0	0	0	0	0	0	66	82	70	0	0	0	0	0	0	0	0	0	0	44	0	0	0	0	0	0	0	0	0	59	60.03
SRR5354953	0	0	0	0	0	0	0	0	0	0	0	0	0	0	0	0	0	0	0	0	0	0	0	0	0	0	0	0	0	0	0	0	0	0	0	0	0	0	0	0	0	0	0	0	0	0	0	0	0	0	0	0	0	0	2	0	0	0	0	0	0	0	0	0	0	1.3
SRR5354954	0	38	0	0	0	81	0	0	0	0	0	0	0	0	11	86	0	0	0	0	0	0	0	0	0	0	0	0	0	0	0	0	0	0	0	0	0	0	0	0	0	90	107	91	0	0	0	0	0	0	0	0	0	0	44	0	0	0	0	0	0	0	0	0	80	71.44
SRR5354955	0	0	0	0	0	12	0	0	0	0	0	0	0	0	0	12	0	0	0	0	0	0	0	0	0	0	0	0	0	0	0	0	0	0	0	0	0	0	0	0	0	10	14	11	0	0	0	0	0	0	0	0	0	0	9	0	0	0	0	0	0	0	0	0	15	10.92
SRR5354956	0	0	0	0	0	6	0	0	0	0	0	0	0	0	0	7	0	0	0	0	0	0	0	0	0	0	0	0	0	0	0	0	0	0	0	0	0	0	0	0	0	13	18	6	0	0	0	0	0	0	0	0	0	0	7	0	0	0	0	0	0	0	0	0	10	10.11
SRR5354957	0	0	0	0	0	3	0	0	0	0	0	0	0	0	0	0	0	0	0	0	0	0	0	0	0	0	0	0	0	0	0	0	0	0	0	0	0	0	0	0	0	4	2	1	0	0	0	0	0	0	0	0	0	0	1	0	0	0	0	1	0	0	0	0	1	2.84
SRR5354958	0	0	9	0	0	22	0	0	14	0	0	0	0	0	0	23	0	0	0	0	0	0	0	0	0	0	0	0	0	0	0	0	0	0	0	0	0	0	0	0	0	36	32	42	0	0	0	0	0	0	0	0	0	0	17	0	0	0	0	0	0	0	0	0	36	25.92
SRR5354959	0	0	0	0	0	35	0	0	0	0	0	0	0	0	0	35	0	0	0	0	0	0	0	0	0	0	0	13	0	0	0	0	0	0	0	0	0	0	0	0	0	67	41	38	0	0	0	0	6	0	0	0	0	0	25	0	0	0	0	0	0	0	0	0	39	41.05
SRR5354960	0	0	0	0	0	38	0	0	0	0	0	0	0	0	0	25	0	0	0	0	0	0	0	0	0	0	0	0	0	0	0	0	0	0	0	0	0	0	0	0	0	46	63	43	0	0	0	0	0	0	0	0	0	0	25	0	0	0	0	0	0	0	1	0	42	35.09
SRR5354961	12	0	0	0	0	119	0	2	0	0	0	0	0	0	0	123	0	0	0	38	0	0	0	0	0	0	0	0	0	0	0	0	0	0	0	0	61	0	0	0	0	141	162	150	0	0	0	0	0	0	0	0	0	0	123	29	0	0	0	42	0	0	0	0	143	127.96
SRR5354962	0	0	0	0	0	51	0	0	0	0	0	0	0	0	0	53	0	0	0	0	0	0	0	0	0	0	0	0	0	0	0	0	0	0	0	0	0	0	0	0	0	49	66	50	0	0	0	0	0	0	0	0	0	0	34	0	0	0	0	0	0	0	0	0	31	50.19
SRR5354963	0	0	0	0	0	17	0	0	0	0	0	0	0	0	0	24	0	0	0	0	0	29	0	0	26	0	0	0	0	0	0	0	0	0	0	0	0	0	0	0	0	26	38	30	0	0	0	0	0	0	0	0	0	0	16	0	0	0	0	0	0	0	0	0	16	22.7
SRR5354964	0	0	0	0	0	38	0	0	0	0	0	0	0	0	0	41	0	0	0	0	0	0	0	0	0	0	0	1	0	0	0	0	0	0	0	0	0	0	0	0	0	28	37	29	0	0	0	0	0	0	0	0	0	0	20	0	0	0	0	0	0	0	0	0	37	28.08
SRR5354965	0	0	0	0	0	0	0	0	0	0	0	0	0	0	0	0	0	0	0	0	0	0	0	0	0	0	0	0	0	0	0	0	0	0	0	0	0	0	0	0	0	3	1	0	0	0	0	0	0	0	0	0	0	0	0	0	0	0	0	0	0	0	0	0	1	1.29
SRR5354966	0	0	0	0	0	0	0	0	0	0	0	0	0	0	0	0	0	0	0	0	0	0	0	0	0	0	0	0	0	0	0	0	0	0	2	0	0	0	0	0	0	1	0	3	0	0	0	0	0	0	0	0	0	0	5	0	0	0	0	0	0	0	0	0	1	2.07
SRR5354967	0	0	0	0	0	84	0	0	0	0	0	0	0	0	0	71	0	0	0	60	0	0	0	24	0	0	0	0	0	0	0	0	0	0	0	0	0	0	0	0	0	71	100	85	0	0	0	0	0	0	0	36	0	0	55	0	0	0	0	0	0	0	0	0	82	74.57
SRR5354968	0	0	0	0	0	83	0	0	0	0	0	0	0	0	0	80	0	0	0	0	0	0	0	0	0	0	0	0	0	0	0	0	0	0	0	17	0	0	0	0	0	112	105	131	0	0	0	0	0	0	0	0	0	0	91	0	0	0	0	0	0	0	0	0	66	84.32
SRR5354969	0	0	0	0	0	0	0	0	0	0	0	0	0	0	0	0	0	0	0	0	0	0	0	0	0	0	0	0	0	0	0	0	0	0	0	0	0	0	0	0	0	0	0	0	0	0	0	0	0	0	0	0	0	0	0	0	0	0	0	0	0	0	0	0	1	1.5
SRR5354970	0	0	0	0	0	21	0	0	0	0	0	0	0	0	0	35	0	0	0	0	0	0	0	0	0	0	0	0	0	0	0	0	0	0	0	0	0	0	0	0	0	34	39	45	0	0	0	0	0	0	0	0	0	0	25	0	0	0	0	0	0	0	0	0	32	29.07
SRR5354971	0	0	0	0	0	43	0	0	0	0	0	0	0	0	0	37	0	0	0	0	0	0	0	0	0	0	0	0	22	0	0	0	0	0	0	0	0	0	0	0	0	57	36	37	0	0	0	0	0	0	0	0	0	0	28	0	0	0	0	0	0	0	6	0	41	36.85
SRR5354972	0	0	0	0	0	4	0	0	0	0	0	0	4	0	0	7	0	0	0	0	0	0	0	0	0	0	0	0	0	0	0	0	0	0	0	0	0	0	0	0	0	15	5	2	0	0	0	0	0	0	0	0	0	0	3	0	0	0	0	0	0	0	0	0	5	6.35
SRR5354973	0	23	0	8	0	32	0	0	0	0	0	0	0	0	0	53	0	0	0	0	0	0	0	0	0	0	0	0	0	0	0	0	0	0	0	0	0	0	0	0	0	51	36	30	0	0	0	0	0	0	0	0	0	0	26	0	0	0	0	0	0	0	0	0	46	34.65
SRR5354974	0	0	0	0	0	43	0	0	0	0	0	0	0	0	0	42	0	0	0	0	0	0	0	0	0	0	0	0	0	0	0	0	0	0	0	0	0	0	0	0	0	73	55	57	0	0	0	0	0	0	0	0	0	0	33	0	0	0	0	0	0	0	0	0	47	47.16
SRR5354975	0	0	0	0	0	37	0	0	0	46	0	0	0	0	0	36	0	0	0	0	0	0	0	0	1	0	0	0	0	0	0	0	0	0	0	0	0	0	0	0	0	44	62	63	0	0	0	0	0	0	0	0	0	0	25	0	0	0	0	0	0	0	0	0	58	43.19
SRR5354976	0	26	0	0	0	64	0	0	0	0	0	0	0	0	0	44	0	0	0	0	0	0	0	0	0	0	0	0	0	0	0	0	0	0	0	0	0	0	0	0	0	42	56	38	0	0	11	0	0	0	0	0	0	0	42	0	0	0	0	0	0	0	0	0	46	42.73
SRR5354977	0	0	0	0	0	0	0	0	0	0	0	0	0	0	0	2	0	0	0	0	0	0	0	0	0	0	0	0	0	0	0	0	0	0	0	0	0	0	0	0	0	1	1	1	0	0	0	0	0	0	0	0	0	0	3	0	0	0	0	0	0	0	0	0	1	1.82
SRR5354978	0	0	0	0	0	47	0	0	0	0	0	0	0	0	0	47	0	0	0	0	0	0	0	0	0	0	0	0	0	0	0	0	0	0	0	0	0	0	0	0	0	70	73	59	0	0	0	0	0	0	0	0	0	0	39	0	0	0	0	0	0	0	0	0	55	49.66
SRR5354979	0	0	0	0	0	45	0	0	0	0	0	0	0	0	0	44	0	0	0	0	0	0	0	0	0	0	0	0	0	0	0	59	0	0	0	0	0	0	0	0	0	55	70	60	0	0	0	0	0	0	0	0	0	0	26	0	0	0	0	0	0	0	0	0	49	47.04
SRR5354980	0	0	0	0	0	18	0	0	0	0	0	0	0	0	0	6	0	0	0	0	0	0	0	0	0	0	0	0	0	0	0	0	0	0	0	0	0	0	0	0	0	15	15	16	0	0	0	0	0	0	0	0	0	0	6	0	0	0	0	0	0	0	0	0	15	13.33
SRR5354981	0	0	0	0	0	0	0	0	0	0	0	0	0	0	0	0	0	0	0	0	0	1	0	0	0	0	0	0	0	0	0	0	0	0	0	0	0	0	0	0	0	0	0	0	0	0	0	0	0	0	0	0	0	0	0	0	0	0	0	0	0	0	0	0	0	1.45
SRR5354982	0	3	0	0	0	1	0	0	0	0	0	0	0	0	0	1	0	0	0	0	0	0	0	0	0	0	0	0	0	0	0	0	0	0	0	0	0	0	0	0	0	8	2	0	0	0	1	0	0	0	0	0	0	0	1	0	0	0	0	0	0	0	0	0	2	2.98
SRR5354983	0	0	0	0	0	37	0	0	0	0	0	0	0	0	0	24	0	0	0	0	0	37	0	0	28	0	0	0	0	0	0	0	4	0	0	0	0	0	0	0	0	45	63	59	0	0	0	0	0	0	0	0	0	0	21	0	0	0	0	0	0	0	0	0	35	39.16
SRR5354984	0	0	0	0	0	57	0	0	0	0	0	0	0	0	0	77	0	0	0	0	0	0	0	0	0	0	0	0	0	0	0	0	0	0	0	0	0	0	0	0	0	97	104	71	0	0	0	0	0	0	0	0	57	0	68	0	0	0	0	0	0	0	0	0	79	76.83
SRR5354985	0	0	0	0	0	57	0	0	0	0	0	0	0	0	0	68	0	0	0	0	85	0	0	0	0	0	0	0	0	0	0	0	0	0	0	0	0	0	0	0	0	70	69	77	0	0	0	0	0	0	0	0	0	0	42	0	0	0	0	0	0	0	0	0	68	59.65
SRR5354986	0	0	0	0	0	1	0	0	0	0	0	0	0	0	0	0	0	0	0	0	0	0	0	0	0	0	0	0	0	0	0	0	0	0	0	0	0	0	0	0	0	0	2	1	0	0	0	0	0	0	0	0	0	0	2	0	0	0	0	0	0	0	0	0	0	1.6
SRR5354987	0	0	0	0	0	1	0	0	0	0	0	0	0	0	0	0	0	0	0	0	0	0	0	0	0	0	0	0	0	0	0	0	0	0	0	0	0	0	0	0	0	1	0	1	0	0	0	0	0	0	0	0	0	0	0	0	0	0	0	0	0	0	0	0	0	1.91
SRR5354988	0	0	0	0	0	91	0	0	0	0	0	0	0	0	0	99	0	64	0	0	0	0	0	0	0	0	0	0	0	0	0	0	0	0	0	0	0	0	0	0	0	87	90	54	0	0	0	0	0	0	0	0	0	0	45	0	0	0	0	0	0	0	0	6	69	66.39
SRR5354989	0	0	0	0	0	68	0	0	0	0	0	0	0	0	0	60	0	0	0	0	0	0	0	0	0	0	0	0	0	0	0	0	0	0	0	0	0	0	0	0	0	62	67	67	0	0	0	0	0	0	0	0	0	0	63	0	0	0	0	0	0	0	0	0	69	59.68
SRR5354990	0	0	0	0	0	53	0	0	0	0	0	0	0	0	0	58	0	0	0	0	0	0	0	0	0	0	0	0	0	0	0	0	0	0	0	0	0	0	0	0	0	57	72	66	0	0	0	0	0	0	0	0	0	0	47	0	0	0	0	0	0	0	0	0	43	56.4
SRR5354991	0	0	0	0	0	1	0	0	0	0	0	0	0	0	0	3	0	0	0	0	0	0	0	0	0	0	0	0	0	0	0	0	0	0	0	0	0	0	0	0	0	0	3	0	0	0	0	0	0	0	0	0	0	0	4	0	0	0	0	0	0	0	0	0	3	2.19
SRR5354992	0	0	0	0	0	57	1	0	0	0	0	0	0	0	0	69	0	0	0	0	0	81	0	0	0	0	0	0	0	0	0	0	0	0	0	0	0	1	0	0	0	76	82	69	2	0	0	0	0	0	0	0	0	0	51	0	22	0	0	0	0	0	0	0	68	65.42
SRR5354993	0	20	0	0	0	88	0	0	0	0	0	0	0	0	0	70	0	0	0	0	0	0	0	0	0	0	13	0	0	0	0	0	0	0	0	0	0	1	0	0	0	100	92	91	0	0	0	0	0	0	0	0	0	0	70	0	0	0	0	0	0	0	0	0	74	73.24
SRR5354994	0	0	0	0	0	65	0	0	0	0	0	0	0	0	0	74	0	1	0	0	0	0	0	0	0	0	0	0	0	0	0	0	0	0	0	0	0	0	0	16	0	93	101	71	0	0	0	0	15	0	0	0	0	0	74	0	0	0	0	0	0	0	0	0	64	68.67
SRR5354995	0	0	0	0	0	49	0	0	0	0	0	0	0	0	0	42	0	0	0	0	0	0	0	0	0	0	0	0	0	0	0	0	0	0	0	0	0	0	0	0	0	41	47	37	0	0	0	0	5	0	0	0	0	0	36	0	0	0	0	0	0	0	0	0	47	38.45
SRR5354996	0	0	0	0	0	0	0	0	0	0	0	0	0	0	0	0	0	0	0	0	0	0	0	0	0	0	0	0	0	0	0	0	0	0	0	0	0	0	0	0	0	2	1	1	0	0	0	0	0	0	0	0	0	0	0	0	0	0	0	0	0	0	0	0	2	2.02
SRR5354997	0	5	0	0	0	49	0	0	0	0	0	0	0	0	0	58	0	0	0	0	0	0	0	0	0	48	0	0	0	0	0	0	0	0	0	0	0	0	0	0	0	64	59	43	0	0	0	0	0	0	0	0	0	0	30	0	0	0	0	0	0	0	0	0	56	43.38
SRR5354998	0	0	0	0	0	33	0	0	0	0	0	0	0	0	0	35	0	0	0	0	0	24	0	0	0	0	0	0	0	0	0	0	0	0	0	0	0	0	0	0	0	60	44	41	0	0	0	0	0	0	0	0	0	0	46	0	0	0	0	0	0	0	0	0	48	35.16
SRR5354999	0	29	0	0	0	25	0	0	0	0	0	0	0	0	0	32	0	0	0	0	0	0	0	0	0	0	0	0	0	0	0	0	0	0	0	0	0	0	0	0	0	34	35	31	0	0	0	0	0	0	0	0	0	0	15	0	0	0	0	0	0	0	0	0	32	30.15
SRR5355000	0	0	0	0	0	0	0	0	0	0	0	0	0	0	0	0	0	0	0	0	0	0	0	0	0	0	0	0	0	0	0	0	0	0	0	0	0	0	0	0	0	1	1	4	0	0	0	0	0	0	0	0	0	0	1	0	0	0	0	0	0	0	0	0	2	1.93
SRR5355001	0	0	0	0	0	116	0	0	0	0	0	0	0	0	0	99	0	0	0	0	0	0	0	0	0	2	0	0	0	0	0	0	0	0	0	0	0	1	104	0	87	89	100	103	0	0	0	0	0	0	0	0	0	0	90	0	0	0	0	0	0	0	0	0	120	96.25
SRR5355002	0	0	0	0	0	51	0	0	0	0	0	0	0	23	0	57	0	0	0	0	0	0	0	0	0	0	0	0	0	13	0	0	0	0	0	0	0	0	0	0	2	59	71	62	0	0	0	12	0	0	0	0	0	0	39	0	0	0	0	0	0	0	0	0	59	52.65
SRR5355003	0	0	0	0	0	2	0	0	0	0	0	0	0	0	0	0	0	0	0	0	0	0	0	0	0	0	0	0	0	0	0	0	0	0	0	0	0	0	0	0	0	0	0	0	0	0	0	0	0	0	0	0	0	0	0	0	0	0	0	0	0	0	0	0	1	1.43
SRR5355004	0	0	0	0	0	40	0	22	0	0	0	0	0	0	0	32	0	0	0	0	0	0	10	0	0	0	0	0	0	0	0	0	0	0	0	0	0	0	0	0	0	34	31	33	0	0	0	0	0	0	0	0	0	0	28	0	0	0	0	0	0	0	0	0	35	27.26
SRR5355005	0	0	0	0	0	65	0	0	0	0	0	0	0	0	0	45	0	0	0	0	0	0	0	0	0	0	0	0	0	0	0	0	0	0	0	0	0	1	0	0	0	39	52	50	0	0	0	0	0	0	0	0	0	0	29	0	0	0	0	0	0	0	0	0	57	42.52
SRR5355006	0	0	0	0	0	129	0	0	0	0	0	0	0	0	0	136	97	0	0	0	0	0	0	0	0	0	0	0	0	0	0	0	0	0	0	0	0	0	0	0	0	165	136	121	0	0	0	0	0	0	0	0	0	0	113	0	0	0	63	0	0	0	0	0	109	109.79
SRR5355007	0	0	0	0	0	40	0	0	0	0	0	0	0	0	0	35	0	0	0	0	0	0	0	0	0	0	0	0	0	0	0	0	0	0	0	0	0	0	0	0	0	49	52	42	0	0	0	0	0	0	0	0	0	0	18	0	0	0	0	0	0	0	0	0	36	36.36
SRR5355008	0	0	0	0	0	55	0	0	0	0	0	0	0	0	0	60	0	0	0	0	0	0	0	0	0	0	0	0	0	0	0	1	0	0	0	0	0	0	0	0	0	73	54	56	0	0	0	0	0	0	0	0	0	0	29	0	0	0	0	0	0	0	0	0	62	53.58
