cells	chrMT:16:A/T	chrMT:73:A/G	chrMT:146:T/C	chrMT:150:C/T	chrMT:199:T/C	chrMT:497:C/T	chrMT:676:G/A	chrMT:777:G/A	chrMT:903:T/C	chrMT:1282:G/A	chrMT:1323:G/A	chrMT:1442:G/A	chrMT:1455:T/C	chrMT:1578:A/G	chrMT:1630:A/G	chrMT:1811:A/G	chrMT:1990:G/A	chrMT:2279:T/C	chrMT:2706:A/G	chrMT:2960:T/C	chrMT:3002:G/A	chrMT:3031:G/A	chrMT:3480:A/G	chrMT:3698:G/A	chrMT:3779:G/A	chrMT:4353:T/C	chrMT:4668:T/C	chrMT:4722:A/G	chrMT:4769:A/G	chrMT:4954:T/C	chrMT:5128:A/T	chrMT:5539:A/C	chrMT:6022:A/G	chrMT:6267:G/A	chrMT:6300:G/A	chrMT:6406:T/C	chrMT:6717:G/A	chrMT:6729:G/A	chrMT:7028:C/T	chrMT:8129:A/G	chrMT:8171:T/C	chrMT:8860:A/G	chrMT:8875:T/C	chrMT:9055:G/A	chrMT:9182:G/A	chrMT:9327:A/G	chrMT:9457:T/C	chrMT:9463:T/C	chrMT:9698:T/C	chrMT:9741:T/C	chrMT:9915:G/A	chrMT:9938:T/C	chrMT:9984:G/A	chrMT:10395:T/C	chrMT:10398:A/G	chrMT:10550:A/G	chrMT:11299:T/C	chrMT:11440:G/A	chrMT:11467:A/G	chrMT:11562:G/A	chrMT:11693:G/A	chrMT:11719:G/A	chrMT:11809:T/C	chrMT:12244:G/A	chrMT:12286:A/G	chrMT:12308:A/G	chrMT:12372:G/A	chrMT:12440:A/G	chrMT:12477:T/C	chrMT:12561:G/A	chrMT:12581:T/C	chrMT:13523:T/C	chrMT:14167:C/T	chrMT:14259:G/A	chrMT:14405:A/G	chrMT:14605:A/T	chrMT:14766:C/T	chrMT:14798:T/C	chrMT:14872:C/T	chrMT:15184:T/C	chrMT:15350:G/A	chrMT:15916:T/C	chrMT:16065:G/A	chrMT:16129:G/A	chrMT:16204:G/A	chrMT:16224:T/C	chrMT:16271:T/C	chrMT:16311:T/C	chrMT:16368:T/C	chrMT:16519:T/C	depth
SRR5355009	3	9	0	2	2	11	0	0	0	0	0	1	0	0	0	4	0	0	14	0	0	0	2	0	0	0	0	0	22	0	0	0	0	0	0	0	0	0	1	0	0	11	0	6	0	0	0	0	0	0	0	10	0	0	5	11	5	0	13	0	0	3	0	0	0	6	16	0	5	0	0	0	2	0	0	6	3	4	96	0	0	1	0	5	0	0	0	9	0	7	89.37
SRR5355010	1	8	0	2	0	9	0	0	0	0	0	4	0	0	0	8	0	0	7	0	0	0	11	0	0	0	0	0	61	0	0	0	2	0	0	0	0	0	2	0	0	21	0	7	0	0	0	0	3	0	0	4	35	0	7	12	5	0	6	0	0	5	0	0	0	4	6	0	3	0	0	0	7	0	0	2	4	7	355	0	0	0	0	3	0	5	0	5	0	8	359.23
SRR5355011	3	15	0	3	3	3	0	0	0	0	0	4	0	0	0	4	0	0	6	0	0	0	11	0	0	0	12	0	36	0	0	0	0	0	0	0	16	0	1	0	0	14	0	15	0	0	0	0	2	1	0	3	0	0	12	10	9	0	13	0	9	6	0	0	0	3	8	0	8	0	0	0	1	0	0	3	2	1	179	0	0	1	0	3	0	4	0	6	0	2	171.25
SRR5355012	1	4	0	1	4	10	0	0	0	0	0	0	0	0	0	4	1	0	8	0	0	0	10	0	0	0	0	0	20	0	0	0	0	0	0	0	0	0	2	0	0	11	0	12	0	0	0	0	2	0	0	7	0	0	3	12	8	0	11	0	0	3	0	0	0	13	5	0	10	0	0	0	9	0	0	5	1	0	146	0	0	0	0	3	0	0	0	7	0	7	152.84
SRR5355013	2	6	0	5	1	10	0	0	0	0	0	0	0	0	0	6	0	0	6	0	0	0	8	0	0	0	0	0	43	0	0	0	0	0	0	0	0	0	0	0	0	32	0	11	0	0	0	0	0	0	0	3	0	0	9	9	15	0	7	0	0	12	0	0	0	4	1	0	5	0	0	0	2	0	0	2	1	2	301	0	0	0	0	4	0	2	0	4	0	1	261.73
SRR5355014	4	11	0	3	2	15	0	0	0	0	0	0	0	0	0	2	0	0	12	0	0	0	10	0	0	0	0	0	4	0	0	0	0	0	0	0	0	0	1	0	2	4	0	16	0	0	0	0	0	0	0	3	0	0	5	5	10	0	8	0	0	6	0	5	0	17	8	0	8	0	0	0	11	0	6	4	5	4	36	0	0	0	0	6	0	4	0	10	0	6	30.19
SRR5355015	0	4	0	5	2	13	0	0	0	0	0	0	0	0	0	5	0	0	12	0	0	0	9	0	0	0	0	0	35	0	0	0	0	0	1	1	0	0	0	0	0	17	0	4	0	0	0	0	2	1	0	1	0	0	5	7	5	0	6	0	0	8	0	0	0	1	15	0	3	0	0	0	2	0	0	5	4	10	250	0	0	0	0	0	0	8	0	21	0	4	260.32
SRR5355016	0	3	0	7	1	12	0	0	0	0	0	1	0	0	0	2	0	0	5	0	0	0	12	0	0	0	0	0	6	0	0	0	1	21	0	0	0	0	1	0	0	10	0	9	0	0	0	0	3	2	0	6	0	0	7	15	15	0	11	0	0	4	0	0	0	12	12	0	14	0	0	0	12	0	0	10	1	1	29	0	0	0	0	9	0	11	0	12	0	9	28.26
SRR5355017	0	6	0	6	3	4	0	0	0	0	0	1	0	0	0	4	0	0	8	0	0	0	13	0	0	0	0	0	39	0	0	0	0	0	0	0	0	0	1	0	0	17	0	17	0	0	0	0	2	105	0	3	0	0	4	7	5	0	9	0	0	4	0	0	0	8	14	0	0	0	0	0	9	0	0	0	0	1	224	0	0	2	0	3	0	6	0	3	0	8	236.99
SRR5355018	0	4	0	4	1	12	0	0	0	0	0	0	0	0	0	4	0	0	11	0	0	0	4	0	0	0	0	0	26	0	0	0	0	0	0	0	0	0	0	0	0	6	0	12	0	0	75	0	3	1	0	4	0	0	5	6	7	0	3	0	0	0	0	0	0	6	5	0	5	0	0	0	14	0	0	2	4	6	199	0	0	0	0	2	0	5	0	8	0	4	206.21
SRR5355019	0	6	0	5	2	5	0	0	0	0	0	0	0	0	0	3	0	0	10	0	0	0	8	0	0	0	0	0	7	0	0	0	0	0	0	0	0	0	1	0	0	5	0	10	0	0	0	0	3	1	0	10	0	0	5	5	8	0	18	0	0	2	0	0	0	5	13	0	0	0	0	0	9	0	0	6	3	7	18	0	0	0	0	2	0	3	0	5	0	5	24.89
SRR5355020	4	8	0	6	5	5	0	0	0	0	0	0	0	0	0	7	0	0	2	0	0	0	14	0	0	0	0	0	19	0	0	0	0	0	0	0	0	0	0	0	0	14	0	15	0	0	0	0	2	3	0	2	0	0	6	4	10	0	7	0	0	5	0	0	0	6	10	54	2	0	1	0	7	0	0	9	4	5	150	0	0	0	0	5	0	14	0	10	0	5	140.22
SRR5355021	3	10	0	7	8	11	0	0	0	0	0	0	0	0	0	2	0	0	12	0	0	0	8	0	0	0	0	0	19	0	0	0	1	0	0	0	0	0	0	0	0	16	0	9	0	0	0	0	1	0	0	6	0	0	4	12	7	0	13	0	0	3	0	0	0	14	13	0	5	0	0	0	4	0	0	5	3	6	67	0	0	0	0	4	0	2	0	10	0	3	70.68
SRR5355022	2	7	0	3	0	7	1	0	0	0	0	2	0	0	0	3	0	0	7	0	0	0	21	0	0	0	0	0	8	0	0	0	0	0	0	0	0	0	0	0	0	3	0	14	0	0	0	0	3	0	0	9	0	0	4	20	5	0	19	0	0	5	0	0	0	6	8	0	8	0	0	0	15	0	0	4	3	9	20	0	0	1	0	0	0	6	0	14	0	6	18.87
SRR5355023	0	5	0	4	1	15	0	0	0	0	0	2	0	0	0	4	0	0	1	0	0	0	16	0	0	0	0	0	25	0	0	0	0	0	0	0	0	0	3	0	0	9	0	3	0	0	0	0	1	1	0	6	0	0	4	22	10	0	13	0	0	2	0	0	0	0	6	0	7	0	0	0	5	0	0	0	1	6	168	0	0	0	0	3	0	4	0	14	0	1	161.31
SRR5355024	4	12	0	7	3	15	0	6	0	0	20	0	0	7	0	4	0	0	2	0	0	0	10	0	0	0	0	0	11	0	0	0	0	0	0	0	0	0	2	6	0	13	0	10	0	0	0	0	3	0	0	10	0	0	7	8	13	0	6	0	0	2	0	0	0	2	7	0	4	0	0	0	2	0	0	4	2	1	36	0	0	0	0	6	0	12	0	9	0	6	45
SRR5355025	4	4	0	1	2	9	0	0	0	0	0	0	0	0	0	7	0	0	8	0	0	0	9	0	0	0	0	0	15	0	0	0	0	0	0	0	0	0	3	0	0	2	0	3	0	0	0	0	0	0	0	2	0	0	4	13	11	0	11	13	0	1	0	0	0	5	10	0	3	0	0	0	4	0	0	2	2	2	43	0	0	0	0	4	0	4	0	10	0	8	54.19
SRR5355026	0	10	0	5	5	5	0	0	0	0	0	0	0	0	0	7	0	0	2	0	0	0	14	0	0	0	0	0	15	0	0	0	0	0	0	0	0	0	0	0	0	6	0	10	0	0	0	0	2	0	0	3	0	0	8	14	8	0	13	0	0	2	0	0	0	5	0	0	7	0	0	0	7	0	0	5	2	2	50	0	1	0	0	6	0	7	0	5	0	10	60.14
SRR5355027	3	15	0	1	5	4	0	0	0	0	0	0	0	0	0	5	0	0	5	0	0	0	12	0	0	0	0	0	10	0	0	0	0	0	0	0	0	21	2	0	0	5	0	15	0	0	0	0	0	0	0	2	0	0	4	9	5	0	16	0	0	3	0	0	0	10	12	0	5	0	0	0	9	0	0	2	0	2	59	0	0	0	0	2	0	4	0	20	0	7	58.11
SRR5355028	3	3	0	2	1	11	0	0	0	0	0	0	0	0	0	6	0	0	3	0	1	0	10	0	0	0	0	0	29	0	0	0	0	0	0	0	0	0	0	0	0	16	0	10	0	0	0	0	1	0	0	6	0	0	6	12	11	0	18	0	0	3	0	0	0	9	11	0	11	0	0	0	6	0	0	4	4	8	133	0	0	0	0	5	0	6	0	9	0	7	130.07
SRR5355029	0	2	0	0	1	10	1	0	0	0	0	0	0	0	0	3	0	1	16	0	0	0	5	0	0	0	0	0	10	0	0	0	0	0	0	0	0	0	0	0	0	9	1	13	0	0	0	0	7	0	0	6	0	0	7	18	3	0	9	0	0	2	0	0	1	8	4	0	10	0	0	0	6	0	0	4	10	13	106	0	0	0	0	4	0	7	0	11	0	8	118.67
SRR5355030	3	5	0	0	3	12	0	0	0	0	0	0	0	0	0	4	0	0	4	0	0	0	16	0	0	0	0	0	5	0	0	0	0	0	0	0	0	0	0	0	0	4	0	8	0	0	0	0	0	1	0	3	0	0	10	6	13	0	13	0	0	4	0	0	0	13	7	0	3	0	0	0	9	0	0	1	0	2	53	0	0	0	0	5	0	4	0	2	0	4	45.24
SRR5355031	0	5	0	5	2	15	0	0	0	0	0	0	0	0	0	4	0	0	9	0	0	0	10	0	0	0	0	0	30	0	0	0	0	2	0	0	0	0	0	0	0	19	1	9	0	0	0	0	2	0	0	6	0	0	6	8	8	0	20	0	0	1	0	0	0	2	12	0	4	0	0	0	8	0	0	0	2	6	157	0	0	0	0	2	0	15	0	9	0	5	175.55
SRR5355032	5	12	0	1	4	11	0	0	0	0	0	0	0	0	0	6	0	0	11	0	0	0	6	0	0	0	0	0	51	0	0	0	0	0	0	0	0	0	0	0	0	17	0	15	0	0	0	0	1	0	0	9	0	0	1	9	2	0	7	0	0	2	0	0	0	2	3	0	9	0	0	0	4	0	0	3	6	7	274	0	0	0	0	1	0	8	0	7	0	9	264.29
SRR5355033	3	14	0	2	0	17	0	0	0	0	0	1	0	0	0	4	0	0	6	0	0	0	8	0	0	0	0	0	34	0	1	0	0	0	0	0	0	0	0	0	0	27	0	9	0	0	0	0	0	0	0	10	0	0	3	9	8	0	14	0	0	2	0	0	0	7	10	0	6	0	0	0	6	0	0	3	2	10	255	0	1	24	0	8	0	4	0	12	0	1	224.22
SRR5355034	5	6	0	6	2	12	0	0	0	0	0	1	0	0	0	12	0	0	10	0	0	0	13	0	0	0	0	0	40	0	0	0	0	0	0	0	0	0	2	0	0	17	0	6	0	0	0	0	3	0	0	6	0	0	4	13	6	0	7	0	0	1	0	0	0	2	10	0	7	0	0	0	4	0	0	1	5	6	104	0	0	0	0	4	0	6	0	12	0	9	129.48
SRR5355035	4	10	0	9	2	6	0	0	0	0	0	15	0	0	0	4	0	0	14	0	0	0	10	0	0	0	0	0	5	0	0	0	0	0	0	0	0	0	2	0	0	8	0	5	0	0	0	0	1	0	0	7	0	0	2	11	4	0	6	0	0	7	0	0	0	13	12	0	3	0	0	0	7	0	0	2	1	5	36	0	0	0	0	2	0	2	0	12	0	16	49.38
SRR5355036	2	9	0	3	1	14	0	0	0	0	0	0	0	0	0	3	0	0	10	0	0	0	10	0	0	0	0	0	25	0	0	0	0	0	0	0	0	0	0	0	0	3	0	10	0	29	0	0	6	0	0	3	0	0	5	12	1	0	8	0	0	2	0	0	28	8	10	0	4	0	0	0	6	0	0	3	3	2	104	0	0	0	0	3	0	6	0	9	0	2	112.87
SRR5355037	5	17	0	2	3	11	0	0	0	0	0	0	0	0	0	6	0	0	6	0	0	0	10	0	0	0	0	0	40	0	0	0	0	0	0	0	0	0	0	0	0	19	0	18	0	0	0	0	3	0	36	3	0	0	7	8	7	0	9	0	0	4	0	0	0	7	7	0	2	0	0	0	0	0	0	3	3	3	226	0	0	0	0	0	0	6	0	4	222	10	205.97
SRR5355038	0	11	0	7	4	12	0	0	0	0	0	0	0	0	0	5	0	0	7	0	0	0	6	0	0	0	0	0	25	0	0	0	1	0	0	0	0	0	1	0	0	8	0	7	0	0	0	0	4	0	0	8	0	1	4	16	8	0	6	0	0	4	0	0	0	7	5	0	1	0	0	0	4	0	0	5	0	2	162	0	0	0	0	2	0	7	0	17	0	7	170.9
SRR5355039	2	2	1	8	4	10	0	0	0	0	0	0	0	0	0	0	0	0	5	0	0	0	8	0	0	0	0	0	8	0	0	0	0	0	0	0	0	0	2	0	0	2	0	8	0	0	0	0	1	0	0	5	0	0	7	8	5	0	12	0	0	1	0	0	0	7	7	0	4	0	0	0	5	0	0	3	2	1	15	0	0	0	0	4	0	2	0	2	0	14	20.8
SRR5355040	8	5	0	2	2	4	0	0	0	0	0	0	0	0	0	4	0	0	5	0	0	0	10	0	0	0	0	0	38	0	0	0	0	0	0	0	0	0	2	1	0	15	0	8	0	0	0	0	1	0	0	8	0	0	3	10	5	0	4	0	0	1	0	0	0	11	4	0	4	0	26	0	9	0	0	2	4	3	157	0	0	0	0	4	0	11	0	11	0	4	162.48
SRR5355041	1	8	5	5	2	6	0	0	0	0	0	0	0	0	0	7	0	0	6	0	0	0	6	87	0	0	0	0	34	0	0	0	0	0	0	0	0	0	0	0	0	14	0	11	0	0	0	0	3	0	0	7	0	0	5	10	3	0	13	0	0	7	0	0	0	2	9	0	4	0	0	0	2	0	0	1	3	5	184	0	0	0	0	9	0	0	0	7	0	4	163.06
SRR5355042	3	6	0	5	1	11	0	0	0	0	0	0	0	0	0	5	0	0	6	0	0	0	9	0	0	0	0	0	20	0	0	0	0	0	0	0	0	0	4	0	0	12	1	10	0	0	0	0	4	0	0	9	0	0	5	10	6	0	8	0	0	4	0	0	0	12	13	0	6	0	0	0	8	0	0	4	5	9	79	0	0	0	0	8	0	5	0	13	0	7	78.25
SRR5355043	2	5	0	4	4	6	0	0	0	0	0	0	0	0	0	1	0	0	0	0	0	0	12	0	0	0	0	0	53	0	0	0	0	0	0	0	0	0	1	0	0	18	0	6	0	0	0	0	2	0	1	3	0	0	2	11	10	0	5	0	0	5	0	0	0	8	3	0	6	0	0	0	0	0	0	6	2	3	360	0	0	0	0	11	0	4	0	11	0	1	329.45
SRR5355044	2	4	0	4	2	7	0	0	0	0	0	0	0	0	0	12	0	0	6	2	0	0	16	0	0	0	0	0	43	0	0	0	0	2	0	0	0	0	2	0	0	15	0	14	0	2	0	0	1	0	0	5	0	0	3	2	16	0	9	0	0	15	0	0	0	7	6	0	7	1	0	0	6	0	0	9	5	4	212	0	2	0	0	5	0	5	0	5	0	11	210.96
SRR5355045	1	11	0	16	1	10	0	0	0	0	0	0	0	0	0	5	0	0	5	0	0	0	9	0	0	0	0	0	10	0	1	0	0	0	0	0	0	0	1	0	0	4	0	14	0	0	0	0	4	0	0	4	0	0	7	15	7	0	8	0	0	3	0	0	0	9	6	0	10	0	0	0	2	0	0	3	5	5	27	0	0	0	0	2	0	11	0	9	0	9	34.09
SRR5355046	4	3	0	1	0	7	0	0	0	0	0	0	0	0	0	2	0	0	6	0	0	0	9	0	0	0	0	0	6	0	0	0	0	0	0	0	0	0	3	0	0	5	0	11	0	0	0	0	5	0	0	4	0	0	9	7	5	0	14	0	1	2	0	0	0	7	5	0	2	0	0	0	8	0	0	3	5	4	19	0	0	0	0	6	0	7	0	4	0	4	28.29
SRR5355047	0	4	0	2	4	13	0	0	0	0	0	1	0	0	0	1	0	0	6	0	0	0	8	0	0	0	0	0	45	0	1	0	0	0	0	0	0	0	1	0	0	18	0	10	0	0	0	0	5	0	0	12	0	0	7	20	6	0	10	0	1	1	0	0	0	5	10	0	1	0	0	0	0	0	0	6	3	5	216	0	0	0	0	5	0	2	0	5	0	12	215.07
SRR5355048	2	1	0	0	2	12	0	0	33	0	0	0	0	0	43	1	0	0	12	0	0	0	14	0	0	0	0	0	60	0	0	0	0	0	1	0	0	0	0	0	0	29	0	8	0	1	0	0	1	0	0	1	0	27	6	17	4	0	11	0	0	6	0	0	0	4	10	0	3	0	0	0	3	0	0	2	9	10	231	0	0	0	66	5	0	7	0	10	0	1	241.54
SRR5355049	2	1	0	2	0	8	0	0	0	0	0	0	0	0	0	2	0	0	5	0	0	0	3	0	0	0	0	0	26	0	0	0	0	0	0	0	0	0	1	0	0	9	0	7	0	2	0	0	0	0	0	8	0	0	9	5	6	0	5	0	0	7	0	0	2	11	0	0	4	0	0	0	8	0	0	2	4	4	202	0	0	0	0	3	0	0	34	5	0	5	186.22
SRR5355050	4	2	0	2	0	16	0	0	0	0	0	0	0	0	0	1	0	0	2	0	0	0	12	0	0	0	0	0	69	0	0	1	0	0	0	0	0	0	0	0	0	28	0	19	0	3	0	0	1	0	0	9	0	0	8	18	8	0	8	0	0	1	0	0	1	7	8	0	4	0	0	0	5	0	0	0	5	8	332	0	0	0	0	6	0	7	0	7	0	6	361.72
SRR5355051	2	12	0	6	10	9	0	0	0	0	0	0	0	0	0	7	0	0	14	0	0	0	4	0	0	0	0	0	68	0	0	0	0	0	0	0	0	0	1	0	0	32	1	5	0	0	0	0	1	0	0	4	0	0	1	3	13	0	21	0	1	4	0	0	0	7	8	0	1	0	0	0	0	0	0	1	6	11	233	0	0	0	0	4	0	0	0	11	0	2	215.54
SRR5355052	0	7	0	4	1	12	0	0	0	0	0	0	0	0	0	3	0	0	3	0	0	0	8	0	0	0	0	0	33	0	1	0	0	0	0	0	0	0	0	0	13	19	1	6	0	0	0	0	1	0	0	2	0	0	7	5	6	0	6	0	1	5	0	0	0	16	4	0	7	0	0	0	5	0	0	4	2	2	110	0	0	0	0	7	0	3	0	4	0	3	108.16
SRR5355053	3	2	0	6	2	11	0	0	0	0	0	0	0	0	0	1	1	0	7	0	0	0	20	0	0	0	0	0	38	0	1	0	1	0	0	0	0	0	0	0	0	19	1	3	0	0	0	0	0	0	0	3	0	0	3	14	8	0	4	0	0	10	0	0	0	6	10	0	11	0	0	0	3	37	0	5	0	2	122	0	2	0	0	5	0	4	0	15	0	18	140.9
SRR5355054	2	6	0	1	1	15	0	0	0	0	0	0	0	8	0	4	0	0	7	0	0	0	13	0	0	0	0	0	23	0	0	0	0	0	0	0	0	0	0	0	0	18	1	19	0	3	0	0	2	0	0	6	0	0	6	10	1	0	12	0	0	3	0	0	6	2	11	0	5	0	0	0	4	0	0	1	4	7	127	0	1	0	0	5	0	8	0	11	0	6	119.95
SRR5355055	3	3	0	4	4	7	0	0	0	0	0	0	0	0	0	2	0	0	11	0	0	0	3	0	0	0	0	0	37	0	0	0	0	0	0	0	0	0	2	0	0	9	0	9	0	2	0	0	1	0	0	9	0	0	5	8	7	0	5	0	0	3	0	0	2	4	4	0	7	0	0	1	5	0	0	4	7	4	182	0	0	0	0	5	0	6	0	2	0	8	200.18
SRR5355056	0	0	0	0	4	12	0	0	0	0	0	0	0	0	0	4	0	0	7	0	0	0	11	0	0	0	0	0	17	0	0	0	0	0	0	0	0	0	0	0	0	15	0	12	0	1	0	0	2	0	0	6	0	0	8	10	5	21	13	0	0	3	0	0	2	6	7	0	6	0	0	0	2	0	0	3	7	6	98	0	0	0	0	5	0	5	0	12	0	2	85.25
SRR5355057	0	6	0	0	2	4	0	0	0	56	0	0	0	0	0	9	0	0	7	0	0	0	13	0	0	0	0	0	33	0	0	0	0	0	0	0	0	0	0	0	0	13	1	2	0	0	0	12	3	0	0	6	0	0	6	16	8	0	12	0	2	6	0	0	0	11	10	0	3	0	0	0	8	0	0	1	0	2	127	0	0	0	0	3	0	7	0	2	0	6	112.81
SRR5355058	2	3	0	2	4	13	0	0	0	0	0	0	0	0	0	0	0	0	9	0	0	0	12	0	0	0	0	0	39	0	0	0	0	0	0	0	0	0	1	0	0	23	1	9	0	0	0	0	3	0	0	3	0	0	3	3	3	0	10	0	1	10	0	0	0	7	7	0	6	0	0	0	2	0	0	2	3	4	161	0	1	0	0	6	0	4	0	7	0	5	162.66
SRR5355059	2	8	0	8	7	13	0	0	0	0	0	0	0	0	1	3	0	0	9	0	0	0	7	0	0	0	0	0	23	0	33	0	1	0	0	0	0	0	2	0	0	8	0	11	0	0	0	0	7	0	0	8	0	0	8	12	2	0	12	0	0	3	0	0	0	3	6	0	8	0	0	0	3	0	0	7	5	7	119	0	0	0	0	3	0	2	0	7	0	0	118.91
SRR5355060	13	21	0	15	8	27	2	0	0	0	0	0	0	0	0	15	0	0	27	0	0	2	24	0	0	0	0	0	10	0	0	0	0	0	0	0	0	0	3	0	0	8	0	36	0	0	0	0	9	0	0	10	0	0	22	32	32	0	35	0	0	17	0	0	0	22	23	0	9	0	0	0	17	0	0	12	25	25	37	0	1	0	0	11	0	18	1	27	0	19	48.89
SRR5355061	4	7	0	1	1	11	0	0	0	0	0	0	0	0	0	1	0	0	3	0	0	0	10	0	116	0	0	21	32	0	0	0	2	0	0	26	0	0	0	0	0	7	0	12	0	0	0	0	0	0	0	0	0	0	4	15	12	0	4	0	0	4	0	0	0	4	3	0	11	0	0	0	4	0	0	3	1	3	176	0	0	0	0	0	0	6	0	5	0	9	192.13
SRR5355062	7	10	0	20	7	19	0	0	0	0	0	0	0	0	0	14	0	0	15	83	0	39	26	0	0	0	0	0	33	0	0	0	1	0	0	1	0	0	6	0	0	11	0	28	0	0	0	0	6	0	0	6	0	0	17	19	15	0	24	0	0	8	0	0	0	19	14	0	7	0	0	0	12	0	0	5	11	11	173	0	0	0	0	62	0	15	0	22	0	20	175.48
SRR5355063	3	6	0	4	4	12	0	0	0	0	0	0	157	0	0	0	2	0	8	0	0	0	16	0	0	0	0	0	145	0	0	1	0	0	0	0	0	1	1	0	0	77	0	11	0	0	0	0	1	0	0	4	0	2	9	9	4	0	1	0	31	3	0	0	0	1	12	0	2	0	1	1	4	0	0	3	6	8	633	1	0	0	0	4	0	2	0	6	0	8	618.88
SRR5355064	1	8	0	7	1	9	0	0	0	0	0	0	0	0	0	2	0	0	8	0	0	0	14	0	0	0	0	0	33	0	0	0	0	0	0	0	0	0	1	0	0	16	0	13	0	0	0	0	0	0	0	2	0	0	3	4	3	0	10	0	0	2	0	0	0	11	5	0	9	0	0	0	5	0	0	3	1	2	161	0	0	0	0	6	0	4	0	4	0	7	149.22
SRR5355065	2	3	0	11	2	11	0	0	0	0	0	0	0	0	0	0	0	0	4	0	0	0	9	0	0	17	0	0	31	0	0	0	0	0	0	0	0	0	1	0	0	18	0	10	0	0	0	0	1	0	0	7	0	0	3	7	5	0	17	0	1	2	0	0	0	8	7	0	7	0	0	0	3	0	0	7	3	5	159	0	0	0	0	4	0	10	0	7	0	3	150.59
SRR5355066	2	5	0	10	3	7	0	0	0	0	0	0	0	0	0	2	0	0	14	0	0	0	15	0	1	0	0	0	23	17	0	0	0	0	0	0	0	0	0	0	0	12	0	15	0	0	0	0	0	0	0	6	0	0	10	9	11	0	11	0	0	8	0	0	0	12	6	0	6	0	0	0	5	0	0	2	3	2	89	0	0	0	0	5	0	3	0	10	0	8	108.96
SRR5355067	3	8	0	4	9	7	0	0	0	0	0	0	0	0	0	6	0	0	9	0	0	0	7	0	0	0	0	0	30	0	0	0	0	0	0	0	0	0	1	0	0	4	0	7	0	0	0	0	1	0	0	5	0	0	3	5	4	0	13	0	0	1	0	0	0	4	4	0	8	0	0	0	12	0	0	10	2	2	170	0	0	0	0	5	0	4	0	7	0	17	200.4
SRR5355068	2	9	0	6	1	4	0	0	0	0	0	0	0	0	0	3	0	0	18	0	0	0	6	0	2	0	0	0	45	0	0	0	0	0	0	0	0	0	1	0	0	15	0	10	0	0	0	0	0	0	0	8	0	0	5	21	4	0	8	0	0	8	0	0	0	4	11	0	10	0	0	0	2	0	0	3	1	3	219	0	0	0	0	7	0	6	1	3	0	4	231.89
SRR5355069	0	4	0	11	4	13	0	0	0	0	0	0	0	0	1	3	0	39	12	0	0	0	6	0	0	0	0	0	18	0	0	0	0	0	0	0	0	0	0	0	0	12	0	9	0	0	0	0	3	0	0	3	0	0	0	7	0	0	4	0	0	3	0	0	0	2	6	0	4	0	0	0	7	0	0	1	10	12	110	0	0	0	0	7	0	2	0	15	0	6	157.73
SRR5355070	1	4	0	2	3	7	0	0	0	0	0	0	0	0	0	4	0	0	4	0	0	0	10	0	0	0	0	0	36	0	0	39	0	0	0	0	0	0	0	0	0	17	1	6	0	0	0	0	5	0	0	3	0	0	7	2	7	0	5	0	0	5	0	0	0	3	4	0	1	0	0	0	6	0	0	2	1	3	190	0	0	0	0	2	0	2	0	6	0	9	195.59
SRR5355071	4	7	0	4	0	5	0	0	0	0	0	0	0	0	0	13	0	0	1	0	0	0	16	0	0	0	0	0	36	0	0	0	1	0	0	0	0	0	2	0	2	14	19	7	0	0	0	0	6	0	0	12	0	0	4	12	4	0	10	0	1	0	0	0	0	9	11	0	8	0	0	0	2	0	0	3	1	1	204	0	0	0	0	2	0	7	0	9	0	5	207.55
SRR5355072	0	3	0	1	0	7	0	0	0	0	1	0	0	0	0	3	0	0	12	0	30	0	15	0	0	0	0	0	20	0	0	0	0	0	0	0	0	0	0	0	0	9	0	4	0	0	0	0	2	0	0	3	0	0	1	12	7	0	0	0	0	6	0	0	0	5	3	0	7	0	0	0	4	2	0	0	2	2	116	0	0	0	0	5	0	4	2	6	0	1	120.14
SRR5355073	2	8	0	7	4	12	0	0	0	0	0	0	0	0	0	2	0	0	7	0	0	0	9	0	0	0	0	0	16	0	0	0	0	0	0	0	0	0	0	0	0	2	0	12	0	0	0	0	1	0	0	1	0	0	3	13	4	0	6	0	0	6	0	0	0	10	10	0	4	0	0	15	1	0	0	4	4	3	103	0	0	0	0	2	0	1	0	1	0	9	120.04
SRR5355074	2	2	0	2	0	10	0	0	0	0	0	0	0	0	0	3	0	0	8	0	0	0	7	0	0	0	0	0	10	0	0	0	0	0	1	0	0	0	1	0	0	8	0	9	0	0	1	0	2	0	0	5	0	0	4	5	6	0	12	0	0	5	0	0	0	8	7	0	5	0	0	1	5	0	0	7	4	4	86	0	0	0	0	3	0	2	1	11	0	6	74.86
SRR5355075	2	7	0	7	2	7	0	0	0	0	0	0	0	0	0	5	0	0	12	0	0	0	4	0	0	0	0	0	20	0	0	0	0	0	0	0	0	0	1	0	0	6	0	6	0	0	0	0	0	0	0	0	0	0	7	8	3	0	8	0	0	2	0	0	0	15	5	0	9	0	0	0	10	0	0	6	5	4	136	0	1	0	0	2	0	11	0	11	0	7	161.96
SRR5355076	0	3	0	4	3	3	0	0	0	0	0	0	0	0	0	2	0	0	5	0	0	0	10	0	0	0	0	0	42	0	0	0	0	0	0	0	0	0	0	0	0	14	0	5	0	0	0	0	3	0	0	4	0	0	6	10	3	0	14	0	0	4	0	0	0	16	10	0	3	0	0	0	4	0	0	1	8	6	170	0	0	0	0	4	0	4	0	11	0	3	187.79
SRR5355077	2	0	0	8	4	10	0	0	0	0	0	0	0	0	0	3	0	0	10	0	0	0	12	0	0	0	0	0	13	0	0	0	0	0	0	0	0	0	1	0	0	11	0	9	0	0	0	0	4	7	0	10	0	0	7	5	0	0	9	0	0	4	0	0	0	7	7	0	6	0	0	0	3	0	0	1	4	8	74	0	0	0	0	3	0	5	0	3	0	2	81.08
SRR5355078	3	6	0	2	5	11	0	0	0	0	0	0	0	0	0	6	0	0	13	1	0	0	8	0	0	0	0	0	23	1	0	0	0	0	0	0	0	0	0	0	0	13	0	15	0	0	0	0	2	0	0	4	0	0	3	12	10	0	8	0	0	8	0	0	0	8	14	0	6	0	0	0	5	0	0	1	2	2	147	0	0	0	0	5	0	2	1	15	0	8	133.88
SRR5355079	2	12	0	4	4	9	0	0	0	0	0	0	0	0	0	4	0	0	10	0	0	0	9	0	3	0	0	0	28	0	0	0	0	0	0	0	0	0	1	0	0	12	0	6	0	0	0	0	4	0	0	6	0	0	1	9	11	0	8	0	0	2	0	0	0	10	10	0	6	0	0	0	6	0	0	3	2	3	172	0	0	0	0	3	0	4	0	6	0	4	188.01
SRR5355080	4	11	48	2	0	4	0	0	0	0	0	0	0	0	0	4	0	0	6	0	0	0	5	0	0	0	0	0	83	0	0	0	0	0	0	2	0	0	0	0	0	30	0	6	0	0	0	0	0	0	0	11	0	0	4	9	9	0	8	0	0	4	0	0	0	11	7	2	3	0	0	0	0	1	0	10	2	2	430	0	104	0	0	0	0	5	2	6	0	5	423.03
SRR5355081	4	5	0	9	1	7	62	0	0	0	0	0	0	0	0	7	0	0	9	0	0	0	10	0	0	0	0	0	46	0	0	0	0	0	0	0	0	0	1	0	0	22	0	7	0	0	0	0	3	0	0	0	0	0	3	6	10	0	8	0	0	0	0	0	0	10	16	0	9	0	0	0	8	0	0	4	7	7	217	0	0	0	0	2	0	6	0	14	0	11	210.92
SRR5355082	0	5	0	2	0	13	0	0	0	0	0	0	0	0	0	0	0	0	2	0	0	0	6	0	0	0	0	0	50	0	0	0	0	0	0	0	0	0	1	0	0	19	1	7	0	0	0	0	0	0	0	1	0	0	3	15	4	0	2	0	0	3	0	0	0	9	7	0	1	0	0	0	8	0	0	1	2	3	228	0	0	1	0	5	0	3	0	9	0	2	263.82
SRR5355083	2	3	0	1	4	1	0	0	0	0	0	0	0	0	0	2	0	0	8	0	0	0	20	0	0	0	0	0	21	0	0	0	120	0	0	0	0	0	1	0	0	6	1	5	0	0	0	0	1	0	0	1	0	0	3	11	5	0	25	0	0	3	0	0	0	12	8	0	6	0	0	0	11	0	0	4	2	3	128	0	0	0	0	5	0	6	0	8	0	10	141.73
SRR5355084	2	3	0	6	4	15	0	0	0	0	0	0	0	0	0	5	0	0	5	1	0	6	5	0	0	0	0	0	35	0	0	0	0	0	0	1	0	0	0	0	0	9	0	8	0	0	0	0	3	0	0	4	0	0	2	14	8	0	15	0	0	5	0	0	0	10	5	0	9	0	0	0	2	0	0	4	3	8	144	0	0	0	0	15	0	3	0	9	0	2	124.42
SRR5355085	5	11	0	9	3	12	0	0	0	0	2	0	0	0	0	2	0	0	6	1	0	1	17	0	1	0	0	0	40	0	0	0	0	0	0	0	0	0	1	0	0	14	0	3	0	0	0	0	3	0	0	7	0	0	3	11	4	0	4	0	0	3	0	0	0	9	9	0	5	0	0	0	3	0	0	4	2	0	182	0	0	0	0	5	0	5	0	7	0	16	173.96
SRR5355086	0	3	0	9	1	5	0	0	0	0	0	0	0	0	0	2	0	0	7	0	0	0	11	0	1	0	0	0	73	0	0	0	0	0	0	1	0	0	0	0	0	34	0	6	0	0	0	0	5	0	0	5	0	0	3	8	4	0	6	0	0	3	1	0	0	6	9	0	6	0	0	0	11	0	0	6	2	0	357	47	0	0	0	2	63	3	1	10	0	3	331.01
SRR5355087	0	12	0	7	0	3	0	0	0	0	0	0	0	0	0	2	0	0	6	0	0	0	14	0	0	0	0	0	31	0	0	0	2	0	0	0	0	0	0	0	1	13	0	8	0	0	0	0	2	0	0	8	0	0	4	4	3	0	14	0	0	4	0	2	0	3	3	0	7	0	0	1	6	0	0	9	1	1	200	0	0	0	0	5	0	4	0	8	0	4	162.51
SRR5355088	4	13	0	1	0	9	0	0	0	0	0	0	0	0	0	4	0	1	5	0	0	0	8	0	0	0	0	0	50	0	0	0	2	0	0	0	0	0	0	0	0	25	0	13	0	0	0	0	1	0	0	8	0	0	1	8	11	0	11	0	2	1	0	0	2	4	7	0	8	0	0	0	9	0	0	2	5	4	214	0	0	0	0	7	0	4	0	11	0	8	223.53
SRR5355089	0	2	0	0	4	2	0	0	0	0	0	0	0	0	0	0	0	0	2	0	0	0	1	0	0	0	0	0	13	0	0	0	0	0	1	0	0	0	0	0	0	5	0	2	0	0	0	0	0	0	0	2	0	0	1	4	0	0	0	0	66	2	0	0	0	3	0	0	0	0	0	0	2	0	0	0	1	1	36	0	0	0	0	0	0	1	0	6	0	0	58.03
SRR5355090	3	5	0	5	5	8	0	0	0	0	0	0	0	0	0	4	0	0	8	7	0	7	11	0	10	0	0	0	17	0	0	0	1	0	0	2	0	0	0	0	0	14	0	12	0	0	0	0	5	0	0	3	0	0	6	12	5	0	10	0	0	4	0	0	0	12	13	0	4	0	0	0	12	0	0	4	2	2	71	0	1	0	0	22	0	4	0	8	0	6	72.64
SRR5355091	7	4	0	2	1	5	0	0	0	0	0	1	0	0	0	5	0	0	13	6	0	7	14	0	2	0	0	1	48	0	0	0	0	0	0	4	0	0	1	0	0	26	0	6	0	0	0	0	3	0	0	2	0	0	3	18	14	0	11	0	0	4	0	0	1	12	17	0	7	0	0	0	11	0	0	4	0	3	242	0	1	0	0	17	0	1	0	9	0	3	269.43
SRR5355092	0	7	0	7	8	10	0	0	0	0	0	0	0	0	0	2	0	0	2	5	0	6	12	0	5	0	0	0	20	0	0	0	0	0	0	1	0	0	1	0	0	11	0	8	0	0	0	0	4	1	0	0	0	0	5	12	2	0	4	0	0	5	0	0	0	8	6	0	5	0	0	0	11	0	0	5	3	3	92	0	0	0	0	12	0	12	0	8	0	4	119.68
SRR5355093	0	4	0	7	3	10	0	0	0	0	0	0	0	0	0	4	0	0	4	0	0	0	10	0	0	0	0	0	22	0	0	0	0	0	0	0	0	0	2	0	0	6	0	17	0	0	0	0	1	0	0	4	0	0	9	16	8	0	8	0	0	2	0	0	0	2	11	0	4	0	0	0	4	0	0	8	7	10	102	0	0	0	0	2	0	7	0	16	0	5	140.75
SRR5355094	0	6	0	3	0	13	0	0	0	0	0	0	0	0	0	7	0	0	4	0	0	0	11	0	0	0	0	0	31	0	0	0	0	0	0	0	0	0	1	0	0	11	0	13	0	0	0	0	2	0	0	3	0	0	4	9	5	0	9	0	0	3	0	0	0	7	4	0	5	0	0	0	12	0	0	2	1	5	84	0	0	0	0	4	0	9	0	6	0	4	107.59
SRR5355095	6	14	0	7	4	8	0	0	0	0	0	0	0	0	0	3	0	0	3	0	0	0	6	0	0	0	0	0	14	0	0	0	0	0	0	0	0	0	0	0	0	21	2	7	0	0	0	0	1	0	0	7	0	0	5	9	15	0	4	0	0	2	0	0	0	4	12	0	6	0	0	0	4	0	0	3	2	3	154	0	0	0	0	6	0	2	0	8	0	4	147.41
SRR5355096	0	0	0	0	0	1	0	0	0	0	0	0	0	0	0	0	0	0	0	0	0	0	4	0	0	0	0	0	6	0	0	0	0	0	7	0	0	0	0	0	0	8	0	0	0	0	0	0	2	0	0	1	0	0	0	3	0	0	1	0	0	0	9	0	0	1	0	0	0	0	0	0	0	0	0	0	0	0	42	0	0	0	0	0	0	0	0	0	0	0	42.74
SRR5355097	2	6	0	5	3	16	0	0	0	0	0	0	0	0	0	4	8	0	14	5	0	3	10	0	6	0	0	0	11	0	0	0	2	0	1	5	0	0	0	0	0	8	0	14	0	1	0	0	3	0	0	6	0	0	6	14	6	0	8	0	0	3	0	0	0	13	7	0	1	0	0	0	3	0	0	7	2	5	59	0	0	0	0	16	2	7	0	8	0	3	57.18
SRR5355098	0	0	0	3	4	13	0	0	0	0	0	0	0	0	1	0	1	0	5	5	0	6	6	0	10	0	0	0	63	0	0	0	0	0	0	1	0	0	1	0	1	15	0	12	0	0	0	0	1	0	0	3	0	0	8	15	9	0	10	0	0	9	0	0	0	8	2	0	5	0	0	0	6	0	0	10	4	3	311	0	1	0	0	20	0	2	0	12	0	4	330.38
SRR5355099	0	4	0	8	11	18	0	0	0	0	0	0	0	0	1	5	0	0	5	0	0	0	9	0	0	0	0	0	63	0	1	0	0	0	0	0	0	0	0	0	0	27	1	5	33	0	0	0	2	0	0	6	0	0	7	10	4	0	13	0	0	3	0	1	0	5	3	0	6	0	0	0	3	0	0	0	0	1	316	0	0	0	0	2	0	6	0	15	0	11	311.45
SRR5355100	0	3	0	7	5	6	0	0	0	0	0	0	0	0	0	2	0	0	4	0	0	0	7	0	0	0	0	0	59	0	0	0	0	0	0	0	0	0	2	0	0	20	0	6	0	0	0	0	1	0	0	2	0	0	3	8	5	1	11	0	0	6	0	0	0	2	5	0	6	0	0	0	7	0	0	6	5	4	351	0	0	0	0	4	0	1	0	4	0	6	321.59
SRR5355101	2	2	0	7	3	6	0	0	0	0	0	0	0	0	0	5	0	0	5	0	0	0	8	0	0	0	0	0	10	0	0	0	1	0	0	0	0	0	4	0	0	7	0	11	0	0	0	0	2	0	0	0	0	0	4	3	7	0	9	0	0	7	0	0	0	2	7	0	7	0	0	0	1	0	0	2	2	6	30	0	0	0	0	5	0	3	0	7	0	10	32.51
SRR5355102	0	5	2	2	3	8	0	0	0	0	1	0	0	0	0	3	0	0	7	0	0	0	7	0	0	0	0	0	364	0	1	1	0	0	0	0	0	0	0	0	0	193	0	9	0	0	0	0	1	0	0	4	0	0	4	7	6	0	8	0	0	4	0	0	0	7	2	0	0	0	0	0	4	97	0	3	0	2	1356	0	0	0	0	4	0	1	0	7	0	1	1392.84
SRR5355103	0	7	0	5	2	7	0	0	0	0	0	0	0	0	0	2	0	0	4	0	1	0	14	0	2	0	0	0	24	0	0	0	0	0	0	1	0	0	0	0	0	19	0	10	0	0	0	0	1	0	0	1	0	0	3	10	4	0	8	0	0	6	0	0	0	1	4	0	5	0	0	0	6	0	0	0	3	2	130	0	1	0	0	5	0	5	0	8	0	2	145.16
SRR5355104	0	0	0	2	2	4	0	0	0	0	0	0	0	0	1	2	0	0	8	2	0	1	5	1	7	0	0	0	149	0	0	0	0	0	0	4	0	0	2	0	0	46	0	11	0	0	0	0	1	0	0	3	0	0	9	10	6	0	7	0	0	5	0	0	0	11	6	0	4	280	0	0	2	0	0	1	3	3	646	1	0	0	0	4	0	7	0	4	1	4	637.77
