cells	chrMT:73:A/G	chrMT:531:T/C	chrMT:733:T/C	chrMT:877:G/A	chrMT:934:G/A	chrMT:1171:A/G	chrMT:1315:G/A	chrMT:1490:T/C	chrMT:1538:G/A	chrMT:2244:T/C	chrMT:2275:T/C	chrMT:2537:G/A	chrMT:2636:G/A	chrMT:3244:G/A	chrMT:3392:G/A	chrMT:3653:T/C	chrMT:4341:G/A	chrMT:4370:T/C	chrMT:4406:A/G	chrMT:5374:T/A	chrMT:5508:T/C	chrMT:5538:G/A	chrMT:5560:G/A	chrMT:7490:A/G	chrMT:7657:T/C	chrMT:7853:G/A	chrMT:8211:T/C	chrMT:8728:T/C	chrMT:8741:T/C	chrMT:9247:G/A	chrMT:9310:T/C	chrMT:9645:G/A	chrMT:9787:G/A	chrMT:9977:T/C	chrMT:10646:G/A	chrMT:10893:T/C	chrMT:10990:C/T	chrMT:11672:A/G	chrMT:11711:G/A	chrMT:12234:A/G	chrMT:12467:T/C	chrMT:12561:G/A	chrMT:13691:A/G	chrMT:13896:T/C	chrMT:14016:G/A	chrMT:14314:A/T	chrMT:14590:C/T	chrMT:14849:T/C	chrMT:14856:T/C	chrMT:15083:T/C	chrMT:15279:T/C	chrMT:15575:G/A	chrMT:15639:T/G	chrMT:15785:T/C	chrMT:16065:G/A	chrMT:16129:G/A	chrMT:16164:A/G	chrMT:16256:C/T	chrMT:16293:A/G	chrMT:16527:C/T	depth
SRR5353473	1	0	0	0	0	0	0	0	0	0	0	0	0	0	0.00716845878136201	0	0.111111111111111	0	0	0	0	0	0	0.73134328358209	1	0	0	0	0	0	0	0	0	0	0	0	0	0	0	0	0	0	0	0	0	0	0.981707317073171	0	0	0	0	0	0.00738007380073801	0	0	0	0	0	0	0.992125984251969	192.36
SRR5353474	1	0	0	0	0	0	0	0	0	0	0.0147058823529412	0	0	0	0	0	0.0163934426229508	0	0	0	0	0	0	0.46875	1	0	0	0	0	0	0	0	0	0	0.00694444444444444	0	0	0	0	0	0	0	0	0	0	0.0196078431372549	1	0	0.00609756097560976	0	0	0.0175438596491228	0.445544554455446	0	0	0	0	0	0	1	83.64
SRR5353475	1	0	0	0	0	0	0	0	0	0	0.129251700680272	0	0	0	0	0	0	0	0	0	0	0	0	0	1	0	0	0	0	0	0	0	0	0	0	0	0	0	0	0	0	0.0091324200913242	0	0	0	0	1	0	0	0	0	0	0.00409836065573771	0	0	0	0	0	0	1	184.77
SRR5353476	1	0	0	0	0	0	0	0	0	0	0	0	0	0	0	0	0	0	0	0	0	0	0	0	1	0	0	0	0	0	0	0	0	0	0	0	0	0	0	0	0	0	0	0	0	0	0.985507246376812	0	0	0	0	0	0	0	0	0	0	0	0	1	93.34
SRR5353477	1	0	0	0	0	0	0	0	0	0	0.0454545454545455	0	0	0	0	0	0	0	0	0.0136986301369863	0	0	0	0.111111111111111	1	0	0	0	0	0.0112359550561798	0	0	0	0	0	0	0	0	0	0	0	0	0	0	0	0	1	0	0	0	0	0	0	0	0	0	0	0	0	1	57.5
SRR5353478	1	0.191489361702128	0	0	0	0	0	0	0	0	0	0	0	0	0	0	0	0	0	0	0	0	0	0.145161290322581	1	0	0	0	0	0	0	0	0	0	0	0	0	0	0	0	0	0	0	0	0.00518134715025907	0	1	0	0	0	0	0	0	0	0	0	0	0	0	1	179.07
SRR5353479	1	0	0	0	0	0	0	0	0	0	0	0	0	0	0	0	0.5	0	0	0	0	0	0	0	1	0	0	0	0	0	0	0	0	0	0	0	0	0	0	0	0	0	0	0	0	0	1	0	0	0	0	0	0	0	0	0	0	0	0	1	5.94
SRR5353480	1	0	0	0	0	0	0	0	0	0	0	0	0	0	0	0	0.0112359550561798	0	0	0	0	0	0	0.0483870967741935	1	0	0	0	0	0	0	0	0	0	0	0	0	0	0	0	0	0	0	0.00598802395209581	0	0	0.993055555555556	0	0	0	0	0	0.00448430493273543	0	0	0	0	0	0	0.990990990990991	188.5
SRR5353481	1	0	0	0	0	0	0	0	0	0	0	0	0	0	0	0	0	0	0	0.164835164835165	0	0	0	0.46551724137931	1	0	0	0	0	0	0	0	0	0	0	0	0	0	0	0	0	0	0	0	0	0	1	0	0	0	0	0	0.0031055900621118	0	0	0	0	0	0	1	234.69
SRR5353482	1	0	0	0	0	0	0	0	0	0	0	0	0.594594594594595	0	0	0	0	0	0	0	0	0	0	0	1	0	0	0	0	0	0	0	0	0	0	0	0	0	0	0	0	0	0	0	0	0	1	0	0	0	0	0	0	0	0	0	0	0	0	1	24.76
SRR5353483	1	0	0	0	0	0	0	0	0	0	0	0	0	0	0	0	0	0	0	0	0	0	0	0	1	0	0	0	0	0	0	0	0	0	0	0	0	0	0	0	0	0	0	0	0	0	1	0	0	0	0	0	0	0	0	0	0	0	0	1	52.38
SRR5353484	1	0	0	0	0	0	0	0	0	0	0	0	0	0	0	0	0	0	0	0	0	0	0	0	1	0	0	0	0	0	0	0	0	0	0	0	0	0	0	0	0	0	0	0	0	0	1	0	0	0	0	0	0	0	0	0	0	0	0	1	97.84
SRR5353485	1	0	0	0	0	0	0	0	0	0	0	0	0	0	0	0	0	0	0	0	0	0	0	0	1	0	0	0	0	0	0	0	0	0	0	0	0	0	0	0	0	0	0	0	0	0	1	0	0	0	0	0	0	0	0	0	0	0	0	1	2.61
SRR5353486	1	0	0	0	0	0	0	0	0	0	0	0	0	0	0	0	0	0	0	0	0	0	0	0	1	0	0	0	0	0	0	0	0	0	0	0	0	0	0	0	0	0	0	0	0	0	1	0	0	0	0	0	0	0	0	0	0	0	0	1	42.09
SRR5353487	1	0	0	0	0	0	0	0	0	0	0	0	0	0	0	0	0	0	0	0	0	0	0	0	1	0	0	0	0	0	0	0	0	0	0	0	0	0	0	0	0	0	0	0	0	0	1	0	0	0	0	0	0	0	0	0	0	0	0	0	2.58
SRR5353488	1	0	0	0	0	0	0	0	0	0	0	0	0	0	0	0	0	0	0	0	0	0	0	0	0	0	0	0	0	0	0	0	0	0	0	0	0	0	0	0	0	0	0	0	0	0	0	0	0	0	0	0	0	0	0	0	0	0	0	0	1.86
SRR5353489	0	0	0	0	0	0	0	0	0	0	0	0	0	0	0	0	0	0	0	0	0	0	0	0	0	0	0	0	0	0	0	0	0	0	0	0	0	0	0	0	0	0	0	0	0	0	0	0	0	0	0	0	0	0	0	0	0	0	0	0	1.51
SRR5353490	1	0	0	0	0	0	0	0	0	0	0	0	0	0	0	0	0	0	0	0	0	0	0	0	1	0.131147540983607	0	0	0	0	0.120967741935484	0	0	0	0	0	0	0	0	0	0	0	0	0	0	0	1	0	0	0	0	0	0	0	0	0	0	0	0	1	71.34
SRR5353491	0	0	0	0	0	0	0	0	0	0	0	0	0	0	0	0	0	0	0	0	0	0	0	0	0	0	0	0	0	0	0	0	0	0	0	0	0	0	0	0	0	0	0	0	0	0	0	0	0	0	0	0	0	0	0	0	0	0	0	0	1.8
SRR5353492	1	0	0	0	0	0	0	0	0	0	0	0	0	0	0	0	0	0	0	0	0	0	0	0.3	1	0	0	0	0	0	0	0	0	0	0	0	0	0	0	0	0	0	0	0	0	0	1	0	0	0	0	0	0	0	0.407407407407407	0	0	0	0	1	38.38
SRR5353493	1	0	0	0	0	0	0	0	0	0	0	0	0	0	0	0	0	0	0	0	0	0	0	0	1	0	0	0	0	0	0	0	0	0	0	0	0	0	0	0	0	0	0	0	0	0	1	0	0	0	0	0	0	0	0	0	0	0	0	1	14.67
SRR5353494	1	0	0	0	0	0	0	0	0	0	0	0	0	0	0	0	0	0	0	0	0	0	0	0.142857142857143	1	0	0	0.184210526315789	0	0	0	0	0	0	0	0	0	0	0	0	0	0	0	0	0	0	1	0	0	0	0	0	0	0	0	0	0	0	0	1	59.73
SRR5353495	1	0	0	0	0	0	0	0	0	0	0	0	0	0	0	0	0	0	0	0	0	0	0	0.153846153846154	1	0	0	0	0	0	0	0	0	0	0	0	0	0	0	0	0	0	0	0	0	0	0.894736842105263	0	0	0	0	0	0	0	0	0	0	0	0	1	30.87
SRR5353496	1	0	0	0	0	0	0	0	0	0	0	0	0	0	0	0	0	0	0	0	0	0	0	0	1	0	0	0	0	0	0	0	0	0	0	0	0	0	0	0	0	0	0	0	0	0	1	0	0	0	0	0	0	0	0	0	0	0	0	1	2.37
SRR5353497	1	0	0	0	0	0	0	0	0	0	0	0	0	0	0	0	0	0	0	0	0.835164835164835	0	0	0	1	0	0	0	0	0	0	0	0	0	0	0	0	0	0	0.00934579439252336	0	0	0	0	0	0	1	0	0	0	0	0	0	0	0	0	0	0	0	0.985915492957746	108.41
SRR5353498	1	0	0	0	0	0	0	0	0	0	0	0	0	0	0	0	0	0	0	0	0	0	0	0	1	0	0	0	0	0	0	0	0	0	0	0	0	0	0	0	0	0	0	0	0	0	0.985915492957746	0	0.00364963503649635	0	0	0	0	0	0	0	0	0	0.170103092783505	1	191.3
SRR5353499	1	0	0	0	0	0	0	0	0	0	0	0	0	0	0	0	0	0	0	0	0	0	0	0.0263157894736842	1	0	0	0	0	0	0	0	0	0	0	0	0	0	0	0	0	0	0	0	0	0	1	0	0	0	0	0	0	0	0	0	0	0	0	1	88.76
SRR5353500	1	0	0	0	0	0	0	0	0	0	0	0	0	0	0	0	0	0	0	0	0	0	0	0	1	0	0	0	0	0	0	0	0	0	0	0	0	0	0	0	0.00980392156862745	0	0	0	0	0	1	0	0	0	0	0	0	0	0	0	0	0	0	1	88.69
SRR5353501	1	0	0	0	0	0	0	0	0	0	0	0	0	0	0	0	0	0	0	0	0	0	0	0	1	0	0	0	0	0	0	0	0	0	0	0	0	0	0	0	0	0	0	0	0	0	1	0	0	0	0	0	0	0	0	0	0	0	0	1	9.98
SRR5353502	1	0	0	0	0	0	0	0	0	0	0	0	0	0	0	0	0	0	0	0	0	0	0	0.68	1	0	0	0	0	0	0	0	0	0	0	0	0	0	0	0.0111111111111111	0	0	0	0	0	0	1	0	0	0	0	0	0	0	0	0.0196078431372549	0	0	0	1	95.92
SRR5353503	1	0.0118343195266272	0	0	0	0	0	0	0	0	0	0	0	0	0	0	0	0	0	0	0	0	0	0	0.995515695067265	0	0	0	0	0	0	0	0	0	0	0	0	0	0	0	0.465346534653465	0	0	0	0	0.00909090909090909	0.991869918699187	0	0	0	0	0	0	0	0	0	0	0	0	0.986577181208054	188.56
SRR5353504	1	0	0	0	0	0	0	0	0.02	0	0	0	0	0	0	0	0	0	0	0	0	0	0	0.0909090909090909	1	0	0	0	0	0	0	0	0	0	0	0	0	0	0	0	0	0	0	0	0	0	0.958333333333333	0	0	0	0	0	0	0.0416666666666667	0	0	0	0	0	1	29.48
SRR5353505	1	0	0	0	0	0	0	0	0	0	0	0.11214953271028	0	0	0	0	0	0	0	0	0	0	0	0.0256410256410256	1	0	0	0	0	0	0	0	0	0	0	0	0	0.145299145299145	0	0	0	0	0	0	0	0	1	0	0	0	0	0	0	0	0	0	0	0.00746268656716418	0	1	104.3
SRR5353506	1	0	0	0	0	0	0	0	0	0.0714285714285714	0	0	0	0	0	0	0	0	0	0	0	0	0	0.111111111111111	1	0	0	0.0666666666666667	0	0	0	0	0	0	0	0	0	0	0	0	0	0	0	0	0	0	1	0	0	0	0	0	0	0	0	0	0	0	0	1	14.04
SRR5353507	1	0	0	0	0	0	0	0	0	0	0	0	0	0	0	0	0	0	0	0	0	0	0	0.448275862068966	1	0	0	0	0	0	0	0	0	0	0	0	0	0	0	0	0	0	0	0	0	0	1	0	0	0	0	0	0	0	0	0	0	0	0	1	91.1
SRR5353508	1	0	0	0	0	0	0	0	0	0	0	0	0	0	0	0	0	0	0	0	0	0	0	0.8	1	0	0	0	0	0	0	0	0	0	0	0	0	0	0	0	0	0	0	0	0	0	1	0	0	0	0	0	0	0	0	0	0	0	0	1	7.85
SRR5353509	1	0	0	0	0	0	0	0	0	0	0	0	0	0	0	0	0	0	0	0	0	0	0	0.0828402366863905	1	0	0	0	0.145454545454545	0	0	0	0	0	0	0	0	0	0	0	0	0	0	0	0	0.276353276353276	0.996197718631179	0	0	0	0	0	0	0	0	0	0	0	0	0.98728813559322	335.81
SRR5353510	1	0	0	0	0	0	0	0	0	0	0	0	0	0	0	0	0	0	0	0	0	0	0	0.676470588235294	1	0	0	0	0	0	0	0	0	0	0	0	0	0	0	0	0	0	0	0	0	0	1	0	0	0	0	0	0	0	0	0	0	0	0	1	108.87
SRR5353511	1	0	0	0	0	0.1875	0	0	0	0	0	0	0	0	0	0	0	0	0	0	0	0	0	0.0172413793103448	1	0	0	0	0	0	0	0	0	0	0.00980392156862745	0	0	0	0	0	0	0	0	0	0	0	1	0	0.00460829493087558	0	0	0	0	0	0	0	0	0	0	0.990740740740741	152.92
SRR5353512	1	0	0	0	0	0	0	0	0	0	0	0	0	0	0	0	0.01	0	0	0	0	0	0	0.0392156862745098	1	0	0	0	0	0	0	0	0	0	0	0	0	0	0	0	0	0	0	0	0	0	1	0	0	0	0	0	0	0	0	0	0	0	0	1	142.34
SRR5353513	1	0	0	0	0	0	0	0	0	0	0	0	0	0	0	0	0	0	0	0	0	0	0	0	1	0	0	0	0	0	0	0	0	0	0	0	0	0	0	0	0	0	0	0	0	0	1	0	0	0	0	0	0	0	0	0	0	0	0	1	20.26
SRR5353514	1	0	0	0	0	0	0	0	0	0	0	0	0	0	0	0	0	0.145833333333333	0	0	0	0	0	0	1	0	0	0	0	0	0	0	0	0	0	0	0	0	0	0	0	0	0	0	0	0	1	0	0	0	0	0	0	0	0	0	0	0	0	1	96.09
SRR5353515	1	0	0	0	0	0	0	0	0	0	0	0	0	0.00757575757575758	0	0	0	0	0	0	0.0224719101123595	0	0	0	1	0	0	0	0	0	0	0.907894736842105	0	0	0	0	0	0	0	0	0.0078125	0	0	0	0	0	1	0	0	0	0	0	0	0	0	0	0	0.578947368421053	0	1	115.52
SRR5353516	1	0	0	0	0	0	0	0	0	0	0	0	0	0	0	0	0	0	0	0	0.0025706940874036	0	0	0.2	1	0	0	0	0	0	0	0	0	0	0	0	0	0	0.00291545189504373	0	0	0	0	0	0	0	1	0	0	0.00162074554294976	0	0.00282485875706215	0	0	0	0	0	0	0	0.996655518394649	427.16
SRR5353517	1	0	0	0	0.0115606936416185	0	0	0	0	0	0	0	0	0	0	0	0	0	0	0	0.0174418604651163	0	0	0	1	0	0	0	0	0	0	0	0	0	0	0	0	0	0	0	0	0	0	0.246753246753247	0	0	1	0	0.00732600732600733	0	0.483050847457627	0	0	0	0	0	0.1	0	0	1	178.35
SRR5353518	1	0	0	0	0	0	0	0	0	0	0	0	0	0	0	0	0	0	0	0	0.0666666666666667	0	0	0	1	0	0	0	0	0	0	0	0	0	0	0	0	0	0	0	0	0	0	0	0	0	1	0	0	0	0	0	0	0	0	0	0	0	0	1	11.36
SRR5353519	1	0	0	0	0	0	0	0	0	0	0	0	0	0	0	0	0	0	0	0	0	0	0	0	1	0	0	0	0	0	0	0	0	0	0	0	0	0.025	0	0	0	0	0	0	0	0	1	0	0	0	0	0	0	0	0	0	0	0	0	1	47.28
SRR5353520	1	0	0	0	0	0	0	0	0	0	0	0	0	0	0	0	0	0	0	0	0	0	0	0	1	0	0	0	0	0	0	0	0	0	0	0	0	0	0	0	0	0	0	0	0	0	0	0	0	0	0	0	0	0	0	0	0	0	0	0	3.17
SRR5353521	1	0	0	0	0	0	0	0	0	0	0	0	0	0	0	0	0	0	0	0	0.0144927536231884	0	0	0	1	0	0	0	0	0	0	0	0	0	0	0	0	0	0	0	0	0	0.148148148148148	0	0.103896103896104	0	0.975609756097561	0	0	0	0	0	0	0	0	0	0	0	0	1	66.04
SRR5353522	1	0	0	0	0	0	0	0	0	0	0	0	0	0	0	0	0	0	0	0	0.00819672131147541	0	0	0.943396226415094	1	0	0	0	0	0	0	0	0	0	0	0	0	0	0	0	0.0078740157480315	0	0	0	0	0	1	0	0	0	0.0113636363636364	0	0	0	0	0	0	0	0	1	121.49
SRR5353523	1	0	0	0	0	0	0	0	0	0	0	0	0	0	0	0	0	0	0	0	0	0	0	0	1	0	0	0	0	0	0	0	0	0	0	0	0	0	0	0	0	0	0	0	0	0.166666666666667	1	0	0	0	0	0	0	0	0	0	0	0	0	0	3.56
SRR5353524	1	0	0	0	0.123711340206186	0.111111111111111	0	0	0.00342465753424658	0	0	0	0	0	0	0	0	0	0	0	0	0	0	0.150684931506849	1	0	0	0	0	0	0	0	0.287449392712551	0	0.00344827586206897	0	0	0	0	0	0	0	0	0	0	0	1	0	0	0	0	0	0	0	0	0.590909090909091	0	0	0	1	210.09
SRR5353525	1	0	0	0	0	0	0	0	0	0	0	0	0	0	0	0	0	0	0	0	0	0	0	0.307692307692308	1	0	0	0	0	0.213114754098361	0	0	0	0	0	0	0	0	0	0	0	0	0	0	0	0	1	0	0	0	0	0	0	0	0	0	0	0	0	1	74.01
SRR5353526	1	0	0	0	0	0	0	0	0	0	0	0	0	0	0	0	0	0	0	0	0	0	0	0.5	1	0	0	0	0	0	0	0	0	0	0	0	0	0	0	0	0	0	0	0	0	0	1	0	0	0	0	0	0	0	0	0	0	0	0	1	151.18
SRR5353527	1	0	0	0	0	0	0	0	0.00760456273764259	0	0	0	0	0	0	0	0	0	0	0	0	0	0	0	1	0	0.00578034682080925	0	0	0	0	0	0	0	0	0	0.37	0	0.139705882352941	0	0	0	0	0	0	0	1	0	0	0	0	0	0	0	0	0	0	0	0	1	173.61
SRR5353528	1	0	0	0	0	0	0	0.476190476190476	0	0	0	0	0	0	0	0	0	0	0	0	0	0	0	0.11340206185567	1	0	0	0	0	0	0	0	0	0	0	0	0	0	0	0	0.00309597523219814	0	0	0	0	0.00314465408805031	1	0	0	0	0	0	0	0	0	0	0	0	0	1	301.51
SRR5353529	1	0	0	0	0	0	0	0	0	0	0	0	0	0	0	0	0	0	0	0	0	0	0	0.0303030303030303	1	0	0	0	0	0	0	0	0	0	0.00671140939597315	0	0	0	0.0128205128205128	0	0	0	0	0	0	0	0.952380952380952	0	0.574626865671642	0	0	0	0	0	0	0	0	0	0	1	92.79
SRR5353530	1	0	0	0	0	0	0	0	0	0	0	0	0	0	0	0	0	0	0	0	0	0	0	0.333333333333333	1	0	0	0	0	0	0	0	0	0	0	0	0	0	0	0	0.111111111111111	0	0	0	0	0	1	0	0	0	0.4	0	0	0	0	0	0	0	0	1	6.2
SRR5353531	1	0	0	0	0	0	0.0198019801980198	0	0	0	0	0	0	0	0	0	0	0	0	0	0	0	0	0.96	1	0	0	0	0	0	0	0	0	0	0	0	0	0	0	0	0	0	0	0	0	0	1	0	0	0	0	0	0	0	0	0	0	0	0	1	88.5
SRR5353532	1	0	0	0	0	0	0	0	0.0666666666666667	0	0	0	0	0	0	0	0	0	0	0	0	0	0	0	1	0	0	0	0	0	0	0	0	0	0	0	0	0	0	0	0	0	0	0	0	0	1	0	0	0	0	0	0	0	0	0	0	0	0	1	6.67
SRR5353533	1	0	0	0	0	0	0	0	0	0	0	0	0	0	0	0	0	0	0	0	0	0	0	0.571428571428571	1	0	0	0	0	0	0	0	0.00617283950617284	0	0	0	0	0	0	0	0	0	0	0	0	0.00793650793650794	1	0	0	0	0	0	0	0	0	0	0	0	0	1	108.68
SRR5353534	1	0	0	0	0	0	0	0	0	0	0	0	0	0	0	0	0	0	0	0	0	0	0	1	1	0	0	0	0.1	0	0	0	0	0	0	0	0	0	0	0	0	0	0	0	0.0526315789473684	0.0454545454545455	1	0	0	0	0	0	0	0	0	0	0	0	0	1	18.42
SRR5353535	1	0	0	0	0	0.0357142857142857	0	0	0	0	0	0	0	0	0	0	0	0	0	0	0	0	0	0.918367346938776	1	0	0	0	0.00819672131147541	0	0	0	0	0.00909090909090909	0	0	0	0	0	0	0	0	0	0	0	0.013986013986014	1	0	0	0	0.0112359550561798	0	0	0	0	0	0	0	0	1	132.93
SRR5353536	1	0	0	0	0	0	0	0	0	0.0317460317460317	0	0	0	0	0	0	0	0	0	0	0	0	0	0	1	0	0	0	0	0	0	0	0	0	0	0	0	0	0	0	0	0	0	0	0	0	1	0	0	0	0	0	0	0	0	0	0	0	0	1	79.34
SRR5353537	1	0	0	0	0	0	0	0	0	0	0	0	0	0	0	0	0	0	0	0	0	0	0	0	1	0	0	0	0	0	0	0	0	0	0	0	0	0	0	0	0	0	0	0	0	0	1	0	0	0	0	0	0	0	0	0	0	0	0	1	4.96
SRR5353538	1	0	0	0	0	0	0	0	0	0	0	0	0	0	0	0	0	0.0217391304347826	0	0	0	0	0	0.463414634146341	1	0	0	0	0	0	0	0	0	0	0	0	0	0	0	0	0	0	0	0	0	0	1	0	0	0	0	0	0	0.00869565217391304	0	0	0	0	0	1	97.93
SRR5353539	1	0	0	0	0	0	0	0	0.00549450549450549	0	0	0	0	0	0	0	0	0	0	0	0	0	0	0.0123456790123457	1	0	0	0	0	0	0	0	0	0.00546448087431694	0	0	0	0	0	0	0	0	0	0	0	0.00964630225080386	1	0.00346020761245675	0	0	0.00571428571428571	0	0	0	0	0	0	0	0	0.994565217391304	257.04
SRR5353540	1	0	0	0	0	0	0	0	0.75609756097561	0	0	0	0	0	0	0	0	0	0	0	0	0	0	0	1	0	0.00970873786407767	0	0.0240963855421687	0	0	0	0	0	0	0	0	0	0	0	0	0	0	0	0	0.02	1	0	0	0	0.0305343511450382	0	0	0	0	0	0	0	0	1	89.09
SRR5353541	1	0	0	0	0	0	0	0	0.0022075055187638	0	0	0	0	0.15625	0	0	0	0	0	0	0	0	0	0.196969696969697	1	0	0	0	0.00332225913621262	0	0	0	0	0	0	0	0	0	0	0.137313432835821	0	0	0	0	0	0.00824175824175824	1	0	0	0	0.00425531914893617	0	0	0	0	0	0	0	0	1	324.18
SRR5353542	1	0	0	0	0	0	0	0	0	0	0.0303030303030303	0	0	0	0	0	0	0	0	0	0	0	0	0	1	0	0	0	0	0	0	0	0.0116279069767442	0	0	0	0	0	0	0	0	0	0	0	0	0	1	0	0	0.172131147540984	0	0	0	0	0	0	0	0	0	1	75.07
SRR5353543	1	0	0	0	0	0	0	0	0	0	0	0	0	0	0	0	0	0	0	0	0	0.135714285714286	0	0	1	0	0.225165562913907	0	0	0	0	0	0	0.439252336448598	0	0.303030303030303	0	0	0	0	0	0	0.015748031496063	0	0.00704225352112676	0	1	0	0	0	0	0	0	0	0	0	0	0	0	1	129.91
SRR5353544	1	0	0	0	0	0	0	0	0	0	0	0	0	0	0	0	0	0.5	0	0	0	0	0	0	1	0	0	0	0	0	0	0	0	0	0	0	0	0	0	0	0	0	0	0	0.5	0	1	0	0	0	0	0	0	0	0	0	0	0	0	1	5.34
SRR5353545	1	0	0	0	0	0	0	0	0	0	0	0	0	0	0	0.235955056179775	0	0	0	0	0	0	0	0.0333333333333333	1	0	0	0	0	0	0	0	0	0	0	0	0	0	0	0	0	0	0	0	0	0.0161290322580645	1	0	0	0	0.0416666666666667	0	0	0	0	0	0	0	0	0.978723404255319	69.13
SRR5353546	1	0	0	0	0	0	0	0	0	0	0	0	0	0	0	0	0	0	0	0	0	0	0	0	1	0	0	0	0	0	0	0	0	0.02	0	0	0	0	0	0	0	0	0	0	0	0	1	0	0	0	0.0142857142857143	0	0	0	0	0	0	0	0	0.970588235294118	47.96
SRR5353547	1	0	0	0	0	0	0	0	0	0	0	0	0	0	0.157407407407407	0	0	0	0	0	0	0	0	0	1	0	0	0	0	0	0	0	0	0.0158730158730159	0	0	0	0	0	0	0	0	0	0	0.012987012987013	0	0.972972972972973	0	0	0	0	0	0	0	0	0	0	0	0	1	76.23
SRR5353548	1	0.0188679245283019	0	0	0	0	0	0	0	0	0	0	0	0.0833333333333333	0	0	0	0	0	0	0	0	0	0.0434782608695652	1	0	0	0	0	0	0	0	0	0	0	0	0	0	0	0.0131578947368421	0	0	0	0	0	0	1	0	0	0	0	0	0	0	0	0	0	0	0	1	71.49
SRR5353549	1	0	0	0	0	0	0	0	0	0	0	0	0	0	0	0	0	0	0	0	0	0	0	0	1	0	0	0	0	0	0	0	0	0	0	0	0	0	0	0	0	0	0	0	0	0	1	0	0	0	0	0	0	0	0	0	0	0	0	1	22.55
SRR5353550	1	0	0	0	0	0	0	0	0	0.110769230769231	0	0	0	0	0	0	0	0	0	0	0	0	0	0.26271186440678	1	0	0	0	0	0	0.0036231884057971	0	0.00240384615384615	0	0.184100418410042	0	0	0	0	0	0	0.159806295399516	0	0	0	0	1	0	0	0	0	0	0	0	0	0	0	0	0	0.995495495495496	324.32
SRR5353551	1	0	0	0	0	0	0	0	0.00884955752212389	0	0	0	0	0.662650602409639	0	0	0	0	0	0	0	0	0	0.032258064516129	1	0	0	0	0	0	0	0	0	0	0	0	0	0	0	0	0	0	0	0	0	0	0.981132075471698	0	0	0	0	0	0	0	0	0	0	0	0	1	82.24
SRR5353552	1	0	0.319587628865979	0	0	0	0	0	0	0	0	0	0	0	0	0	0	0	0	0	0	0	0	0.388888888888889	1	0	0	0	0	0	0	0	0	0	0	0	0	0	0	0	0	0	0	0	0	0	1	0	0	0	0	0	0	0	0	0	0	0	0	1	80.73
SRR5353553	1	0	0	0	0	0	0.166212534059946	0	0	0	0	0	0	0	0	0	0	0	0	0	0	0	0	0.655737704918033	1	0	0	0	0	0	0	0	0	0	0.00229885057471264	0	0	0	0	0	0	0	0	0	0.00353356890459364	0	0.995412844036697	0	0	0	0	0	0	0	0	0.0529411764705882	0	0	0	0.988888888888889	279.8
SRR5353554	1	0	0	0	0	0	0	0	0	0	0	0	0	0	0	0	0	0	0	0	0	0	0	0	1	0	0	0	0	0	0	0	0	0	0	0	0	0	0	0	0	0	0	0	0	0	0.956521739130435	0.0142857142857143	0	0	0	0	0	0	0	0	0	0	0	1	66.05
SRR5353555	1	0	0	0	0.0227272727272727	0	0	0	0	0	0	0	0	0	0	0	0	0	0	0	0	0	0	0	1	0	0	0	0	0	0	0	0	0	0	0	0	0	0	0	0	0	0	0	0	0	1	0	0	0	0	0	0	0	0	0	0	0	0	1	46.38
SRR5353556	1	0	0	0	0	0	0	0	0	0	0	0	0	0	0	0	0	0	0	0	0	0	0	0	1	0	0	0	0	0	0	0	0	0	0	0	0	0	0	0	0	0	0	0	0	0	1	0	0	0	0	0	0	0	0	0	0	0	0	1	24.1
SRR5353557	1	0	0	0.00840336134453781	0	0	0	0	0	0	0	0	0	0.0277777777777778	0	0	0	0	0	0	0	0	0	0.805555555555556	1	0	0	0	0	0	0	0	0	0	0	0	0	0	0	0	0	0	0	0	0	0	1	0	0	0	0	0	0	0	0	0	0	0	0	1	109.8
SRR5353558	1	0	0	0	0	0	0	0	0	0	0	0	0	0	0	0	0	0	0	0	0	0	0	0.0869565217391304	1	0	0	0	0	0	0	0	0	0	0	0	0	0.148148148148148	0	0	0	0	0	0	0	0	1	0	0.00714285714285714	0	0	0	0	0	0	0	0	0	0	1	100.49
SRR5353559	1	0	0	0	0	0	0	0	0	0	0	0	0	0	0	0	0	0	0.181818181818182	0	0	0	0	0.0126582278481013	1	0	0	0	0	0	0	0	0	0	0	0	0	0	0.267123287671233	0	0	0	0	0	0	0	0.993421052631579	0	0	0	0	0	0	0	0	0	0	0	0	1	169.05
SRR5353560	1	0	0	0	0	0	0	0	0	0	0	0	0	0	0	0	0	0	0	0	0	0	0	0	1	0	0	0	0	0	0	0	0.00757575757575758	0	0	0	0	0	0	0	0	0	0	0	0	0	1	0	0	0	0	0.196319018404908	0	0	0	0.0379746835443038	0	0	0	1	114.42
SRR5353561	1	0	0	0	0	0	0	0	0	0	0	0	0	0	0	0	0	0	0	0	0	0	0	0	1	0	0	0	0	0	0	0	0	0	0	0	0	0	0	0	0	0	0	0	0	0	0.976190476190476	0	0	0	0	0	0	0	0	0	0	0	0	1	57.86
SRR5353562	1	0	0	0.185840707964602	0	0	0	0	0	0	0	0	0	0.062015503875969	0	0	0	0	0	0	0	0	0	0	1	0	0	0	0	0	0	0	0	0	0	0	0	0	0	0.00675675675675676	0	0	0	0	0	0	1	0.218543046357616	0	0	0	0	0	0	0	0.0246913580246914	0	0	0	0.988235294117647	122.46
SRR5353563	1	0	0	0	0	0	0	0	0	0	0	0	0	0	0	0	0	0	0	0	0	0	0	0	1	0	0	0	0	0	0	0	0	0	0	0	0	0	0	0	0	0	0	0	0	0	1	0	0.00694444444444444	0	0	0	0	0	0	0	0	0	0	1	202.78
SRR5353564	1	0	0	0	0	0	0	0	0.0100502512562814	0	0	0	0	0	0	0	0	0	0	0	0	0	0	0.0149253731343284	1	0	0	0	0	0	0	0	0	0.00657894736842105	0	0	0	0	0	0	0	0	0	0	0	0	1	0	0.0197628458498024	0	0	0.241860465116279	0	0	0	0	0	0	0	0.989795918367347	157.79
SRR5353565	0.99812734082397	0	0	0	0	0	0	0	0	0	0	0	0	0.0189504373177843	0	0	0	0	0	0	0	0	0.125423728813559	0.184210526315789	1	0	0	0	0	0	0	0	0	0	0	0	0.00135135135135135	0	0	0.00287769784172662	0	0	0	0	0	0.00290275761973875	0.997907949790795	0	0.00133333333333333	0.00221483942414175	0	0	0	0	0	0	0	0	0	0.991285403050109	615.31
SRR5353566	1	0	0	0	0	0	0	0	0	0	0	0	0	0	0	0	0	0	0	0	0	0	0	0	1	0	0	0	0	0	0	0	0.00485436893203883	0	0	0	0	0	0	0	0	0	0	0	0	0	1	0	0	0	0	0.0043859649122807	0	0	0	0	0	0	0	1	156.1
SRR5353567	1	0	0	0	0.00515463917525773	0	0	0	0.00384615384615385	0	0	0	0	0	0	0	0	0	0	0	0	0	0	0	1	0	0	0	0	0	0	0	0	0	0.00444444444444444	0	0	0	0	0	0	0	0	0	0	0	1	0	0.00383141762452107	0	0	0	0	0.399103139013453	0	0.00952380952380952	0	0	0	1	179.64
SRR5353568	1	0	0	0	0.015625	0	0	0	0	0	0	0	0	0	0	0	0	0	0	0	0	0	0	0.0625	1	0	0	0	0	0	0	0	0.012987012987013	0	0	0	0	0	0	0	0	0	0	0	0	0	0.981818181818182	0	0	0	0	0	0	0	0	0.02	0	0	0	0.980769230769231	77.12
