cells	chrMT:73:A/G	chrMT:204:T/C	chrMT:497:C/T	chrMT:642:T/C	chrMT:865:A/G	chrMT:1217:G/A	chrMT:1438:A/G	chrMT:1456:T/C	chrMT:1811:A/G	chrMT:1958:G/A	chrMT:2473:A/G	chrMT:2576:A/G	chrMT:2706:A/G	chrMT:2734:A/C	chrMT:3003:A/G	chrMT:3387:T/C	chrMT:3715:G/A	chrMT:4640:C/T	chrMT:4688:T/C	chrMT:5140:G/A	chrMT:5258:A/G	chrMT:5311:T/C	chrMT:5539:A/G	chrMT:5628:T/C	chrMT:5925:T/C	chrMT:5967:T/C	chrMT:7021:T/C	chrMT:8060:G/A	chrMT:8533:G/A	chrMT:8744:T/C	chrMT:9010:G/A	chrMT:9663:G/A	chrMT:9673:G/A	chrMT:9877:T/C	chrMT:9925:G/A	chrMT:10120:C/T	chrMT:10393:A/G	chrMT:10550:A/G	chrMT:11391:G/A	chrMT:11439:G/A	chrMT:11485:T/C	chrMT:11840:C/T	chrMT:11878:T/C	chrMT:11982:T/C	chrMT:12129:T/C	chrMT:12136:T/C	chrMT:12242:A/C	chrMT:12257:G/A	chrMT:12372:G/A	chrMT:12733:A/G	chrMT:12880:T/C	chrMT:13062:A/G	chrMT:13145:G/C	chrMT:13269:A/G	chrMT:13487:C/T	chrMT:13931:T/C	chrMT:13975:A/G	chrMT:14430:A/G	chrMT:14566:A/G	chrMT:14766:C/T	chrMT:14847:G/A	chrMT:15266:A/T	chrMT:15613:A/G	chrMT:16129:G/A	chrMT:16172:T/C	chrMT:16293:A/G	chrMT:16497:A/G	depth
SRR5353665	1	0	1	0	0	0	1	0	1	0	0	0	1	0	0	0	0	0	0	0.137931034482759	0	0	0	0	0	0	0	0	0	0	0	0	0	0	0	0	0	1	0	0	1	1	0	0	0	0	0	0	1	0	0	0	0	0	0	0	0	0	0	1	0	0	0	0	0	0	0	33.87
SRR5353666	1	0	0.990740740740741	0	0	0	1	0	1	0	0	0	1	0	0	0	0	0	0	0.0254777070063694	0	0	0	0	0	0	0	0	0	0	0	0	0	0	0	0	0	1	0	0.340314136125654	1	1	0	0	0	0	0	0	1	0	0	0	0	0	0	0	0	0	0	1	0	0	0	0	0	0	0	124.77
SRR5353667	1	0	1	0.433734939759036	0	0	1	0	1	0	0	0	1	0	0	0	0	0	0	0.0705882352941176	0	0	0	0	0	0	0	0	0	0	0	0	0.195652173913043	0	0	0	0	1	0.00806451612903226	0	1	1	0	0	0	0	0	0	1	0	0	0	0	0	0	0	0	0	0	1	0.0163934426229508	0	0	0	0	0	0	95.56
SRR5353668	1	0	1	0.451219512195122	0	0	1	0	1	0	0	0	1	0	0	0	0	0	0	0.00537634408602151	0	0	0	0	0	0	0	0	0	0	0	0	0	0	0	0	0	1	0.00966183574879227	0	1	1	0	0	0	0	0	0	1	0	0	0	0	0	0.00423728813559322	0	0	0	0	1	0.383561643835616	0	0	0	0	0.0103626943005181	0.00598802395209581	173.35
SRR5353669	1	0	0.991379310344828	0.49	0	0	1	0	1	0	0	0	1	0	0	0	0	0	0	0	0	0	0	0	0	0	0	0	0	0	0	0	0	0	0	0	0	1	0.00617283950617284	0	1	1	0	0	0	0	0	0	1	0	0	0	0	0	0.00813008130081301	0	0	0	0	1	0	0	0	0	0	0	0	109.04
SRR5353670	1	0.0555555555555556	1	0	0	0	1	0	1	0	0	0	1	0	0	0	0	0	0	0	0	0	0	0	0	0	0	0	0	0	0	0	0	0	0	0	0	1	0	0	1	1	0	0	0	0	0	0.0294117647058824	1	0	0	0	0	0	0.0212765957446809	0	0	0	0	1	0	0	0	0	0	0	0	40.81
SRR5353671	1	0	1	0	0	0	1	0	1	0	0	0	1	0	0	0	0	0	0	0	0	0	0	0	0	0	0	0	0	0	0	0	0	0	0	0	0	1	0	0	1	1	0	0	0	0	0	0	1	0	0	0	0	0	0	0	0	0	0	1	0	0	0	0	0	0	0	5.7
SRR5353672	1	0	1	0.5	0	0	1	0	1	0	0	0	1	0	0	0	0	0	0	0.25	0	0	0	0	0	0	0	0	0	0	0	0	0	0	0	0	0	1	0	0	1	0	0	0	0	0	0	0	1	0	0	0	0	0	0.166666666666667	0	0	0	0	1	0	0	0	0	0	0	0	2.37
SRR5353673	1	0	1	0	0	0	1	0	1	0	0	0	1	0	0	0	0	0	0	0	0	0	0	0	0	0	0	0	0	0	0	0	0	0	0	0	0	1	0	0	1	1	0	0	0	0	0	0	1	0	0	0	0	0	0	0	0	0	0	1	0	0	0	0	0	0	0	3.54
SRR5353674	1	0	1	0	0	0	1	0	1	0	0	0	1	0	0	0	0	0	0	0	0	0	0	0	0	0	0	0	0	0	0	0	0	0.125	0	0	0	1	0	0	1	1	0	0	0.56043956043956	0.119565217391304	0	0	1	0	0	0	0	0	0.0138888888888889	0	0	0	0	1	0	0	0	0	0	0	0	72.53
SRR5353675	1	0.964705882352941	1	0	0	0	1	0	1	0	0	0	1	0	0	0	0	0	0	0	0	0	0	0	0	0	0	0	0	0	0	0	0	0	0	0	0	1	0	0	1	1	0	0	0	0	0	0	1	0	0	0	0	0	0	0	0	0	0	1	0	0	0	0	0	0.00704225352112676	0	144.18
SRR5353676	1	0	1	0	0	0	1	0	1	0	0	0	1	0	0	0	0	0	0	0	0	0	0	0	0	0	0	0	0	0	0	0	0	0	0	0	0	1	0	0	1	1	0	0	0	0	0	0	1	0.166666666666667	0	0	0	0	0	0	0	0	0	1	0	0	0	0	0	0	0	5.58
SRR5353677	0.989473684210526	0	1	0	0	0	1	0	1	0	0	0.716049382716049	1	0	0	0	0	0	0	0	0	0	0	0	0	0	0	0	0	0.01	0	0	0	0	0	0	0	1	0	0	0.993197278911565	1	0	0	0	0	0	0	1	0	0	0	0.730061349693252	0	0.00546448087431694	0	0	0	0	1	0	0.149068322981366	0	0	0	0	0	135.91
SRR5353678	1	0	0.99	0	0	0	1	0.010989010989011	1	0	0	0	1	0	0	0	0	0	0	0	0	0	0	0	0	0	0	0	0	0	0	0	0	0	0	0	0	1	0	0	1	1	0	0	0	0	0	0	1	0	0	0	0	0	0.0315789473684211	0	0	0	0	1	0	0	0	0	0	0	0	106.95
SRR5353679	1	0	1	0	0	0	1	0	1	0	0	0	1	0	0	0	0	0	0	0.00602409638554217	0	0	0	0	0	1	0	0	0	0	0	0	0	0	0	0	0	1	0	0	1	1	0	0	0	0	0	0	1	0	0	0	0	0	0	0	0	0	0	1	0	0	0	0	0	0	0	147.27
SRR5353680	1	0	1	0	0.108108108108108	0	1	0	1	0	0	0	1	0	0	0	0	0	0	0	0	0	0	0	0.7	0	0	0	0	0	0	0	0	0	0	0	0	1	0	0	1	1	0	0	0	0	0	0	1	0	0	0	0	0.257142857142857	0.214285714285714	0	0	0	0	1	0	0	0	0	0	0	0	28.4
SRR5353681	1	0	0.98989898989899	0	0	0	1	0.0151515151515152	1	0	0	0	1	0	0	0	0	0	0	0	0	0	0	0	0	0	0	0	0	0	0	0	0	0	0	0	0	1	0.00854700854700855	0	1	1	0	0	0	0	0	0	1	0	0.0136054421768707	0	0	0	0	0	0	0	0	1	0	0	0	0.0142857142857143	0	0	0	97.05
SRR5353682	1	0	1	0.142857142857143	0	0	1	0	1	0	0	0	1	0	0	0	0	0	0	0	0	0	0	0	0.5	0	0	0	0	0	0	0	0	0	0	0	0	1	0	0	1	1	0	0	0	0	0	0	1	0	0	0	0	0	0	0	0	0	0	1	0	0	0	0	0	0.2	0	6.07
SRR5353683	1	0	1	0	0	0	1	0	1	0	0	0	1	0	0	0.25	0	0	0	0	0	0	0	0	0.5	0	0	0.272727272727273	0	0	0	0	0	0	0	0	0	1	0	0	1	1	0	0	0	0	0	0	1	0	0	0	0	0	0	0	0	0	0	1	0	0	0	0	0	0	0	9.41
SRR5353684	1	0	1	0	0	0	1	0	1	0	0	0	1	0	0	0.0151515151515152	0	0	0	0	0	0	0	0	0.024390243902439	0	0	0	0	0	0	0	0	0	0	0	0	1	0.004739336492891	0	1	1	0	0	0	0	0	0	1	0	0	0	0	0	0.00943396226415094	0	0	0	0	1	0	0	0	0	0	0	0	184.77
SRR5353685	1	0	0.990476190476191	0	0	0	1	0	1	0	0	0	1	0	0	0.00743494423791822	0	0	0	0.985507246376812	0	0	0	0	0	0	0	0	0	0	0	0	0	0	0	0	0	1	0	0	1	1	0	0	0	0	0	0.00485436893203883	1	0	0	0	0	0	0	0	0	0	0	1	0	0	0	0	0	0	0	200.59
SRR5353686	1	0	0.979591836734694	0	0	0	1	0	1	0	0	0	1	0	0	0	0	0	0	0	0	0	0	0	0	0	0	0	0	0	0	0	0	0	0	0	0	1	0	0	1	1	0	0	0	0	0	0	1	0.01	0	0	0	0	0	0	0	0	0	1	0	0	0	0	0	0	0	101.35
SRR5353687	1	0	1	0	0	0	1	0	1	0	0	0	1	0	0	0	0	0	0	0	0.220338983050847	0.00632911392405063	0	0.264150943396226	0.0333333333333333	0	0	0	0	0	0	0.00943396226415094	0	0	0	0	0	1	0	0	1	1	0.993288590604027	0	0	0	0	0	1	0.00769230769230769	0	0	0	0	0	0	0	0	0	1	0	0	0	0	0	0	0	143.69
SRR5353688	1	0	1	0	0	0	1	0	1	0	0	0	1	0	0	0	0	0	0	0	0	0	0	0	0.166666666666667	0	0	0	0	0	0	0	0	0	0	0	0	1	0	0	1	1	0	0	0	0	0	0	1	0	0	0	0	0	0	0	0	0	0	1	0	0	0	0	0	0	0	27.5
SRR5353689	1	0	1	0	0	0	1	0	1	0	0	0	1	0	0	0	0	0	0	0	0	0	0	0	0	0	0	0	0	0.366666666666667	0	0	0	0	0	0	0	1	0	0	1	1	0	0	0	0	0	0.00763358778625954	1	0	0	0	0	0	0	0	0	0	0	0.990740740740741	0	0	0	0	0	0	0	141.25
SRR5353690	1	0	0.9921875	0	0	0	1	0	1	0	0	0	1	0	0	0	0	0	0	0	0	0	0	0	0.025	0	0	0	0	0	0	0	0	0	0.00714285714285714	0	0	1	0	0	1	1	0	0	0	0	0	0	1	0	0	0	0	0	0	0	0	0	0.565217391304348	1	0	0	0	0	0	0	0	122.3
SRR5353691	1	0	1	0	0	0	1	0	1	0	0	0	1	0	0	0.25	0	0	0	0	0	0	0	0	1	0	0	0	0	0	0	0	0	0	0	0	0	1	0	0	1	1	0	0	0	0	0	0	1	0	0	0	0	0	0	0	0	0	0	1	0	0	0	0	0	0	0	4.31
SRR5353692	1	0	0.996610169491525	0.221428571428571	0	0	1	0	1	0	0	0	1	0	0	0	0	0	0	0	0	0	0	0	0	0	0	0	0	0	0	0	0	0	0	0	0	1	0	0	1	1	0	0	0	0	0	0	1	0	0	0	0	0	0	0	0	0	0	1	0	0	0	0	0	0	0	283.55
SRR5353693	1	0	1	0	0	0	1	0	1	0	0	0	1	0	0	0	0	0	0	0	0	0	0	0	0	0	0	0	0	0	0	0	0	0	0	0	0	1	0	0	1	1	0	0	0	0	0	0	1	0	0	0	0	0	0	0	0	0	0	1	0	0	0	0	0	0.518867924528302	0	125.81
SRR5353694	1	0	0.994186046511628	0	0	0	1	0	1	0	0	0	1	0	0	0	0	0	0	0	0	0	0	0	0	0	0	0	0	0	0	0.268115942028986	0	0	0	0	0	1	0	0	1	1	0	0	0	0	0	0	1	0	0	0	0	0	0	0	0	0	0	0.992957746478873	0	0	0	0	0	0	0	184.14
SRR5353695	1	0	1	0.0121951219512195	0	0	1	0	1	0	0	0	1	0	0	0	0.302631578947368	0	0	0	0	0	0	0	0	0	0	0	0	0	0.530612244897959	0	0	0	0	0	0	1	0	0	1	1	0	0	0	0	0	0.015625	1	0	0	0	0	0	0	0	0	0	0	1	0	0	0	0	0	0	0	77.51
SRR5353696	1	0	1	0.00427350427350427	0.114583333333333	0	1	0.116822429906542	1	0	0	0	1	0	0	0.128865979381443	0	0	0	0	0	0	0	0	0.5	0	0	0	0	0	0	0	0	0	0	0	0	1	0.00276243093922652	0	1	1	0	0	0	0	0	0	0.996478873239437	0	0	0	0	0	0.102167182662539	0	0	0	0	1	0	0	0	0	0	0	0	271.29
SRR5353697	1	0	1	0.00925925925925926	0	0	1	0	1	0	0	0	0.992753623188406	0	0	0	0	0	0	0	0	0	0	0	0.0555555555555556	0	0	0	0	0	0	0	0	0	0	0	0	1	0	0	1	1	0	0	0	0	0	0	1	0	0	0	0	0	0	0	0	0	0	1	0	0	0	0	0	0	0	103.07
SRR5353698	1	0	0.991379310344828	0	0	0	1	0	1	0	0	0	1	0	0	0	0	0	0	0	0	0	0	0	0	0	0	0	0	0	0	0	0	0	0	0	0	1	0	0	1	1	0	0	0	0	0	0	1	0	0	0	0	0	0.0101010101010101	0	0	0	0	1	0	0	0	0	0	0	0	96.88
SRR5353699	1	0	1	0	0	0	1	0	1	0	0	0	1	0	0	0	0	0	0	0	0	0.00662251655629139	0	0	0	0	0	0	0	0	0.00925925925925926	0	0	0	0.00588235294117647	0	0	1	0	0	1	0.995594713656388	0	0	0	0	0	0	1	0	0	0	0	0	0	0	0	0	0	1	0	0	0	0	0	0	0	144.77
SRR5353700	1	0	1	0	0.0192307692307692	0	1	0	1	0	0	0	1	0	0	0	0	0	0	0	0	0	0	0	1	0	0	0	0	0	0	0	0	0	0	0	0	1	0	0	1	1	0	0	0	0	0	0	1	0	0	0	0	0	0.459459459459459	0	0	0	0	0.974358974358974	0	0	0	0	0	0	0	60.82
SRR5353701	1	0	1	0.802631578947368	0	0	1	0	1	0	0	0	1	0	0	0	0	0	0	0	0	0	0	0	0	0	0	0	0	0	0	0	0	0	0	0	0	1	0	0	1	1	0	0	0	0	0	0	1	0	0	0	0	0	0	0	0	0	0	1	0	0	0	0	0	0	0	113.8
SRR5353702	1	0	0.981651376146789	0.00483091787439614	0	0	1	0	1	0	0	0	1	0	0	0	0	0	0	0	0	0	0	0	0	0	0.156626506024096	0	0	0	0.00613496932515337	0	0	0	0.0239234449760766	0	0	1	0	0	1	1	0	0	0	0	0.111587982832618	0	1	0.0112359550561798	0	0	0	0	0	0	0	0	0	1	0	0	0	0	0	0	0	210.63
SRR5353703	1	0	1	0.0205479452054795	0	0.515151515151515	1	0	1	0	0	0	1	0	0	0	0	0	0	0	0	0	0	0	0	0	0	0	0	0	0	0	0	0	0.00952380952380952	0	0	1	0	0	1	1	0	0	0	0	0	0	1	0	0	0	0	0	0	0	0	0	0	1	0	0	0	0	0	0	0	159.28
SRR5353704	1	0.00769230769230769	0.994011976047904	0	0	0	1	0	1	0.431654676258993	0	0	1	0	0	0	0	0	0	0	0	0	0	0	0	0	0	0	0	0	0	0	0	0	0	0	0	1	0	0	1	1	0	0	0	0	0	0	1	0	0	0	0	0	0	0.0103092783505155	0	0	0	1	0	0	0	0	0	0	0	174.49
SRR5353705	0.993788819875776	0	1	0.00869565217391304	0	0	1	0	1	0	0	0	1	0	0	0	0	0	0	0	0	0	0	0	0	0	0	0	0	0	0	0	0	0	0	0	0	1	0	0	1	1	0	0	0	0	0.00434782608695652	0.144859813084112	1	0.415	0	0	0	0	0	0	0	0	0	1	0	0	0	0	0	0	0	218.16
SRR5353706	1	0	0.995073891625616	0	0	0	1	0	1	0	0	0	1	0	0	0	0	0	0.101694915254237	0	0	0	0.00523560209424084	0	0	0	0	0	0	0	0	0	0	0	0	0	0	1	0	0	1	1	0	0	0	0	0	0	1	0	0	0	0	0	0	0	0	0	0	1	0	0	0	0	0	0	0	168.62
SRR5353707	1	0	1	0.0350877192982456	0	0	1	0	1	0	0	0	1	0	0	0	0	0	0	0	0	0	0	0	0	0	0	0	0	0	0	0	0	0	0	0	0	1	0	0	1	1	0	0	0	0	0	0	1	0	0	0	0	0	0	0	0	0	0	1	0	0	0	0	0	0	0	125.88
SRR5353708	1	0	1	0.6875	0	0	1	0	1	0	0	0	0.994949494949495	0	0	0	0	0	0	0	0	0	0	0	0	0	0	0	0	0	0	0	0	0	0.769230769230769	0	0	1	0	0	1	1	0	0	0	0	0	0	1	0.154929577464789	0	0	0	0	0	0	0	0	0	1	0	0	0	0	0	0	0	159.86
SRR5353709	1	0	1	0.2	0	0	1	0	1	0	0	0	1	0	0	0	0	0	0	0	0	0	0	0	0	0	0	0	0	0	0	0	0	0	0.214285714285714	0	0	1	0	0	1	1	0	0	0	0	0	0	1	0.0909090909090909	0	0	0	0	0	0	0	0	0	1	0	0	0	0	0	0	0	15.48
SRR5353710	1	0	1	0	0	0	1	0	1	0	0	0	1	0	0	0	0	0	0.125	0	0	0	0	0	0.25	0	0	0	0	0	0	0	0	0	0.0714285714285714	0	0	1	0	0	1	1	0	0	0	0	0	0	1	0	0	0	0	0	0	0	0	0	0	1	0	0	0	0	0	0	0	11.71
SRR5353711	1	0.0112359550561798	1	0.650485436893204	0	0	1	0	1	0	0	0	1	0	0	0	0	0	0	0	0	0.00806451612903226	0	0	0	0	0	0	0	0	0	0	0	0	0	0	0	1	0	0	1	0.995192307692308	0	0	0	0	0	0	1	0	0	0	0	0	0	0	0	0	0	1	0	0	0	0	0	0	0.346774193548387	133.24
SRR5353712	1	0	1	0	0	0	1	0	1	0	0.485714285714286	0	1	0	0	0	0	0	0	0	0	0	0	0	0	0	0	0	0	0	0	0	0	0	0	0	0	1	0	0	1	1	0	0	0	0	0	0	1	0	0	0	0	0	0	0	0	0	0	0.983606557377049	0	0	0	0	0	0	0	94.18
SRR5353713	1	0	1	0.0172413793103448	0	0	1	0	1	0	0	0	1	0	0	0	0	0	0	0	0	0	0	0	0	0	0	0	0	0	0	0	0	0	0	0	0	1	0	0	1	1	0	0	0	0	0	0	1	0	0	0	0	0	0	0	0	0	0	1	0	0	0	0	0	0	0	131.88
SRR5353714	1	0	0.995594713656388	0.0050761421319797	0	0	1	0	1	0	0	0	1	0	0	0	0	0	0	0	0	0	0	0	0	0	0	0	0	0	0	0	0	0	0	0	0	1	0.00380228136882129	0	1	1	0	0	0	0	0	0	1	0	0	0	0	0	0	0	0	0	0	1	0	0	0	0	0	0	0	211.53
SRR5353715	1	0	0.995305164319249	0	0	0	1	0	1	0	0	0	1	0	0	0	0	0	0	0	0	0	0	0	0	0	0	0	0	0	0	0	0	0	0.00429184549356223	0	0	1	0	0	1	1	0	0	0	0	0	0	0.995348837209302	0	0	0	0	0	0	0	0	0	0	1	0	0	0	0	0	0	0	222.23
SRR5353716	1	0	0.99009900990099	0	0	0	1	0	1	0	0	0	1	0	0.323943661971831	0	0	0	0	0	0	0	0	0	0	0	0	0	0	0	0	0	0	0	0	0	0	1	0.0136054421768707	0	1	0.995215311004785	0	0	0	0	0	0	1	0.00813008130081301	0	0	0	0	0	0	0	0	0	1	0	0	0	0	0	0	0	122.75
SRR5353717	1	0	1	0	0	0	1	0	1	0	0	0	1	0	0	0	0	0	0	0	0	0	0	0	0	0	0	0	0	0	0	0	0	0	0	0	0	1	0	0	1	0.981651376146789	0	0.952941176470588	0	0	0	0	1	0	0	0	0	0	0	0	0	0	0	1	0	0	0	0	0	0	0	79
SRR5353718	1	0	1	0	0	0	1	0	1	0	0	0	0	0	0	0	0	0	0	0	0	0	0	0	0	0	0	0	0	0	0	0	0	0	0	0	0	0	0	0	0	0	0	0	0	0	0	0	1	0	0	0	0	0	0.5	0	0	0	0	0	0	0	0	1	0	0	0	2.05
SRR5353719	1	0	1	0	0	0	1	0	1	0	0	0	1	0	0	0	0	0	0	0	0	0	0	0	0	0	0	0	0	0	0	0	0	0	0.0555555555555556	0	0	1	0	0	0.866666666666667	1	0	0	0	0	0	0	1	0	0	0	0	0	0	0	0	0	0	1	0	0	0	0	0	0	0	12.38
SRR5353720	1	0	1	0	0	0	1	0	1	0	0	0	1	0	0	0	0	0	0	0	0	0	0	0.0188679245283019	0	0	0	0	0	0	0	0	0	0	0	0	0	1	0	0	1	1	0	0	0	0	0	0	1	0	0	0	0	0	0	0	0	0	0	1	0	0	0	0	0	0	0	196.14
SRR5353721	1	0	1	0	0	0	1	0	1	0	0	0	1	0	0	0	0	0	0	0	0	0.0133333333333333	0	0	0	0	0	0	0	0	0	0	0	0	0.0151515151515152	0	0	1	0	0	1	1	0	0	0	0	0	0.0142857142857143	1	0.0612244897959184	0	0	0	0	0	0	0	0	0	1	0	0	0	0	0	0	0	78.84
SRR5353722	1	0	1	0	0	0	1	0	1	0	0	0	1	0	0	0	0	0	0	0	0	0	0	0	0	0	0	0	0	0	0	0	0	0	0	0.0119047619047619	0	1	0	0	1	1	0	0	0	0	0	0	1	0	0	0	0	0	0.010989010989011	0	0	0	0	1	0	0	0	0.645833333333333	0	0	0	87.18
SRR5353723	1	0	1	0	0	0	1	0	1	0	0	0	1	0.13986013986014	0	0	0	0	0	0	0	0	0	0	0	0	0	0	0.968253968253968	0	0	0	0	0	0	0	0.982142857142857	1	0	0	1	1	0	0	0	0	0	0	1	0	0	0	0	0	0	0	0	0	0	1	0	0	0	0	0	0	0	132.96
SRR5353724	1	0	1	0	0	0	1	0	1	0	0	0	1	0	0	0	0	0	0	0	0	0.282442748091603	0	0	1	0	0	0	0	0	0	0	0	0	0	0	0	1	0.322404371584699	0	1	1	0	0	0	0	0	0	1	0	0.00425531914893617	0	0	0	0.204819277108434	0	0	0	0	1	0	0.00584795321637427	0	0	0	0	0	150.5
SRR5353725	1	0	0.991666666666667	0	0	0	1	0	1	0	0	0	1	0	0	0	0	0	0	0	0	0	0.985507246376812	0	0.0303030303030303	0	0	0	0	0	0	0	0	0	0	0	0	1	0	0.0114942528735632	1	1	0	0	0	0	0	0	1	0	0	0	0	0	0	0	0	0	0	1	0	0	0	0	0.351351351351351	0	0	133.31
SRR5353726	1	0	1	0	0	0	1	0	1	0	0	0	1	0	0	0	0	0	0	0	0	0	0.142857142857143	0	0	0	0	0	0	0	0	0	0	0	0	0	0	1	0	0	1	1	0	0	0	0	0	0	1	0	0	0.125	0	0	0	0	0	0	0	1	0	0	0	0.5	0	0	0	5.11
SRR5353727	1	0	1	0	0	0	1	0	1	0	0	0	0.994565217391304	0	0	0	0	0	0	0	0	0	0	0	0	0	0	0	0	0	0	0	0	0	0.00374531835205993	0	0	1	0	0	1	1	0	0	0.00813008130081301	0	0	0	1	0.00591715976331361	0	0.124401913875598	0	0	0	0	0	0	0	1	0	0	0	0	0	0	0	178.81
SRR5353728	1	0	1	0.0567685589519651	0	0	1	0	1	0	0	0	1	0	0	0	0	0	0	0	0	0	0	0	0	0	0	0	0	0	0	0	0.00699300699300699	0	0	0	0	1	0	0	1	1	0	0	0	0	0	0	1	0.873684210526316	0	0	0	0	0.00711743772241993	0	0	0	0	1	0	0	0	0	0	0	0	210.31
SRR5353729	1	0	1	0	0	0	1	0	1	0	0	0	1	0	0	0	0	0	0	0	0	0	0	0	0.0476190476190476	0	0	0	0	0	0	0	0	0	0	0	0	1	0	0	1	1	0	0	0	0	0	0	0.987341772151899	0	0	0	0	0	0	0	0	0	0	1	0	0	0	0	0	0.0116279069767442	0	79.17
SRR5353730	1	0	0.99390243902439	0	0	0	1	0	1	0	0	0	1	0	0	0	0	0	0	0	0	0	0	0	0	0	0	0	0.00497512437810945	0	0	0	0	0	0	0	0	1	0	0	1	1	0	0	0	0	0	0	1	0	0	0	0	0	0	0	0	0.00512820512820513	0	1	0	0	0	0.0648148148148148	0	0	0	186.84
SRR5353731	1	0	1	0	0	0	1	0	1	0	0	0	1	0	0	0	0	0	0	0	0	0	0	0	0.0344827586206897	0	0	0	0	0	0	0	0	0	0	0	0	1	0	0	1	0.991596638655462	0	0	0	0	0	0	1	0	0	0	0	0	0	0	0	0	0	1	0	0	0	0	0	0	0.00909090909090909	106.9
SRR5353732	1	0	1	0	0	0	1	0	1	0	0	0	1	0	0	0	0	0	0	0	0	0	0	0	0	0	0	0	0	0	0	0	0	0	0	0	0	1	0	0	1	1	0	0	0	0	0	0	1	0	0	0	0	0	0	0.131578947368421	0	0	0	1	0	0	0	0	0	0	0	141.76
SRR5353733	1	0.111111111111111	1	0	0	0	1	0	1	0	0	0	1	0	0	0	0	0	0	0	0	0	0	0	0	0	0	0	0	0	0	0	0	0	0	0	0	1	0	0	1	1	0	0	0	0	0	0	1	0	0	0	0	0	0	0	0	0	0	1	0	0	0	0	0	0	0.142857142857143	4.86
SRR5353734	1	0	0.992537313432836	0	0	0	1	0	1	0	0	0	1	0	0	0	0	0	0	0	0	0	0	0	0	0	0	0	0	0	0	0	0	0	0	0	0	1	0	0	1	1	0	0	0	0	0	0	1	0	0	0	0	0	0	0	0	0	0	1	0	0	0	0	0	0	0	118.72
SRR5353735	1	0	1	0.619047619047619	0	0	1	0	1	0	0	0	1	0	0	0	0	0	0	0	0	0	0	0	0	0	0	0	0	0	0	0	0	0	0	0	0	1	0	0	1	1	0	0	0	0.125	0	0	1	0	0	0	0	0	0	0	0	0	0	1	0	0	0	0	0	0	0	20.71
SRR5353736	1	0	1	0	0	0	1	0	1	0	0	0	1	0	0	0	0	0	0	0	0	0	0	0	0	0	0	0	0	0	0	0	0	0	0	0	0	1	0.00917431192660551	0	1	1	0	0	0	0	0	0	0.989473684210526	0	0	0	0	0	0	0	0	0	0	1	0	0	0	0	0	0	0	81.75
SRR5353737	1	0	0.993865030674847	0	0.58433734939759	0	1	0	1	0	0	0	1	0	0	0	0	0	0	0	0	0.00645161290322581	0	0	1	0	0	0	0	0	0	0	0	0	0	0	0	1	0	0	1	1	0	0	0	0	0	0	1	0	0	0	0	0	0.488505747126437	0	0.47093023255814	0	0	1	0	0	0.00520833333333333	0	0	0	0	153.77
SRR5353738	1	0	1	0	0	0	1	0	1	0	0	0	1	0	0	0	0	0	0	0	0	0	0	0	0	0	0	0	0	0	0	0	0	0	0	0	0	1	0	0	1	1	0	0	0	0	0	0	1	0	0	0	0	0	0	0	0	0	0	1	0	0	0	0	0	0	0	111.93
SRR5353739	1	0	1	0	0	0	1	0	1	0	0	0	1	0	0	0	0	0	0	0	0	0	0	0	0	0	0	0	0	0	0	0	0	0	0	0	0	1	0	0	1	1	0	0	0	0	0	0	1	0	0	0	0	0	0.285714285714286	0	0	0	0	1	0	0	0	0	0	0	0	2.93
SRR5353740	1	0	1	0	0	0	1	0	1	0	0	0	1	0	0	0	0	0	0	0	0	0	0	0	0	0	0	0	0	0	0	0	0	0	0	0	0	1	0.00465116279069767	0	1	1	0	0	0	0	0	0	1	0	0	0	0	0	0	0	0	0.0117647058823529	0	1	0	0	0	0	0	0	0	157.47
SRR5353741	1	0	1	0	0	0	1	0	1	0	0	0	1	0	0	0	0	0	0	0	0	0	0	0	0	0	0	0	0	0	0	0	0	0	0	0	0	1	0	0	1	1	0	0	0	0	0	0	1	0	0	0	0	0	0	0	0	0	0	1	0	0	0	0	0	0	0	22.73
SRR5353742	1	0	1	0.0666666666666667	0	0	1	0	1	0	0	0	1	0	0	0	0	0	0	0	0	0	0	0	0	0	0	0	0	0	0	0	0	0	0	0	0	1	0.0666666666666667	0	1	1	0	0	0	0	0	0	1	0	0	0	0	0	0	0	0	0	0	1	0	0	0	0	0	0	0	11.59
SRR5353743	1	0	1	0	0	0	1	0	1	0	0	0	1	0	0	0	0	0	0	0	0	0	0	0	0.971428571428571	0	0	0	0	0	0	0	0	0	0	0	0	1	0	0	1	1	0	0	0	0.0112994350282486	0	0	1	0	0	0	0	0	0.933333333333333	0	0	0	0	1	0	0	0	0	0	0	0	147.71
SRR5353744	1	0	0.996491228070175	0	0	0	1	0	1	0	0	0	1	0	0	0	0	0	0	0	0	0	0	0	0	0	0	0	0	0	0	0	0	0	0	0	0	1	0	0	1	1	0	0	0	0	0	0	1	0	0	0	0	0	0	0	0	0	0	1	0	0	0	0	0	0	0.00326797385620915	278.34
SRR5353745	1	0	1	0	0	0	1	0	1	0	0	0	1	0	0	0	0	0	0	0	0	0	0	0	0.5	0	0	0	0	0	0	0	0	0	0	0	0	1	0	0	1	1	0	0	0	0	0	0	1	0	0	0	0	0	0	0	0	0	0	1	0	0	0	0	0	0	0	4.76
SRR5353746	0.985815602836879	0	1	0	0	0	1	0	1	0	0	0	1	0	0	0	0	0	0	0	0	0	0	0	0	0	0	0	0	0	0	0	0	0	0	0	0	0.995515695067265	0.00446428571428571	0	1	1	0	0	0	0	0	0	1	0	0	0	0	0	0	0	0	0	0	1	0	0	0	0	0	0	0	177.82
SRR5353747	1	0	1	0	0	0	1	0	1	0	0	0	1	0	0	0	0	0	0	0	0	0	0	0	0	0	0	0	0	0	0	0	0	0	0	0	0	1	0	0	1	1	0	0	0	0	0	0	1	0.00925925925925926	0	0	0	0	0	0	0	0	0	1	0	0	0	0	0	0	0	120.67
SRR5353748	1	0	0	0	0	0	0	0	1	0	0	0	1	0	0	0	0	0	0	0	0	0	0	0	0	0	0	0	0	0	0	0	0	0	0	0	0	1	0	0	0	0	0	0	0	0	0	0	1	0	0	0	0	0	0	0	0	0	0	0	0	0	0	0	0	0	0	1.59
SRR5353749	1	0	0.993421052631579	0	0	0	1	0	1	0	0	0	1	0	0	0	0	0	0	0	0	0	0	0	0	0	0	0.00680272108843537	0	0	0	0	0	0	0	0	0	1	0	0	1	1	0	0	0	0	0	0	1	0.00680272108843537	0	0	0	0	0	0	0	0	0.00595238095238095	1	0	0	0	0	0	0	0.00578034682080925	171.28
SRR5353750	1	0	1	0	0	0	1	0	1	0	0	0	1	0	0	0	0	0	0	0	0	0.015625	0	0	1	0	0	0	0	0	0	0	0	0	0	0	0	1	0	0	1	1	0	0	0	0	0	0	1	0	0	0	0	0	0.470588235294118	0	0	0	0	1	0	0	0	0	0	0	0	68.58
SRR5353751	1	0	1	0	0	0	1	0	1	0	0	0	1	0	0	0	0	0	0	0	0	0	0	0	0	0	0	0	0	0	0	0	0	0	0	0	0	1	0	0	1	0.994350282485876	0	0	0	0	0	0	1	0	0	0	0	0	0	0	0	0	0	1	0	0	0.172185430463576	0	0	0	0	120.57
SRR5353752	1	0	1	0	0.0434782608695652	0	1	0	1	0	0	0	1	0	0	0	0	0	0	0	0	0	0	0	0	0	0	0	0	0	0	0	0	0	0	0	0	1	0	0	0.923076923076923	1	0	0	0	0	0	0	1	0	0	0	0	0	0.166666666666667	0	0	0	0	1	0	0	0	0	0	0	0	12.76
SRR5353753	1	0	0.995305164319249	0	0	0	1	0	1	0	0	0	1	0	0	0	0	0	0	0	0	0.00854700854700855	0	0	0	0	0	0	0	0	0	0	0	0	0	0	0	1	0	0	1	1	0	0	0	0	0	0	1	0	0	0	0	0	0	0	0	0	0	1	0	0.00829875518672199	0	0	0	0	0	200
SRR5353754	1	0	1	0	0	0	1	0	1	0	0	0	1	0	0	0	0	0	0	0	0	0	0	0	0	0	0	0	0	0	0	0	0	0	0	0	0	1	0	0	1	1	0	0	0	0	0	0.0714285714285714	1	0	0	0	0	0	0	0	0	0	0	1	0	0	0	0	0	0	0	13.25
SRR5353755	0	0	1	0	0	0	0	0	0	0	0	0	1	0	0	0	0	0	0	0	0	0	0	0	0	0	0	0	0	0	0	0	0	0	0	0	0	0	0	0	0	0	0	0	0	0	0	0	1	0	0	0	0	0	0	0	0	0	0	0	0	0	0	0	0	0	0	1.68
SRR5353756	1	0	1	0.472049689440994	0	0	1	0	1	0	0	0	1	0	0	0	0	0	0	0	0	0	0	0	0	0	0	0	0	0	0	0	0	0	0	0	0	1	0	0	0.995412844036697	1	0	0	0	0	0	0	1	0.142857142857143	0	0	0	0	0	0	0	0	0	1	0	0	0	0	0	0	0	162.73
SRR5353757	1	0	0.997448979591837	0.403183023872679	0	0	1	0	1	0	0	0	1	0	0.00179533213644524	0	0	0.116279069767442	0	0	0	0	0	0	0	0	0	0.288939051918736	0	0	0	0	0	0	0	0	0	0.996268656716418	0	0	1	1	0	0	0	0	0	0	0.997474747474748	0	0	0	0.00375234521575985	0	0	0	0	0	0	1	0	0	0	0	0.326530612244898	0	0	408.97
SRR5353758	1	0	1	0	0	0	1	0	1	0	0	0	1	0	0	0	0	0	0	0	0.00769230769230769	0	0	0	0	0	0	0	0	0	0	0	0	0	0	0.327433628318584	0	1	0.00285714285714286	0	1	0.994475138121547	0	0	0	0	0	0	1	0	0.389502762430939	0	0	0	0	0	0	0.153256704980843	0	1	0	0	0	0	0	0	0	281.24
SRR5353759	1	0	1	0	0.747252747252747	0	1	0	1	0	0	0	1	0	0	0	0	0	0	0	0	0	0	0	0.642857142857143	0	0	0	0	0	0	0	0	0	0	0	0	1	0	0	1	1	0	0	0	0	0	0	1	0	0	0	0	0	0.795454545454545	0	0	0	0	1	0	0	0	0	0	0	0	95.55
SRR5353760	1	0	1	0	0	0	1	0	1	0	0	0	1	0	0	0	0	0	0	0	0	0	0	0	0	0	0	0	0	0	0	0	0	0	0	0	0	1	0	0	1	1	0	0	0	0	0	0	1	0	0	0	0	0	0	0	0	0	0	1	0	0	0	0	0	0	0	81.64
