cells	chrMT:240:A/G	chrMT:243:A/T	chrMT:456:C/T	chrMT:750:A/G	chrMT:1018:G/A	chrMT:1257:T/C	chrMT:1273:G/A	chrMT:1355:G/A	chrMT:1496:T/C	chrMT:1606:G/A	chrMT:2159:T/C	chrMT:2343:G/A	chrMT:2536:G/A	chrMT:2622:G/A	chrMT:2706:A/G	chrMT:2725:A/G	chrMT:2815:G/A	chrMT:2946:A/G	chrMT:3022:G/A	chrMT:3316:G/A	chrMT:3693:G/A	chrMT:3791:T/C	chrMT:4037:G/A	chrMT:4696:T/C	chrMT:4973:T/C	chrMT:5140:G/A	chrMT:5418:T/C	chrMT:6075:G/A	chrMT:6166:G/A	chrMT:6954:G/A	chrMT:7256:C/T	chrMT:8206:G/A	chrMT:8348:A/G	chrMT:8390:T/G	chrMT:8426:T/C	chrMT:8701:A/G	chrMT:8860:A/G	chrMT:8959:G/A	chrMT:9098:T/C	chrMT:9540:T/C	chrMT:9612:G/C	chrMT:9705:A/G	chrMT:9887:T/C	chrMT:10231:T/C	chrMT:10263:A/T	chrMT:10290:G/A	chrMT:10700:A/G	chrMT:10955:C/T	chrMT:11711:G/A	chrMT:11889:G/A	chrMT:11977:C/T	chrMT:12011:T/C	chrMT:12170:G/A	chrMT:12193:A/G	chrMT:12256:G/A	chrMT:12431:A/G	chrMT:12477:T/C	chrMT:12541:G/A	chrMT:12664:T/C	chrMT:13089:T/C	chrMT:13151:T/C	chrMT:13208:G/C	chrMT:13455:C/T	chrMT:13504:T/C	chrMT:13650:C/T	chrMT:14180:T/C	chrMT:14444:T/C	chrMT:14766:C/T	chrMT:14843:T/C	chrMT:14972:G/A	chrMT:15027:T/C	chrMT:15042:G/A	chrMT:15237:T/C	chrMT:15240:G/A	chrMT:15301:G/A	chrMT:15458:T/C	chrMT:15470:T/C	chrMT:15731:G/A	chrMT:16036:G/A	chrMT:16129:G/A	chrMT:16300:A/G	chrMT:16390:G/A	chrMT:16519:T/C	depth
SRR5353377	0	0	52	122	85	0	0	0	0	0	88	0	0	0	127	0	0	0	0	1	141	0	0	0	1	0	0	0	0	0	13	136	0	0	0	99	2	0	0	62	0	0	0	0	0	0	137	81	1	0	0	0	0	0	0	0	0	0	0	0	1	0	0	0	112	102	0	64	2	2	0	0	0	0	142	144	0	0	1	66	100	102	104	107.06
SRR5353378	0	0	13	14	10	0	0	0	0	0	6	0	0	0	26	0	0	0	0	3	20	0	0	0	0	0	0	0	0	0	2	18	0	0	0	10	2	0	0	10	0	0	0	0	0	0	15	9	0	0	0	0	0	0	0	0	0	0	0	1	0	0	0	0	17	14	0	7	0	0	0	0	0	0	16	13	0	0	0	8	9	11	8	14.86
SRR5353379	0	0	106	144	126	0	0	0	0	0	121	0	0	0	192	0	0	0	0	0	202	0	0	0	0	0	0	0	0	0	10	191	0	0	0	126	12	0	0	97	0	0	0	0	0	0	240	133	0	0	0	0	0	0	0	0	0	0	0	1	0	0	0	0	202	151	0	136	0	1	0	0	0	0	202	231	0	0	2	92	190	192	131	169.92
SRR5353380	0	0	52	83	79	0	0	0	0	0	54	0	0	0	113	0	0	0	0	0	110	0	0	0	0	0	0	0	0	0	4	113	0	0	0	72	5	0	0	49	0	0	0	0	0	0	138	58	0	0	0	0	0	0	0	0	0	0	0	0	0	12	0	0	101	91	0	63	0	0	0	0	0	0	123	110	0	0	0	34	83	102	77	87.99
SRR5353381	0	1	16	41	24	0	0	0	0	0	23	0	0	0	45	0	0	0	0	0	48	0	0	0	0	0	0	0	0	0	2	41	0	0	0	15	4	0	0	12	0	0	1	0	0	0	49	26	0	0	0	0	0	0	0	0	0	0	0	0	0	0	0	0	43	10	0	32	0	0	0	0	0	0	40	42	0	1	0	11	31	48	30	35.09
SRR5353382	0	0	54	75	49	0	0	0	0	0	41	0	0	0	80	0	0	0	0	0	81	0	0	0	0	0	0	0	0	0	6	72	0	0	0	32	0	0	0	34	0	0	0	0	0	0	100	47	0	0	0	0	0	0	0	0	0	0	0	0	0	0	2	0	96	76	0	53	0	0	0	0	0	0	64	74	0	1	0	20	82	72	58	63.71
SRR5353383	0	0	13	53	29	0	0	0	0	0	47	0	0	0	43	0	0	0	0	2	71	0	0	0	0	0	1	0	0	0	6	71	0	0	0	35	4	0	0	30	0	0	0	0	0	0	100	38	0	0	0	0	0	0	0	0	0	0	0	0	0	0	0	0	38	17	0	35	0	2	0	0	0	0	76	66	0	0	0	28	59	70	32	51.86
SRR5353384	0	0	122	193	139	0	0	0	0	0	149	0	0	0	262	0	0	0	0	1	229	1	0	0	0	0	0	0	0	0	18	255	0	0	0	160	24	0	0	130	0	0	0	0	0	0	307	159	51	0	0	0	0	0	0	0	0	0	0	0	0	0	0	0	244	148	0	117	70	0	0	0	0	0	252	250	0	0	0	61	176	207	157	197.3
SRR5353385	0	0	68	161	97	1	0	0	0	0	109	0	0	0	152	0	0	0	0	2	152	1	0	0	0	0	0	0	0	0	15	147	0	0	0	98	9	0	0	89	0	0	1	0	0	0	160	109	0	0	0	0	0	0	0	0	0	0	0	0	0	0	0	0	171	130	0	113	0	1	0	0	0	0	172	189	0	0	0	41	152	153	107	133.8
SRR5353386	0	0	105	205	153	0	0	0	0	0	166	0	0	0	203	0	0	0	0	0	235	0	0	0	0	1	0	0	0	122	10	223	0	0	0	127	8	52	83	133	0	0	0	0	0	0	283	168	0	0	0	0	0	0	0	0	0	0	0	1	0	0	0	0	222	156	0	145	0	2	0	0	4	0	261	234	0	0	0	71	196	215	125	199.16
SRR5353387	0	0	12	42	28	0	0	0	0	0	24	0	0	0	35	0	0	0	0	0	30	0	0	0	0	0	0	0	0	0	1	30	0	0	0	22	1	0	0	13	0	0	0	0	0	0	66	29	0	0	0	0	0	0	0	0	0	0	0	0	0	0	0	0	29	37	0	18	0	0	0	0	0	0	29	47	0	0	1	17	36	36	30	30.24
SRR5353388	0	0	57	87	56	0	0	0	1	0	79	0	0	0	92	0	0	0	0	0	90	0	0	0	0	0	0	0	0	0	10	91	0	0	0	58	6	0	0	55	0	0	0	0	0	0	130	66	0	0	0	0	0	0	0	0	0	0	0	2	0	0	3	0	107	95	0	67	0	0	0	0	0	0	117	97	0	0	0	33	77	99	50	88.22
SRR5353389	0	0	36	100	77	0	0	0	0	0	58	0	0	0	103	0	0	0	0	0	139	0	0	0	0	0	0	0	0	0	8	112	0	0	0	65	4	0	0	54	0	0	0	0	0	0	138	57	0	0	0	0	0	0	0	0	0	0	0	34	0	0	0	0	133	38	0	64	0	1	0	0	0	0	113	132	0	0	16	30	67	123	75	90.39
SRR5353390	0	0	89	135	132	0	0	0	0	0	115	0	0	0	170	0	0	0	0	0	203	0	0	0	1	0	0	0	0	0	10	189	0	0	0	109	7	0	0	98	0	0	0	0	0	0	215	134	0	0	0	0	0	0	0	0	0	0	0	0	0	0	0	0	174	176	0	131	0	88	0	0	0	0	162	183	0	0	0	67	161	171	134	153.97
SRR5353391	0	0	41	87	108	0	0	0	0	0	60	0	0	0	108	0	1	0	0	1	115	0	0	0	114	0	0	0	0	0	6	109	1	0	0	57	1	0	0	44	0	0	0	0	0	0	136	65	0	0	0	0	0	0	0	0	0	0	0	0	0	0	0	0	104	95	0	55	0	2	0	0	0	0	100	132	0	0	0	27	105	116	79	91.61
SRR5353392	0	0	88	162	115	0	0	0	0	0	138	0	0	0	211	0	0	0	0	0	179	0	0	0	0	0	0	0	0	0	13	165	0	0	0	116	9	0	0	72	0	0	0	0	0	0	236	104	0	0	0	0	0	0	0	0	0	0	0	0	0	0	0	0	164	152	0	124	0	0	0	0	0	0	195	208	0	0	0	57	142	200	140	150.64
SRR5353393	0	1	104	173	131	0	0	0	0	0	143	0	0	0	195	0	0	0	0	0	209	0	0	0	55	0	0	0	0	0	14	182	0	0	0	115	8	0	0	104	0	0	0	0	0	0	232	127	0	0	0	0	0	1	0	0	0	0	0	0	0	0	0	0	198	179	0	130	0	1	0	0	0	0	211	231	35	0	0	64	203	200	132	176.94
SRR5353394	0	1	127	198	157	0	0	0	0	0	140	23	0	0	304	0	0	1	1	0	226	0	0	0	0	0	0	0	0	0	19	257	0	0	0	152	10	0	0	110	0	0	0	0	0	0	304	185	0	0	0	0	0	0	0	0	0	0	0	0	0	0	0	0	240	257	0	160	0	1	0	0	0	0	271	295	0	0	0	88	247	300	181	217.66
SRR5353395	0	0	128	257	176	0	0	0	0	0	201	0	0	0	318	0	0	0	0	63	263	0	0	0	0	0	2	0	0	0	15	306	0	0	0	171	15	0	0	137	0	0	0	0	0	0	369	200	0	0	0	9	0	0	0	0	0	0	0	0	0	0	0	0	310	296	0	176	0	0	0	0	0	0	296	299	0	0	0	91	265	293	209	251.52
SRR5353396	0	0	32	89	64	0	0	0	0	0	39	0	0	0	86	0	0	0	0	0	106	1	0	0	0	0	2	0	0	0	8	80	0	0	0	42	5	0	0	49	0	0	0	0	0	0	100	58	0	0	0	0	0	0	0	0	0	1	0	0	0	0	0	0	77	47	0	59	0	0	0	0	0	0	83	77	0	0	0	34	60	101	39	70.8
SRR5353397	0	1	31	75	52	0	0	0	0	0	67	0	0	0	101	0	0	0	0	0	85	0	0	0	0	0	0	0	0	0	2	88	0	0	0	48	4	0	0	43	0	0	0	0	0	0	111	58	0	0	0	0	0	0	0	0	0	0	0	1	0	0	0	0	72	69	0	61	0	0	1	0	0	0	79	87	0	0	0	30	76	99	66	70.03
SRR5353398	0	0	76	124	82	0	0	0	0	0	81	0	0	0	121	0	0	0	0	0	165	0	0	0	0	0	0	0	0	0	6	136	0	0	0	91	4	0	0	67	0	0	0	0	0	0	207	91	1	0	0	0	0	0	0	0	0	0	0	1	0	0	0	0	151	128	0	99	0	0	0	0	0	0	159	156	1	1	0	70	104	152	96	122.18
SRR5353399	0	0	5	0	3	0	0	0	0	0	5	0	0	0	12	0	0	0	0	0	12	0	0	0	0	0	2	0	0	0	2	7	0	0	0	4	0	0	0	2	0	0	0	0	0	0	12	6	0	0	0	0	0	1	0	0	0	0	0	2	0	0	0	0	6	6	0	7	0	0	0	0	0	0	9	2	0	0	0	7	7	12	9	8.21
SRR5353400	0	24	53	100	70	0	0	0	0	0	72	0	0	0	103	0	0	1	0	0	126	0	0	0	0	0	0	0	0	0	2	121	0	0	0	75	6	0	0	76	0	0	71	0	0	0	143	62	0	0	0	0	0	0	0	0	0	0	0	1	0	0	0	0	112	88	0	84	0	1	0	0	0	0	109	138	0	0	0	22	98	113	62	101.18
SRR5353401	0	0	59	89	73	0	0	0	0	0	58	0	0	0	103	0	0	0	0	0	102	47	0	0	0	0	4	0	0	0	8	116	0	0	0	85	3	0	0	53	0	0	0	0	0	0	172	60	0	0	0	0	0	0	0	0	0	0	0	0	0	0	0	0	106	112	0	60	0	0	0	0	0	0	124	119	0	0	0	31	111	94	70	96.43
SRR5353402	0	0	19	52	29	0	0	0	0	0	35	0	0	0	50	0	0	0	0	0	43	0	0	0	0	0	7	0	0	0	6	59	0	0	0	32	1	0	0	19	0	0	0	0	0	0	85	35	0	0	0	0	0	0	0	0	0	0	0	0	0	0	0	0	39	58	0	10	0	0	0	0	0	0	42	63	0	0	0	18	50	50	31	47.92
SRR5353403	0	0	31	68	49	0	0	0	0	0	45	0	0	0	55	0	0	0	0	0	65	0	0	0	0	0	1	0	0	0	7	71	0	0	0	40	0	0	0	28	0	0	0	0	0	0	63	43	0	0	0	0	0	0	0	0	0	0	0	0	0	0	0	0	60	3	0	43	0	0	0	0	0	0	76	80	0	0	0	12	69	70	49	60.04
SRR5353404	0	0	8	8	11	0	0	0	0	0	4	0	0	0	12	0	0	0	0	0	15	0	0	0	0	0	0	0	0	0	0	5	0	0	0	4	1	0	0	6	0	0	0	0	0	0	11	6	0	0	0	0	0	2	0	0	0	0	0	0	0	0	0	0	1	6	0	0	0	0	0	0	0	0	10	12	2	0	0	2	4	5	6	7.54
SRR5353405	0	0	1	7	6	0	0	0	0	0	6	0	0	0	11	0	0	0	0	0	4	0	0	0	0	0	2	0	0	0	0	5	0	0	0	2	0	0	0	5	0	0	0	0	0	0	7	5	0	0	0	0	0	0	0	0	0	0	0	1	0	0	0	0	17	3	0	4	0	0	0	0	0	0	7	1	0	0	0	1	2	7	3	6.06
SRR5353406	0	1	3	7	7	0	0	0	0	0	10	0	0	0	13	0	0	0	0	0	11	0	0	0	0	0	0	0	0	0	0	18	0	0	0	3	0	0	0	6	0	0	0	0	0	0	6	7	0	0	0	0	0	2	0	0	0	0	0	0	0	0	0	0	9	8	0	9	0	0	0	0	0	0	6	5	0	0	0	3	11	15	2	7.86
SRR5353407	0	0	190	375	306	0	0	48	1	0	314	0	0	0	467	0	0	0	0	0	452	0	0	0	0	0	108	0	0	0	26	444	0	0	0	284	10	0	0	230	0	0	0	0	0	0	583	252	0	0	0	0	0	0	0	0	0	0	0	0	0	0	0	1	395	421	0	265	0	0	0	0	0	0	471	498	0	0	0	169	411	479	298	380.57
SRR5353408	0	0	61	151	115	0	0	0	1	0	91	0	0	0	171	0	0	0	0	0	197	0	0	0	0	0	1	0	0	0	13	179	1	0	0	98	6	0	0	80	0	0	0	1	0	0	202	89	0	1	0	0	0	0	0	0	0	0	1	0	0	0	0	0	151	148	0	106	0	0	21	0	0	0	172	149	0	0	0	65	150	178	108	142.93
SRR5353409	0	0	45	89	69	0	0	0	1	0	69	0	0	0	131	0	0	0	0	0	124	0	0	0	0	0	2	0	0	0	9	99	0	0	0	80	3	0	0	56	0	0	0	0	0	0	170	56	0	0	0	0	0	0	0	0	0	0	0	0	0	0	0	0	115	97	0	55	0	0	0	0	0	0	136	112	0	0	0	31	105	132	57	92.86
SRR5353410	0	0	48	122	92	0	0	0	0	0	104	0	0	0	149	0	58	0	0	0	163	0	0	0	0	0	0	0	0	0	7	138	0	0	0	91	5	0	0	60	0	0	0	0	0	0	211	86	0	0	0	0	0	0	0	0	0	0	0	0	0	0	0	0	156	3	0	98	0	0	0	0	0	1	190	153	0	142	0	48	117	133	110	124.68
SRR5353411	0	0	5	11	4	0	0	0	0	0	7	0	0	0	12	0	0	0	0	0	11	0	0	0	0	0	0	0	0	0	0	13	0	0	0	7	0	0	0	2	0	0	0	0	0	0	16	5	0	0	0	0	0	0	0	0	0	0	0	0	0	0	0	0	16	12	0	3	0	0	0	0	0	0	8	11	0	0	0	2	14	9	7	9
SRR5353412	0	0	28	44	39	0	0	0	0	0	51	0	0	0	76	0	0	0	0	0	61	0	0	0	0	0	0	0	0	0	3	50	0	0	0	51	2	0	0	24	0	0	0	0	0	0	97	34	0	0	0	0	0	0	0	0	0	0	0	0	0	0	0	0	66	58	0	32	0	0	0	0	0	0	73	69	0	0	0	11	37	58	40	53.01
SRR5353413	0	0	70	112	78	0	0	0	74	0	80	0	0	0	136	0	0	0	0	0	140	0	0	0	0	0	0	0	0	0	6	125	0	0	0	88	4	0	0	56	0	0	0	0	0	0	164	91	0	0	0	106	0	0	0	0	0	0	0	0	0	0	0	0	138	120	0	82	0	0	0	0	0	0	146	151	0	0	0	58	101	134	82	111.51
SRR5353414	0	0	36	36	43	0	0	0	3	0	31	0	0	0	56	0	0	0	0	0	58	0	0	0	0	0	0	0	0	0	2	63	0	0	0	34	4	0	0	41	0	0	0	0	0	0	99	42	0	0	0	0	0	0	0	0	0	0	0	0	1	0	0	0	58	51	0	40	0	0	0	0	0	0	89	85	0	0	0	23	51	106	41	58.6
SRR5353415	0	0	63	144	110	0	0	0	0	0	92	0	0	0	157	0	0	0	0	0	179	0	0	0	0	0	0	0	0	0	8	159	0	0	0	91	12	0	0	85	0	0	0	0	0	0	195	82	0	0	0	0	0	2	0	0	0	0	0	0	0	0	0	0	155	131	0	86	0	0	0	0	0	0	187	171	0	0	0	51	126	161	103	132.51
SRR5353416	0	0	27	74	52	0	0	0	0	0	49	0	0	0	88	0	0	0	0	0	86	0	0	0	0	0	0	0	0	0	1	83	0	0	0	43	4	0	0	39	0	0	0	0	0	0	101	38	0	0	0	0	0	0	0	0	0	0	0	0	0	0	21	0	84	58	0	62	0	0	0	0	0	0	105	94	0	0	0	17	71	76	46	69.3
SRR5353417	0	0	99	160	122	2	0	0	0	16	136	0	0	0	187	0	0	0	0	0	164	0	0	0	0	0	0	0	0	0	12	169	0	0	0	92	4	0	0	75	0	0	0	0	0	0	212	99	0	41	0	1	0	0	0	0	0	0	0	0	0	0	0	0	198	174	0	132	0	0	0	0	39	0	189	182	0	0	0	68	148	160	134	149.19
SRR5353418	0	0	82	152	111	0	0	0	0	0	143	0	0	0	208	0	0	0	0	0	219	0	0	0	0	0	0	0	0	0	16	249	0	0	0	113	8	0	0	117	1	0	0	0	0	0	248	117	0	0	0	0	0	0	0	0	0	0	1	0	0	0	0	0	179	177	0	121	0	0	0	0	0	0	183	219	0	0	0	57	163	191	139	171.52
SRR5353419	0	0	53	95	67	0	0	0	0	0	71	0	0	0	111	0	0	0	0	0	97	0	0	0	0	0	0	0	0	0	3	86	0	0	0	63	4	0	0	47	0	0	0	0	0	0	145	62	0	0	0	0	0	0	0	0	0	0	0	0	109	0	0	0	107	91	0	55	0	0	0	0	0	0	99	106	0	0	0	32	90	112	69	88.27
SRR5353420	0	0	71	143	129	0	2	0	0	0	111	0	93	0	139	0	0	77	0	0	149	0	0	0	0	0	0	1	0	0	9	156	0	0	0	100	9	0	0	78	0	0	0	0	0	0	217	100	0	0	0	2	0	0	0	0	0	0	0	0	1	0	0	0	145	158	0	99	0	0	0	0	0	0	172	142	0	0	0	84	143	152	96	134.1
SRR5353421	0	0	16	26	17	0	0	0	1	0	20	0	0	0	25	0	0	0	0	0	27	0	0	0	0	0	0	0	1	0	0	32	0	0	0	23	1	0	0	25	0	0	0	0	0	0	49	24	0	0	0	0	0	0	0	0	0	0	0	0	3	0	0	0	23	3	0	22	0	0	0	0	0	0	26	30	0	0	0	11	42	31	19	22.25
SRR5353422	0	0	48	83	55	0	0	0	0	0	68	0	0	0	100	0	0	0	0	0	109	0	0	0	0	0	1	0	0	0	4	100	0	0	0	55	4	0	0	33	0	0	0	0	0	0	137	74	0	0	0	0	0	0	0	0	0	0	0	39	0	0	0	0	113	94	0	66	0	0	0	0	0	0	122	106	0	0	0	28	93	140	40	88.38
SRR5353423	0	0	64	127	69	0	0	0	0	0	63	0	0	1	125	0	0	0	0	0	139	0	0	0	0	0	0	0	0	0	5	125	0	0	0	73	10	0	0	59	0	0	0	118	0	0	124	70	0	0	0	0	0	0	0	0	0	0	0	0	0	0	0	0	106	107	0	68	0	0	0	0	0	0	136	138	0	0	0	30	98	119	90	101.24
SRR5353424	0	0	71	93	61	0	0	0	0	0	62	0	0	0	107	0	0	0	0	0	144	0	0	0	0	0	0	0	1	0	7	92	0	0	0	81	5	0	0	53	0	0	0	0	0	0	137	79	0	0	0	0	0	95	0	0	0	0	0	0	1	0	0	0	101	107	0	78	0	0	0	0	0	0	120	108	0	0	0	26	101	113	74	97.92
SRR5353425	0	0	27	61	40	0	15	0	1	0	40	0	0	0	83	38	0	0	0	0	53	0	0	0	0	0	0	0	8	0	4	62	0	0	0	37	0	0	0	33	0	0	0	0	0	30	92	40	0	0	0	0	0	0	0	0	0	0	0	0	2	0	0	0	68	67	0	42	0	0	0	0	0	0	67	67	0	0	0	24	59	84	57	55.15
SRR5353426	0	0	5	17	14	0	0	0	0	0	8	0	0	5	18	0	0	0	0	0	33	0	0	0	0	0	0	0	0	0	2	12	0	0	0	5	1	0	0	7	0	0	0	0	0	0	23	11	0	0	0	0	0	0	0	0	0	0	0	0	1	0	0	0	18	18	0	9	0	0	0	0	0	0	39	27	0	0	0	14	15	18	13	17.57
SRR5353427	0	0	74	138	103	0	0	0	0	0	106	0	0	0	174	2	0	0	0	0	210	0	0	0	0	0	0	0	0	0	10	161	0	0	0	102	9	0	0	93	0	0	0	0	0	1	220	128	0	0	0	0	0	0	0	0	0	0	0	0	1	0	0	0	170	154	0	102	0	0	0	0	0	0	171	208	0	0	0	45	139	194	134	150.93
SRR5353428	0	0	70	80	65	0	2	0	0	0	82	0	0	0	124	0	0	0	0	0	106	0	0	0	0	0	0	0	0	0	3	137	0	0	0	67	5	0	0	46	0	0	0	0	1	0	135	70	0	0	0	0	0	0	0	0	0	0	0	0	0	0	0	0	113	105	0	94	0	0	1	0	0	0	107	136	0	0	0	29	89	112	59	99.92
SRR5353429	0	0	26	64	42	0	0	0	0	0	43	2	0	0	68	0	0	0	0	0	88	0	0	0	0	0	0	0	0	0	4	102	0	0	0	47	8	0	0	56	0	0	0	0	0	0	105	50	0	0	0	1	0	0	0	0	0	0	0	0	0	0	0	0	70	72	0	55	0	0	0	0	0	0	102	80	0	0	0	20	87	78	61	67.11
SRR5353430	0	0	35	97	76	0	0	0	0	0	57	0	0	0	114	0	0	0	0	0	95	0	0	0	0	0	0	0	0	0	10	116	0	0	0	61	2	0	0	46	0	0	0	0	0	0	149	82	0	0	0	0	0	0	0	0	0	0	0	0	0	0	0	0	109	98	0	72	0	0	0	0	0	0	126	115	0	0	0	45	95	112	74	94.5
SRR5353431	0	0	49	93	70	0	0	0	0	0	70	0	0	0	113	0	0	0	0	0	102	0	0	0	0	13	0	0	0	0	8	97	0	0	0	59	6	0	0	30	0	0	0	0	0	0	139	61	0	0	0	0	0	0	0	0	0	0	0	0	0	0	0	81	85	85	0	53	0	0	0	1	0	0	103	115	0	0	0	49	85	99	61	85.5
SRR5353432	0	0	201	326	235	0	2	0	0	0	247	0	0	0	333	0	0	0	0	0	394	0	0	0	0	0	0	0	0	0	23	398	0	0	0	182	10	0	0	189	0	1	0	0	0	0	447	200	0	0	0	0	0	0	0	0	0	0	0	0	0	0	0	12	325	330	0	250	0	0	0	0	0	0	399	426	1	0	0	108	330	375	279	310.91
SRR5353433	0	0	9	18	20	0	0	0	0	0	14	0	0	0	20	0	0	0	0	0	39	0	0	0	0	0	0	0	0	0	2	32	0	0	0	16	1	0	0	16	2	0	0	0	0	1	35	26	0	0	0	0	0	0	0	0	0	0	0	0	0	0	0	0	27	21	0	15	0	0	0	0	0	0	29	22	0	0	0	9	27	29	14	24.59
SRR5353434	0	0	116	215	154	1	0	0	0	0	143	0	0	0	269	0	0	0	0	0	253	0	0	0	0	0	0	0	0	0	15	248	0	0	0	131	13	0	0	114	0	0	0	0	0	0	309	146	0	0	0	0	0	0	0	0	0	0	40	0	0	0	0	0	238	240	0	130	0	0	0	0	1	2	294	260	0	0	0	80	229	221	176	212.24
SRR5353435	1	0	49	121	81	0	0	0	0	0	64	0	0	0	117	0	0	0	0	0	140	0	0	0	0	0	0	0	0	0	3	112	0	0	0	76	3	0	0	67	0	0	0	0	0	0	154	80	0	0	0	0	0	0	0	0	0	0	0	0	0	0	0	0	122	118	0	82	0	0	0	0	0	0	151	128	0	0	0	48	84	119	76	102.96
SRR5353436	0	0	3	8	6	0	0	0	0	0	9	0	0	0	17	0	0	0	0	0	15	0	1	0	0	0	0	0	2	0	1	10	0	0	0	5	1	0	0	8	0	0	0	0	0	0	8	6	0	0	0	0	0	0	0	0	0	0	0	0	0	0	0	0	14	11	0	4	0	0	0	0	0	0	19	14	0	0	0	0	13	7	8	10.05
SRR5353437	0	0	25	71	60	0	0	0	0	0	49	0	0	0	82	0	0	0	0	0	91	0	1	0	0	0	0	0	0	0	6	77	0	0	0	49	4	0	0	40	84	0	0	0	0	0	120	49	0	0	0	0	0	0	0	0	0	0	0	0	0	0	0	0	82	63	0	43	0	0	0	0	0	0	91	78	0	0	0	23	64	96	33	72.32
SRR5353438	0	0	19	36	30	0	0	0	0	0	18	0	0	0	54	0	0	0	0	0	57	0	0	0	0	0	0	0	0	0	3	63	0	0	0	24	5	0	0	23	0	0	0	0	0	1	60	31	0	0	0	0	0	0	0	0	0	0	0	0	0	0	0	0	45	5	0	31	0	0	0	11	0	0	50	34	0	0	0	21	54	60	33	41.56
SRR5353439	0	0	70	149	107	0	0	0	0	0	102	0	0	0	174	0	0	0	0	0	210	0	36	0	0	0	0	0	0	0	14	165	0	0	0	110	5	0	0	83	0	0	0	0	0	0	215	99	0	0	0	0	0	0	0	0	0	0	0	0	0	0	0	0	177	148	0	108	0	0	0	0	0	1	183	182	0	0	0	50	153	198	96	146.38
SRR5353440	0	0	67	115	84	0	0	0	0	0	98	0	0	0	173	0	0	0	0	0	195	0	0	0	0	0	0	0	0	0	12	157	0	0	0	85	6	0	0	78	1	1	0	0	0	0	193	88	0	0	0	0	0	0	0	0	0	0	0	0	0	0	0	0	151	1	0	84	0	0	0	0	0	0	180	165	0	0	0	43	140	128	107	129.71
SRR5353441	0	0	76	139	94	0	0	0	0	0	101	0	0	0	144	0	0	0	0	0	138	0	0	9	0	0	0	0	0	0	9	164	0	0	0	99	12	0	0	95	1	0	0	0	0	0	273	99	0	0	0	0	0	0	0	0	25	0	0	0	0	0	0	0	155	157	14	82	1	0	0	0	0	0	178	189	0	0	0	54	138	180	100	143.53
SRR5353442	0	0	96	167	130	35	0	0	0	0	127	0	0	0	201	0	0	0	1	0	238	0	0	0	0	0	86	0	0	0	15	198	0	0	0	125	4	0	0	94	1	0	0	0	0	0	258	115	0	0	0	0	0	0	0	0	0	0	0	0	0	1	0	0	224	161	0	134	0	0	0	0	0	0	234	232	0	0	0	63	146	203	123	169.22
SRR5353443	0	0	3	7	7	0	0	0	0	0	3	0	0	0	5	0	0	0	0	0	7	0	0	0	0	0	0	0	0	0	0	9	0	0	0	2	1	0	0	4	0	0	0	0	0	0	11	5	0	0	0	0	0	0	0	0	0	0	0	0	0	0	0	0	5	5	0	1	0	0	0	0	0	0	10	4	0	0	0	0	2	5	1	5.12
SRR5353444	0	0	47	85	51	0	0	0	0	0	39	0	0	0	89	0	0	0	0	0	78	0	0	0	0	0	0	0	0	0	4	71	0	0	0	31	3	0	0	41	1	0	0	0	0	0	90	50	0	0	0	0	0	0	0	0	0	0	0	0	0	0	0	0	78	10	0	39	0	0	0	0	0	0	76	92	0	0	0	25	70	78	48	67.55
SRR5353445	0	0	72	104	77	0	0	0	0	0	80	0	0	0	134	0	0	0	0	0	126	0	0	0	0	0	0	0	0	0	14	136	0	0	0	67	8	0	0	47	1	0	0	0	0	0	163	91	0	0	0	0	0	0	0	0	0	0	0	0	0	0	0	0	115	99	0	64	0	0	0	0	0	0	132	133	0	0	0	50	119	138	92	104.84
SRR5353446	0	0	130	234	178	0	0	0	0	0	186	0	0	0	313	0	0	0	0	0	331	0	1	0	0	0	0	0	0	0	21	321	0	23	0	193	17	0	0	149	0	15	0	0	0	0	356	172	0	0	0	0	0	0	0	0	0	0	0	0	0	1	0	0	272	246	0	160	0	0	0	0	0	0	352	342	0	0	0	105	273	339	225	260.8
SRR5353447	0	0	66	158	116	0	0	0	0	0	95	0	0	0	185	0	0	0	33	0	196	0	0	0	0	0	0	0	0	0	9	169	0	0	0	92	4	0	0	52	0	0	0	0	0	0	203	81	1	0	0	0	0	0	0	0	0	0	0	0	0	0	0	0	140	121	0	125	0	0	0	0	0	0	192	161	0	0	0	67	123	142	82	133.39
SRR5353448	0	0	14	30	23	0	0	0	0	0	26	0	0	0	40	0	0	0	0	0	40	0	0	0	0	0	0	0	0	0	3	38	0	0	0	18	2	0	0	13	0	0	0	0	0	0	58	26	0	0	0	0	0	0	0	0	0	0	0	0	0	0	0	0	24	36	0	18	0	0	0	0	0	0	37	64	0	0	0	11	38	39	27	33.69
SRR5353449	0	0	99	204	120	1	0	0	0	0	146	0	0	0	237	0	0	0	0	0	234	0	0	0	0	0	0	0	0	0	19	232	0	0	0	122	9	0	0	89	0	0	0	0	0	0	309	140	0	0	0	0	0	0	0	0	0	0	0	1	0	0	0	0	224	182	0	134	0	0	0	0	0	0	220	226	0	0	0	59	173	212	137	188.94
SRR5353450	0	0	22	47	41	0	0	0	0	0	40	0	0	0	65	0	0	0	0	0	55	0	0	0	0	0	69	0	0	0	2	88	0	0	0	48	2	0	0	32	0	0	0	1	0	0	64	35	0	0	0	0	0	0	0	0	0	0	0	0	0	0	0	0	50	51	0	30	0	0	0	0	0	0	41	74	0	0	0	31	67	70	54	52.76
SRR5353451	0	0	74	174	127	0	0	0	0	0	119	0	0	0	178	0	0	0	0	0	228	0	0	0	0	0	0	0	0	0	11	218	0	0	0	132	7	0	0	99	0	0	0	0	0	0	264	105	0	0	0	0	0	0	0	0	0	0	0	0	0	0	0	0	204	174	0	125	0	0	0	0	0	0	189	201	0	0	0	55	160	204	116	164.06
SRR5353452	0	0	78	166	107	0	0	0	0	0	122	0	0	0	168	0	0	0	0	0	169	0	0	0	0	0	0	0	0	0	10	159	0	0	0	87	12	0	0	100	0	0	0	0	32	0	205	117	0	0	0	0	0	0	0	0	0	0	0	0	0	0	0	0	168	147	0	116	0	0	0	0	0	0	177	189	0	0	0	46	145	183	128	150.16
SRR5353453	0	0	89	127	115	0	0	0	0	0	114	0	0	0	192	0	0	0	0	0	180	0	0	0	0	0	0	0	0	0	12	183	0	0	0	126	8	0	0	97	0	0	0	0	0	0	232	105	0	0	0	0	0	0	0	0	0	0	0	0	0	0	0	0	192	172	0	107	0	0	0	1	0	0	185	214	0	0	0	75	153	187	122	152.79
SRR5353454	8	0	60	120	86	0	1	0	0	0	91	0	0	0	142	0	0	0	0	0	163	0	0	0	0	0	0	1	0	0	5	148	1	0	0	72	8	0	0	83	0	0	0	0	0	0	191	70	0	0	0	0	0	0	0	0	0	0	0	0	0	0	0	0	145	115	0	78	0	0	0	0	0	0	134	160	0	0	0	49	121	153	97	119.82
SRR5353455	0	0	35	46	44	0	0	0	0	0	43	0	0	0	65	0	0	0	0	0	47	0	0	0	0	0	0	0	0	0	3	53	0	0	0	43	4	0	0	32	0	0	0	0	0	0	84	36	0	0	34	0	0	0	0	0	0	6	0	0	0	0	0	0	56	54	0	27	0	0	0	0	0	0	63	71	0	0	0	20	36	68	47	51.42
SRR5353456	0	0	59	100	80	0	0	0	0	0	80	0	0	0	105	0	0	0	0	0	111	0	0	0	0	0	0	0	0	0	14	88	0	0	0	66	5	0	0	55	0	0	0	0	0	0	134	74	0	0	0	0	0	0	0	16	0	0	0	0	0	0	0	1	100	99	0	72	0	0	0	0	0	0	139	114	0	0	0	55	86	102	58	91.11
SRR5353457	0	0	91	163	105	0	0	0	0	0	120	0	0	0	165	0	0	0	0	0	172	0	0	0	0	0	0	0	0	0	12	170	0	0	0	99	10	0	0	70	0	0	0	0	0	0	212	119	0	0	0	22	0	0	0	0	0	0	0	0	0	0	0	0	177	66	0	107	0	0	0	0	0	0	185	183	0	0	0	65	141	134	101	138.31
SRR5353458	0	0	23	45	46	0	0	0	0	0	35	0	0	0	56	1	0	0	0	0	54	0	0	0	0	0	0	0	0	0	5	82	0	0	0	39	5	0	0	37	0	0	0	0	0	0	77	43	0	0	0	0	0	0	0	0	0	0	0	0	0	0	0	0	67	63	0	41	0	0	0	0	0	0	61	76	0	0	0	30	49	57	59	56.02
SRR5353459	0	0	9	3	4	0	0	0	0	0	6	0	0	0	21	0	0	0	0	0	6	0	1	0	0	0	0	0	0	0	0	14	0	0	0	6	1	0	0	9	0	0	0	0	0	0	14	16	0	0	0	0	0	0	0	0	0	0	0	0	0	0	0	0	17	11	0	6	0	0	0	0	0	0	14	13	0	0	0	4	14	18	11	12.18
SRR5353460	0	0	68	109	79	0	0	0	0	0	89	0	0	0	128	0	0	0	0	0	120	0	0	0	0	0	0	0	0	0	10	143	0	0	0	72	5	0	0	58	0	0	0	0	0	2	157	82	0	0	0	0	0	0	0	0	0	0	0	0	0	0	0	0	130	99	0	79	0	0	0	0	0	0	122	126	0	0	0	42	137	138	92	108.23
SRR5353461	0	0	25	49	27	0	0	0	0	0	39	0	0	0	33	0	0	0	0	0	39	0	0	0	0	0	0	0	0	0	5	44	0	0	0	25	0	0	0	19	0	0	0	0	0	0	33	29	0	0	0	0	0	0	0	0	0	0	0	0	0	0	0	0	44	36	0	24	0	0	0	0	0	0	52	61	0	0	0	18	33	43	27	38.35
SRR5353462	0	0	0	2	5	0	0	0	0	0	5	0	0	0	2	0	0	0	0	0	3	0	0	0	0	0	0	0	0	0	0	0	0	0	0	6	0	0	0	0	0	0	0	0	0	0	2	1	0	0	0	0	0	0	0	0	0	0	0	0	0	0	0	0	5	3	0	0	0	0	0	0	0	0	3	3	0	0	0	1	2	2	1	2.9
SRR5353463	0	0	68	104	106	0	0	0	0	0	60	0	0	0	98	0	0	0	0	0	125	0	0	0	0	0	0	0	0	0	7	122	0	0	0	61	3	0	0	47	1	0	0	0	0	0	152	58	0	0	0	0	0	0	0	0	0	0	0	0	0	0	0	0	109	96	0	58	0	0	0	0	0	82	96	133	0	0	0	37	101	101	69	93.66
SRR5353464	0	0	55	116	78	0	0	0	0	0	75	0	0	0	129	0	0	0	0	0	111	0	0	0	0	0	0	0	0	0	15	137	0	0	0	92	4	0	0	67	0	0	0	0	0	0	188	91	0	0	0	0	0	0	0	0	0	0	0	0	0	0	0	0	119	117	0	77	0	0	0	0	0	0	115	166	0	0	0	43	104	122	74	112.01
SRR5353465	0	0	51	74	45	0	0	0	0	0	42	0	0	0	95	0	0	0	0	0	76	0	0	0	0	0	0	0	0	0	6	76	15	0	0	42	2	0	0	37	0	0	0	0	0	0	98	56	0	0	0	0	27	0	0	0	0	0	0	0	0	0	0	0	82	28	0	45	0	0	0	0	0	0	74	98	0	0	0	30	72	77	45	65.81
SRR5353466	0	0	75	106	92	0	0	0	0	0	75	0	0	0	110	0	0	1	0	0	130	0	0	0	0	0	0	61	0	0	4	138	0	0	0	79	8	0	0	57	0	0	0	0	0	0	160	85	0	0	0	0	0	0	0	0	0	0	0	0	0	0	0	0	120	115	0	83	0	0	0	0	0	0	159	132	0	0	0	43	110	132	85	110.28
SRR5353467	0	0	22	28	24	0	0	0	0	0	27	0	0	0	48	0	0	0	0	0	50	1	0	0	0	0	0	0	0	0	3	64	0	0	0	23	5	0	0	26	0	0	0	0	0	0	54	30	0	0	0	0	0	0	27	0	0	0	0	0	0	0	0	0	45	63	0	14	0	0	0	0	0	0	53	63	0	0	0	18	46	58	26	41.83
SRR5353468	0	0	56	111	73	0	0	0	0	0	54	0	0	0	115	0	0	0	0	0	139	0	0	0	0	0	0	0	0	0	2	134	0	0	0	77	5	0	0	51	0	0	0	0	0	0	144	71	0	0	0	0	0	0	0	0	0	0	0	0	0	0	0	0	125	99	0	73	0	1	0	0	0	0	115	133	0	0	0	43	59	102	55	93.79
SRR5353469	0	0	3	1	1	0	0	0	0	0	1	0	0	0	2	0	0	0	0	0	3	0	0	0	0	0	0	0	0	0	0	4	0	0	0	0	0	0	0	0	0	0	0	0	0	0	1	2	0	0	0	0	0	0	0	0	0	0	0	0	0	0	0	0	4	1	0	2	0	0	0	0	0	0	0	1	0	0	0	0	1	2	0	3.17
SRR5353470	0	0	223	394	278	0	0	0	51	0	253	0	0	0	422	0	0	0	0	0	436	0	0	0	0	0	0	0	0	0	28	452	0	0	48	252	26	0	0	221	0	0	0	0	0	0	505	266	0	0	0	0	0	0	0	0	0	0	0	0	0	0	0	0	397	423	0	237	0	1	1	0	0	0	433	473	0	0	0	157	404	497	313	373.96
SRR5353471	0	0	38	95	60	0	0	0	0	0	81	0	0	0	117	0	0	0	0	0	122	0	0	0	0	0	0	0	0	0	9	118	0	0	0	61	4	0	0	64	0	0	0	0	0	0	134	59	0	0	0	0	0	0	0	0	0	0	0	0	0	0	0	0	110	80	0	58	0	0	0	0	1	0	124	89	0	0	0	29	105	112	77	90.14
SRR5353472	0	0	42	74	70	0	0	0	0	0	46	0	0	0	98	0	0	0	0	0	104	0	0	0	0	0	0	0	0	0	3	104	0	0	0	57	3	0	0	49	0	0	0	0	0	0	137	51	0	0	0	0	0	0	0	0	0	0	0	0	0	0	0	0	100	57	0	58	0	0	0	0	0	0	68	100	0	0	0	32	86	97	65	77.34
