cells	chrMT:73:A/G	chrMT:153:A/G	chrMT:204:T/C	chrMT:1263:G/A	chrMT:1435:A/G	chrMT:1595:G/A	chrMT:1713:A/G	chrMT:1806:T/C	chrMT:2336:T/C	chrMT:2552:T/C	chrMT:2706:A/G	chrMT:2734:A/G	chrMT:2908:T/C	chrMT:3166:T/C	chrMT:3308:T/C	chrMT:3318:C/T	chrMT:3652:A/G	chrMT:3743:T/C	chrMT:3887:A/G	chrMT:4296:G/A	chrMT:4765:T/C	chrMT:4935:A/C	chrMT:4977:T/C	chrMT:5848:T/A	chrMT:5892:T/C	chrMT:5985:G/A	chrMT:6481:T/C	chrMT:7490:A/G	chrMT:7657:T/C	chrMT:8156:G/A	chrMT:8158:A/G	chrMT:8860:A/G	chrMT:9628:G/A	chrMT:10510:T/C	chrMT:10521:G/A	chrMT:10598:A/G	chrMT:10794:T/C	chrMT:11113:T/C	chrMT:12479:T/C	chrMT:13500:T/C	chrMT:13799:T/C	chrMT:13827:A/G	chrMT:14569:G/A	chrMT:14766:C/T	chrMT:14971:T/C	chrMT:15092:G/A	chrMT:15445:T/C	chrMT:16519:T/C	depth
SRR5353569	1	0	0	0	0	0	0	0	0	0	10	0	0	0	0	0	0	0	0	0	0	0	0	0	0	0	0	0	6	0	0	0	0	0	0	0	0	0	0	8	0	0	0	3	0	0	0	3	7.72
SRR5353570	112	0	0	0	0	0	0	0	0	0	146	0	0	0	0	0	0	0	0	0	0	0	0	0	0	0	0	0	127	0	0	8	0	0	0	0	0	0	0	160	0	0	0	98	0	0	0	94	118.2
SRR5353571	32	0	0	0	0	0	0	0	0	0	43	0	0	0	0	0	0	0	0	0	0	0	0	0	0	0	0	0	27	0	0	5	0	0	0	0	0	0	0	38	0	0	0	19	0	0	0	21	35.05
SRR5353572	171	0	0	0	0	0	0	0	0	0	245	0	0	0	0	0	0	0	0	0	0	0	0	0	0	0	0	0	194	0	0	29	0	0	0	0	0	0	0	251	0	0	0	135	0	0	0	136	193.35
SRR5353573	1	0	0	0	0	0	0	0	0	0	5	0	0	0	0	0	0	0	0	0	0	0	0	0	0	0	0	1	2	0	0	0	0	0	0	0	0	0	0	5	0	0	0	5	0	0	0	1	4.02
SRR5353574	87	0	0	0	0	0	0	0	0	0	144	0	0	0	0	0	0	0	0	0	0	0	0	0	0	0	0	32	118	0	0	10	0	0	0	0	0	0	0	172	25	0	1	83	0	0	0	91	123.59
SRR5353575	0	0	0	0	0	0	0	0	0	0	0	0	0	0	0	0	0	0	0	0	0	0	0	0	0	0	0	0	1	0	0	0	0	0	0	0	0	0	0	0	0	0	0	0	0	0	0	0	1.18
SRR5353576	0	0	0	0	0	0	0	0	0	0	0	0	0	0	0	0	0	0	0	0	0	0	0	0	0	0	0	0	1	0	0	1	0	0	0	0	0	0	0	0	0	0	0	1	0	0	0	4	2.77
SRR5353577	63	0	0	0	0	0	0	0	0	0	80	0	0	0	0	0	0	0	0	0	0	0	0	0	0	0	0	0	62	0	0	7	0	0	0	0	0	0	0	104	0	0	1	56	0	0	0	56	76.48
SRR5353578	54	0	0	0	0	0	0	0	0	0	95	0	0	0	0	0	0	0	0	0	0	0	0	0	0	0	0	0	72	0	0	9	0	0	0	0	0	0	0	76	0	0	0	44	0	0	0	50	69.48
SRR5353579	159	0	0	0	0	0	0	0	0	0	255	0	0	0	0	0	0	0	0	0	0	0	0	0	0	0	0	26	194	0	0	16	0	0	0	0	0	0	0	249	0	0	0	131	0	0	0	161	205.49
SRR5353580	72	0	0	0	0	0	0	0	0	0	103	0	0	0	0	0	0	0	0	0	0	0	0	0	0	0	0	19	67	0	0	13	0	0	0	0	0	0	0	132	0	0	0	47	0	0	0	83	93.72
SRR5353581	0	0	0	0	0	0	0	0	0	0	1	0	0	0	0	0	0	0	0	0	0	0	0	0	0	0	0	0	0	0	0	0	0	0	0	0	0	0	0	0	0	0	0	0	0	0	0	1	1.35
SRR5353582	2	0	0	0	0	0	0	0	0	0	23	0	0	0	0	0	0	0	0	0	0	0	0	0	0	0	0	0	10	0	0	0	0	0	0	0	0	0	0	16	0	0	0	5	0	0	0	7	10.26
SRR5353583	1	0	0	0	0	0	0	0	0	0	5	0	0	0	0	0	0	0	0	0	0	0	0	0	0	0	0	0	1	0	0	0	0	0	0	0	0	0	0	0	0	0	0	1	0	0	0	2	3.37
SRR5353584	4	0	0	0	0	0	0	0	0	0	10	0	0	0	0	0	0	0	0	0	0	0	0	0	0	0	0	0	11	0	0	0	0	0	0	0	0	0	0	7	0	0	0	7	0	0	0	4	8.03
SRR5353585	20	0	0	0	0	0	0	0	0	0	118	0	11	0	0	0	0	0	0	0	0	0	0	0	0	0	0	2	56	0	0	7	0	0	0	0	0	0	0	77	0	0	0	50	0	0	0	41	64.51
SRR5353586	42	0	0	0	0	0	17	0	0	0	104	0	0	0	0	0	0	0	0	0	0	0	0	0	0	0	0	0	102	0	0	2	0	0	0	0	0	0	0	113	0	0	5	53	0	0	0	41	80.38
SRR5353587	24	0	0	0	0	0	0	0	10	0	72	0	0	0	0	0	0	0	0	0	0	0	0	0	0	0	0	27	39	0	0	2	0	0	0	0	0	0	0	64	0	0	0	23	0	0	0	22	42.9
SRR5353588	1	0	0	0	0	0	0	0	0	0	18	0	0	0	0	0	0	0	0	0	0	0	0	0	0	0	0	0	6	0	0	1	0	0	0	0	0	0	0	15	0	0	0	7	0	0	0	8	9
SRR5353589	4	0	0	0	0	0	0	0	1	0	2	0	0	0	0	0	0	0	0	0	0	0	0	0	0	0	0	1	1	0	0	0	0	0	0	0	0	0	0	3	0	0	0	0	0	0	0	4	3.15
SRR5353590	2	0	0	0	0	0	0	0	0	0	21	0	0	0	0	0	0	0	0	0	0	0	0	0	0	0	0	0	10	0	0	0	0	0	0	0	0	0	0	3	0	0	0	4	0	0	0	1	4.64
SRR5353591	46	0	5	0	0	0	0	0	0	0	129	0	0	0	0	0	0	0	0	0	0	0	0	0	0	0	0	5	91	0	0	5	0	0	0	0	0	0	0	82	0	0	0	56	0	0	0	44	81.82
SRR5353592	42	0	0	0	0	0	0	0	0	0	81	0	0	0	0	0	0	0	0	0	0	0	0	0	0	0	0	0	91	0	0	13	0	0	0	0	0	0	0	94	0	0	0	43	0	0	0	48	74.98
SRR5353593	272	0	0	84	0	0	0	0	0	0	364	0	1	0	0	0	0	0	0	0	0	0	0	2	0	0	0	1	371	0	0	31	0	0	0	0	0	0	0	366	0	0	0	228	0	0	0	202	306.01
SRR5353594	44	0	0	0	0	0	0	0	1	0	60	0	0	0	0	0	0	0	0	0	0	0	0	1	0	0	0	3	47	0	0	4	0	0	0	0	0	0	0	62	0	0	0	28	0	0	0	37	45.86
SRR5353595	41	0	0	2	0	0	0	0	0	0	65	0	0	0	0	0	0	0	0	0	0	0	0	0	0	0	0	1	52	0	0	3	0	0	0	0	0	0	0	64	0	0	0	48	0	0	0	34	56.44
SRR5353596	333	0	0	0	0	0	0	0	0	0	468	0	0	0	0	0	0	0	0	0	0	0	0	0	0	0	0	0	467	0	0	29	0	0	0	0	0	87	0	490	0	0	0	325	0	0	0	298	407.2
SRR5353597	104	0	0	0	0	0	0	0	0	0	171	0	0	0	0	0	0	0	0	0	0	0	0	0	0	0	0	1	95	0	0	8	0	1	0	0	0	0	0	151	0	0	0	83	0	0	0	71	118.71
SRR5353598	62	0	0	0	11	0	0	0	0	0	91	0	0	0	0	0	0	0	0	0	0	0	0	0	0	0	0	0	91	0	0	7	0	0	0	0	0	0	0	112	0	0	0	62	0	0	0	37	80.28
SRR5353599	3	0	0	2	0	0	0	0	0	0	9	0	0	0	0	0	0	0	0	0	0	0	0	5	0	0	0	0	5	0	0	0	0	0	0	0	0	0	0	4	0	0	0	10	0	0	0	5	6.13
SRR5353600	8	0	0	4	0	0	0	0	0	0	6	0	0	0	0	0	0	0	0	0	0	0	0	4	0	0	0	0	8	0	0	2	0	0	0	0	0	0	0	5	0	0	0	4	0	0	0	4	8.01
SRR5353601	39	0	0	4	0	0	0	0	0	0	59	0	0	0	0	0	0	0	0	0	0	0	0	30	0	0	0	0	54	0	0	6	0	0	0	0	0	0	0	57	0	0	0	27	0	0	0	31	46.19
SRR5353602	184	0	0	0	0	0	0	0	0	0	268	0	0	0	0	0	0	0	0	0	0	0	0	0	0	0	0	0	260	0	0	25	0	0	0	0	0	0	0	292	0	0	0	176	0	0	0	129	245.3
SRR5353603	167	0	0	0	0	0	0	0	0	0	267	0	0	0	0	0	0	0	0	0	0	0	0	0	0	0	0	41	221	0	0	19	0	0	0	0	0	0	0	241	0	0	0	152	0	0	0	130	214.76
SRR5353604	146	0	0	0	0	0	0	0	0	0	184	0	0	0	0	0	2	0	0	0	0	0	0	0	0	0	0	0	164	0	0	13	0	0	0	1	0	0	0	183	0	0	0	119	0	0	0	104	153.93
SRR5353605	118	0	0	0	0	0	0	0	0	0	168	0	0	0	0	0	0	0	0	0	0	0	0	0	0	0	23	1	135	0	0	11	0	0	0	0	0	0	0	166	0	0	0	91	71	0	0	87	128.92
SRR5353606	2	0	0	0	0	0	0	0	0	0	2	0	0	0	0	0	0	0	0	0	0	0	0	1	0	0	0	0	3	0	0	0	0	0	0	0	0	0	0	0	0	0	0	3	0	0	0	0	2.33
SRR5353607	77	0	0	0	0	0	1	0	0	0	100	0	0	0	0	0	0	0	0	0	0	0	0	1	0	0	0	41	113	0	0	13	0	0	0	0	0	0	0	136	0	0	0	88	0	0	0	82	108.1
SRR5353608	177	0	0	0	0	0	0	0	0	0	223	0	1	0	0	0	0	0	0	0	0	0	0	0	0	0	0	2	235	0	0	17	0	0	0	0	0	0	0	261	0	0	0	168	0	0	0	138	204.22
SRR5353609	69	0	0	0	0	0	2	0	0	0	100	0	0	0	0	0	0	0	0	0	0	60	0	0	0	0	0	22	102	0	0	3	0	0	0	0	0	0	0	121	0	0	0	66	0	0	0	34	87.88
SRR5353610	68	0	0	0	0	0	0	0	0	0	78	0	0	0	0	0	0	0	0	0	0	0	0	0	6	0	0	2	77	0	0	7	0	0	0	0	0	0	0	64	0	0	0	47	0	0	0	43	60.32
SRR5353611	73	0	0	0	0	0	0	0	0	0	93	1	0	0	0	0	0	0	0	0	0	0	0	0	0	0	0	1	66	0	0	21	0	0	0	0	0	0	0	70	0	0	0	40	0	0	0	55	65.91
SRR5353612	7	0	0	0	0	0	0	0	0	0	14	0	0	0	0	0	0	0	0	0	0	0	0	0	0	0	0	1	10	0	0	1	0	0	0	0	0	0	0	10	0	0	0	4	0	0	0	2	7.01
SRR5353613	69	0	0	0	0	0	0	0	0	0	76	0	0	0	0	0	0	0	0	0	15	0	0	0	0	0	0	16	86	0	0	11	0	0	0	0	0	0	0	93	0	0	0	59	0	0	0	48	73.12
SRR5353614	54	0	0	0	0	0	0	0	0	0	83	0	0	0	0	0	0	0	0	0	0	0	0	0	0	0	0	6	82	0	0	10	0	0	0	0	0	0	0	85	0	0	0	45	0	0	0	49	63.76
SRR5353615	222	0	0	0	0	0	0	0	0	0	326	0	1	0	0	0	0	0	0	0	0	0	0	0	0	0	0	23	289	0	0	18	0	0	0	0	0	0	0	342	0	0	0	176	0	58	0	197	279.98
SRR5353616	28	0	0	0	0	0	0	0	0	0	38	0	0	0	0	0	0	0	0	0	0	0	0	0	0	0	0	0	21	0	0	10	0	0	0	0	0	0	0	39	0	0	0	17	0	0	0	18	28.82
SRR5353617	115	0	0	0	0	0	0	0	0	0	189	0	0	0	0	0	0	0	0	0	0	0	0	0	0	0	0	23	180	0	0	14	0	0	0	0	0	0	0	187	0	0	0	126	0	1	0	125	165.79
SRR5353618	95	0	0	0	0	0	0	0	0	0	150	0	0	0	0	21	0	0	0	0	0	0	0	0	0	0	0	0	128	0	0	16	0	0	0	61	0	0	0	164	0	0	0	97	0	1	0	102	127.88
SRR5353619	113	0	0	0	0	0	0	0	0	0	149	0	0	0	0	0	0	0	0	0	0	0	0	0	0	0	0	0	160	0	0	9	0	0	0	0	0	0	0	167	0	0	0	120	0	0	0	92	140.54
SRR5353620	315	0	0	0	0	0	0	0	0	0	470	0	0	0	0	0	0	0	0	0	0	0	0	0	0	0	0	3	397	0	0	29	0	0	0	0	0	0	0	454	0	0	0	310	0	0	0	250	378.98
SRR5353621	60	0	0	0	0	0	0	0	0	0	62	0	0	0	0	0	0	0	0	0	0	0	0	0	0	0	0	22	44	0	1	7	0	0	0	0	0	0	0	93	0	0	55	39	0	0	0	52	65.91
SRR5353622	111	0	0	0	0	0	0	0	0	0	178	0	2	0	0	0	0	0	0	0	0	0	0	0	0	0	0	0	162	0	0	7	0	0	0	0	0	0	0	165	0	0	0	107	0	0	0	89	142.33
SRR5353623	133	0	0	0	0	0	0	0	0	0	201	0	0	0	0	0	0	0	0	0	0	0	0	0	0	0	0	0	160	0	0	28	0	0	0	0	0	0	0	187	0	0	0	106	0	0	0	127	170.31
SRR5353624	103	0	0	0	0	0	0	0	0	0	173	0	0	0	0	0	0	0	0	0	0	1	0	0	0	0	0	0	162	0	0	6	0	0	0	0	0	0	1	181	0	0	0	118	0	0	0	101	141.21
SRR5353625	63	15	0	0	0	0	0	0	0	55	108	0	0	0	0	0	0	0	0	0	0	0	0	0	0	0	0	10	109	0	0	10	59	0	0	0	0	0	0	106	0	0	0	32	0	0	0	44	86.15
SRR5353626	73	0	0	0	0	0	0	0	0	0	101	0	0	0	0	0	0	0	64	0	0	0	0	0	0	0	0	0	73	0	0	5	0	0	0	0	0	0	0	103	0	0	0	35	0	0	0	61	84.85
SRR5353627	0	0	0	0	0	0	0	0	0	0	7	0	0	0	0	0	0	0	0	0	0	0	0	0	0	0	0	0	2	0	0	0	0	0	0	0	0	0	0	3	0	0	0	0	0	0	0	0	2.58
SRR5353628	154	0	0	0	0	0	0	0	0	0	225	0	0	0	0	0	0	0	0	0	0	0	0	0	0	0	0	0	216	0	0	13	0	0	0	0	0	0	0	222	0	0	0	121	0	0	0	129	182.35
SRR5353629	107	0	0	0	0	0	0	0	0	0	118	0	0	0	0	0	0	0	0	0	0	0	0	0	0	0	0	0	127	0	0	9	0	0	0	0	0	0	10	119	0	0	0	86	0	0	0	66	108.32
SRR5353630	34	0	0	0	0	0	0	0	0	0	77	0	0	0	0	0	0	0	0	0	0	0	0	0	0	0	0	18	72	0	0	4	0	0	0	0	0	0	0	65	0	0	0	40	0	0	0	36	58.49
SRR5353631	54	0	0	0	0	0	0	0	0	0	96	0	0	73	0	2	1	0	0	0	0	0	0	0	0	0	0	1	97	0	0	13	0	0	0	1	0	0	0	87	0	0	0	52	0	0	0	46	80.59
SRR5353632	81	0	0	0	0	0	0	0	0	0	122	0	0	0	0	1	0	0	0	0	0	0	0	0	0	0	0	1	121	0	0	13	0	0	0	2	0	0	0	144	0	0	0	78	0	0	0	65	108.35
SRR5353633	54	0	0	0	0	0	0	0	0	0	93	0	0	0	0	0	21	0	0	0	0	0	0	0	0	0	0	0	76	0	0	8	0	0	25	0	0	0	0	107	0	0	0	39	0	0	0	49	80.91
SRR5353634	229	0	0	0	0	0	0	0	0	0	374	2	0	0	0	0	0	0	0	0	1	0	0	0	0	0	0	63	319	0	0	24	0	0	0	0	0	0	0	327	0	0	0	225	0	0	0	223	281.62
SRR5353635	86	0	0	0	0	0	0	0	0	0	121	0	0	0	0	1	0	0	0	0	0	0	0	0	0	0	0	38	111	0	0	10	0	0	0	3	61	0	0	111	0	0	0	72	0	0	0	64	99.55
SRR5353636	77	0	0	0	0	0	0	0	0	0	144	0	0	0	0	0	0	0	0	0	0	0	0	0	0	0	0	0	131	0	0	9	0	0	0	5	0	0	0	141	0	0	0	83	0	0	0	71	113.3
SRR5353637	81	0	0	0	0	0	0	0	0	0	110	0	0	0	0	0	0	0	0	0	0	0	0	0	0	0	0	0	84	0	28	12	0	0	0	2	0	0	0	138	0	0	0	74	0	0	0	85	99.63
SRR5353638	385	0	0	0	0	0	0	1	0	0	546	0	0	0	0	0	0	0	1	0	0	0	0	0	0	0	0	1	518	2	0	53	0	0	0	0	0	0	1	568	0	0	0	374	0	0	0	301	487.49
SRR5353639	66	0	0	0	0	0	0	0	0	0	86	0	0	0	15	0	0	0	0	0	0	0	2	0	0	0	0	4	81	0	0	7	0	0	0	0	0	0	0	100	0	0	0	63	0	0	0	58	87.52
SRR5353640	307	0	0	0	0	0	0	0	0	0	382	0	0	0	0	0	0	0	3	0	0	0	0	0	0	0	0	11	357	26	0	29	0	0	0	0	0	0	0	412	0	0	0	258	0	0	0	272	346.53
SRR5353641	128	0	0	0	0	0	0	0	0	0	183	0	0	0	0	0	0	53	0	0	0	0	0	0	0	0	0	0	150	0	0	4	0	0	0	1	0	0	0	151	0	0	0	100	0	0	0	95	131.51
SRR5353642	190	0	0	0	0	0	0	0	0	0	271	0	0	0	0	0	0	0	1	0	0	0	0	0	0	0	0	1	222	0	0	15	0	0	0	0	0	0	0	318	0	0	0	171	0	0	0	155	226.45
SRR5353643	145	0	0	0	0	0	0	0	0	0	206	0	0	0	0	0	0	0	0	0	0	0	0	0	0	0	0	12	164	0	0	3	0	23	0	0	2	0	0	172	0	0	0	110	0	0	0	116	149.96
SRR5353644	178	0	0	0	0	0	0	0	0	0	265	0	0	0	0	0	0	0	0	0	0	0	0	0	0	0	0	14	266	40	0	11	0	0	0	0	0	0	0	279	0	0	0	158	0	0	0	140	228.3
SRR5353645	53	0	0	0	0	0	0	0	0	0	55	0	0	0	0	0	0	0	0	0	0	0	0	0	0	0	0	0	34	0	0	9	0	0	0	0	0	0	0	63	0	0	0	20	0	0	42	21	48.72
SRR5353646	32	0	0	0	0	0	0	0	0	0	62	0	0	0	0	0	1	0	0	0	0	0	0	0	0	0	0	0	76	0	0	2	0	0	0	0	0	0	0	78	0	0	0	54	0	0	0	21	58.04
SRR5353647	31	0	0	0	0	0	0	0	0	0	68	0	0	0	0	0	0	0	0	0	0	0	0	0	0	0	0	0	73	0	0	8	0	0	0	0	0	0	1	67	0	0	0	37	0	0	0	52	60.11
SRR5353648	3	0	0	0	0	0	0	0	0	0	8	0	0	0	0	0	0	0	0	0	0	0	0	0	0	0	0	0	6	0	0	1	0	0	0	0	0	0	1	6	0	0	0	0	0	0	0	6	7.83
SRR5353649	8	0	0	0	0	0	0	0	0	0	9	0	0	0	0	0	0	0	0	0	0	0	0	0	0	0	0	0	4	0	0	1	0	0	0	0	0	0	0	12	0	0	0	6	0	0	0	11	11.24
SRR5353650	15	0	0	0	0	0	0	0	0	0	20	0	0	0	0	0	0	0	0	0	0	0	0	0	0	0	0	0	21	0	0	0	0	0	0	0	0	0	0	10	0	0	0	9	0	0	0	8	13.24
SRR5353651	6	0	0	0	0	0	0	0	0	0	14	0	0	0	0	0	0	0	0	0	0	0	0	0	0	0	0	0	3	0	0	0	0	0	0	0	0	0	0	8	0	0	0	3	0	0	0	1	4.98
SRR5353652	58	0	0	0	0	0	0	0	0	0	90	0	0	0	0	0	0	0	0	0	0	0	0	0	0	0	0	0	91	0	0	10	0	0	0	0	0	0	0	116	0	0	0	55	0	0	0	46	82.98
SRR5353653	71	0	0	0	0	0	0	0	0	0	82	0	0	0	0	0	0	0	0	0	0	0	27	0	0	48	0	0	92	0	0	10	0	0	0	0	0	0	0	94	0	0	0	51	0	0	0	55	80.8
SRR5353654	96	0	0	0	0	0	0	25	0	0	129	0	0	0	0	0	0	0	0	0	0	0	0	0	0	0	0	32	117	0	0	15	0	0	0	0	0	0	0	117	0	0	0	84	0	0	0	67	107.47
SRR5353655	57	0	0	0	0	0	0	0	0	0	125	0	0	0	0	0	0	0	0	74	0	0	0	0	0	0	0	0	113	0	0	9	0	0	0	0	0	0	0	131	0	49	0	79	0	0	0	63	106.05
SRR5353656	75	0	0	0	0	0	0	0	0	0	154	0	0	0	0	0	0	0	1	0	0	0	0	0	0	0	0	0	106	0	0	6	0	0	0	0	0	0	0	129	0	0	1	95	0	0	0	81	111.41
SRR5353657	31	0	0	0	0	0	0	0	0	0	72	0	0	0	0	0	0	0	0	0	0	0	0	0	0	0	0	0	54	0	0	6	0	0	0	0	0	0	0	58	0	0	0	35	0	0	0	46	52.98
SRR5353658	375	0	0	0	0	0	0	0	0	0	549	0	0	0	0	0	0	0	0	0	1	0	0	0	0	0	0	33	505	0	0	57	0	0	0	0	0	0	0	600	0	0	0	356	0	0	0	299	468.65
SRR5353659	62	0	0	0	0	0	0	0	0	0	73	0	0	2	0	0	0	0	0	0	0	0	0	0	0	0	0	8	69	0	0	8	0	0	0	0	0	0	0	70	0	0	0	41	0	0	0	40	65.55
SRR5353660	116	0	0	0	0	0	0	0	0	0	150	30	0	0	0	0	0	0	0	0	0	0	0	0	0	0	0	0	155	0	0	13	0	0	0	0	0	0	0	160	0	0	0	120	0	0	0	128	145.94
SRR5353661	819	0	0	0	0	0	0	0	0	0	1149	1	0	1	0	0	0	0	0	0	0	0	0	1	0	0	0	76	1055	0	0	115	0	0	0	0	0	0	0	1152	0	0	0	694	0	0	0	730	973.27
SRR5353662	26	0	0	0	0	0	0	0	0	0	38	0	0	0	0	0	0	0	0	0	0	0	0	0	0	0	0	0	31	0	0	3	0	0	0	0	0	0	0	39	0	0	0	23	0	0	0	14	31.59
SRR5353663	159	0	0	0	0	99	0	0	0	0	246	0	0	0	0	0	0	0	0	0	0	0	0	0	0	0	0	0	193	0	0	18	0	0	0	0	0	0	0	193	0	0	0	147	0	0	0	123	185.9
SRR5353664	5	0	0	0	0	0	0	0	0	0	5	0	0	0	0	0	0	0	0	0	0	0	0	0	0	0	0	0	7	0	0	0	0	0	0	0	0	0	0	3	0	0	0	6	0	0	0	0	3.64
