cells	chrMT:73:A/G	chrMT:531:T/C	chrMT:733:T/C	chrMT:877:G/A	chrMT:934:G/A	chrMT:1171:A/G	chrMT:1315:G/A	chrMT:1490:T/C	chrMT:1538:G/A	chrMT:2244:T/C	chrMT:2275:T/C	chrMT:2537:G/A	chrMT:2636:G/A	chrMT:3244:G/A	chrMT:3392:G/A	chrMT:3653:T/C	chrMT:4341:G/A	chrMT:4370:T/C	chrMT:4406:A/G	chrMT:5374:T/A	chrMT:5508:T/C	chrMT:5538:G/A	chrMT:5560:G/A	chrMT:7490:A/G	chrMT:7657:T/C	chrMT:7853:G/A	chrMT:8211:T/C	chrMT:8728:T/C	chrMT:8741:T/C	chrMT:9247:G/A	chrMT:9310:T/C	chrMT:9645:G/A	chrMT:9787:G/A	chrMT:9977:T/C	chrMT:10646:G/A	chrMT:10893:T/C	chrMT:10990:C/T	chrMT:11672:A/G	chrMT:11711:G/A	chrMT:12234:A/G	chrMT:12467:T/C	chrMT:12561:G/A	chrMT:13691:A/G	chrMT:13896:T/C	chrMT:14016:G/A	chrMT:14314:A/T	chrMT:14590:C/T	chrMT:14849:T/C	chrMT:14856:T/C	chrMT:15083:T/C	chrMT:15279:T/C	chrMT:15575:G/A	chrMT:15639:T/G	chrMT:15785:T/C	chrMT:16065:G/A	chrMT:16129:G/A	chrMT:16164:A/G	chrMT:16256:C/T	chrMT:16293:A/G	chrMT:16527:C/T	depth
SRR5353473	156	0	0	0	0	0	0	0	0	0	0	0	0	0	2	0	16	0	0	0	0	0	0	49	212	0	0	0	0	0	0	0	0	0	0	0	0	0	0	0	0	0	0	0	0	0	161	0	0	0	0	0	2	0	0	0	0	0	0	126	192.36
SRR5353474	87	0	0	0	0	0	0	0	0	0	1	0	0	0	0	0	1	0	0	0	0	0	0	15	79	0	0	0	0	0	0	0	0	0	1	0	0	0	0	0	0	0	0	0	0	2	56	0	1	0	0	2	45	0	0	0	0	0	0	38	83.64
SRR5353475	158	0	0	0	0	0	0	0	0	0	19	0	0	0	0	0	0	0	0	0	0	0	0	0	181	0	0	0	0	0	0	0	0	0	0	0	0	0	0	0	0	2	0	0	0	0	141	0	0	0	0	0	1	0	0	0	0	0	0	138	184.77
SRR5353476	85	0	0	0	0	0	0	0	0	0	0	0	0	0	0	0	0	0	0	0	0	0	0	0	102	0	0	0	0	0	0	0	0	0	0	0	0	0	0	0	0	0	0	0	0	0	68	0	0	0	0	0	0	0	0	0	0	0	0	67	93.34
SRR5353477	52	0	0	0	0	0	0	0	0	0	2	0	0	0	0	0	0	0	0	1	0	0	0	2	91	0	0	0	0	1	0	0	0	0	0	0	0	0	0	0	0	0	0	0	0	0	40	0	0	0	0	0	0	0	0	0	0	0	0	51	57.5
SRR5353478	119	18	0	0	0	0	0	0	0	0	0	0	0	0	0	0	0	0	0	0	0	0	0	9	213	0	0	0	0	0	0	0	0	0	0	0	0	0	0	0	0	0	0	0	1	0	105	0	0	0	0	0	0	0	0	0	0	0	0	129	179.07
SRR5353479	4	0	0	0	0	0	0	0	0	0	0	0	0	0	0	0	1	0	0	0	0	0	0	0	10	0	0	0	0	0	0	0	0	0	0	0	0	0	0	0	0	0	0	0	0	0	4	0	0	0	0	0	0	0	0	0	0	0	0	7	5.94
SRR5353480	157	0	0	0	0	0	0	0	0	0	0	0	0	0	0	0	2	0	0	0	0	0	0	3	198	0	0	0	0	0	0	0	0	0	0	0	0	0	0	0	0	0	0	1	0	0	143	0	0	0	0	0	1	0	0	0	0	0	0	110	188.5
SRR5353481	245	0	0	0	0	0	0	0	0	0	0	0	0	0	0	0	0	0	0	45	0	0	0	27	245	0	0	0	0	0	0	0	0	0	0	0	0	0	0	0	0	0	0	0	0	0	152	0	0	0	0	0	1	0	0	0	0	0	0	190	234.69
SRR5353482	17	0	0	0	0	0	0	0	0	0	0	0	22	0	0	0	0	0	0	0	0	0	0	0	33	0	0	0	0	0	0	0	0	0	0	0	0	0	0	0	0	0	0	0	0	0	15	0	0	0	0	0	0	0	0	0	0	0	0	8	24.76
SRR5353483	49	0	0	0	0	0	0	0	0	0	0	0	0	0	0	0	0	0	0	0	0	0	0	0	69	0	0	0	0	0	0	0	0	0	0	0	0	0	0	0	0	0	0	0	0	0	40	0	0	0	0	0	0	0	0	0	0	0	0	39	52.38
SRR5353484	75	0	0	0	0	0	0	0	0	0	0	0	0	0	0	0	0	0	0	0	0	0	0	0	131	0	0	0	0	0	0	0	0	0	0	0	0	0	0	0	0	0	0	0	0	0	64	0	0	0	0	0	0	0	0	0	0	0	0	57	97.84
SRR5353485	1	0	0	0	0	0	0	0	0	0	0	0	0	0	0	0	0	0	0	0	0	0	0	0	4	0	0	0	0	0	0	0	0	0	0	0	0	0	0	0	0	0	0	0	0	0	3	0	0	0	0	0	0	0	0	0	0	0	0	1	2.61
SRR5353486	27	0	0	0	0	0	0	0	0	0	0	0	0	0	0	0	0	0	0	0	0	0	0	0	40	0	0	0	0	0	0	0	0	0	0	0	0	0	0	0	0	0	0	0	0	0	15	0	0	0	0	0	0	0	0	0	0	0	0	18	42.09
SRR5353487	2	0	0	0	0	0	0	0	0	0	0	0	0	0	0	0	0	0	0	0	0	0	0	0	3	0	0	0	0	0	0	0	0	0	0	0	0	0	0	0	0	0	0	0	0	0	1	0	0	0	0	0	0	0	0	0	0	0	0	0	2.58
SRR5353488	1	0	0	0	0	0	0	0	0	0	0	0	0	0	0	0	0	0	0	0	0	0	0	0	0	0	0	0	0	0	0	0	0	0	0	0	0	0	0	0	0	0	0	0	0	0	0	0	0	0	0	0	0	0	0	0	0	0	0	0	1.86
SRR5353489	0	0	0	0	0	0	0	0	0	0	0	0	0	0	0	0	0	0	0	0	0	0	0	0	0	0	0	0	0	0	0	0	0	0	0	0	0	0	0	0	0	0	0	0	0	0	0	0	0	0	0	0	0	0	0	0	0	0	0	0	1.51
SRR5353490	50	0	0	0	0	0	0	0	0	0	0	0	0	0	0	0	0	0	0	0	0	0	0	0	79	16	0	0	0	0	15	0	0	0	0	0	0	0	0	0	0	0	0	0	0	0	51	0	0	0	0	0	0	0	0	0	0	0	0	36	71.34
SRR5353491	0	0	0	0	0	0	0	0	0	0	0	0	0	0	0	0	0	0	0	0	0	0	0	0	0	0	0	0	0	0	0	0	0	0	0	0	0	0	0	0	0	0	0	0	0	0	0	0	0	0	0	0	0	0	0	0	0	0	0	0	1.8
SRR5353492	23	0	0	0	0	0	0	0	0	0	0	0	0	0	0	0	0	0	0	0	0	0	0	6	50	0	0	0	0	0	0	0	0	0	0	0	0	0	0	0	0	0	0	0	0	0	24	0	0	0	0	0	0	0	11	0	0	0	0	11	38.38
SRR5353493	4	0	0	0	0	0	0	0	0	0	0	0	0	0	0	0	0	0	0	0	0	0	0	0	23	0	0	0	0	0	0	0	0	0	0	0	0	0	0	0	0	0	0	0	0	0	20	0	0	0	0	0	0	0	0	0	0	0	0	6	14.67
SRR5353494	24	0	0	0	0	0	0	0	0	0	0	0	0	0	0	0	0	0	0	0	0	0	0	3	55	0	0	14	0	0	0	0	0	0	0	0	0	0	0	0	0	0	0	0	0	0	31	0	0	0	0	0	0	0	0	0	0	0	0	28	59.73
SRR5353495	21	0	0	0	0	0	0	0	0	0	0	0	0	0	0	0	0	0	0	0	0	0	0	2	42	0	0	0	0	0	0	0	0	0	0	0	0	0	0	0	0	0	0	0	0	0	17	0	0	0	0	0	0	0	0	0	0	0	0	14	30.87
SRR5353496	2	0	0	0	0	0	0	0	0	0	0	0	0	0	0	0	0	0	0	0	0	0	0	0	2	0	0	0	0	0	0	0	0	0	0	0	0	0	0	0	0	0	0	0	0	0	1	0	0	0	0	0	0	0	0	0	0	0	0	5	2.37
SRR5353497	85	0	0	0	0	0	0	0	0	0	0	0	0	0	0	0	0	0	0	0	76	0	0	0	105	0	0	0	0	0	0	0	0	0	0	0	0	0	0	1	0	0	0	0	0	0	67	0	0	0	0	0	0	0	0	0	0	0	0	70	108.41
SRR5353498	168	0	0	0	0	0	0	0	0	0	0	0	0	0	0	0	0	0	0	0	0	0	0	0	207	0	0	0	0	0	0	0	0	0	0	0	0	0	0	0	0	0	0	0	0	0	140	0	1	0	0	0	0	0	0	0	0	0	33	125	191.3
SRR5353499	88	0	0	0	0	0	0	0	0	0	0	0	0	0	0	0	0	0	0	0	0	0	0	1	85	0	0	0	0	0	0	0	0	0	0	0	0	0	0	0	0	0	0	0	0	0	50	0	0	0	0	0	0	0	0	0	0	0	0	62	88.76
SRR5353500	65	0	0	0	0	0	0	0	0	0	0	0	0	0	0	0	0	0	0	0	0	0	0	0	100	0	0	0	0	0	0	0	0	0	0	0	0	0	0	0	1	0	0	0	0	0	60	0	0	0	0	0	0	0	0	0	0	0	0	50	88.69
SRR5353501	20	0	0	0	0	0	0	0	0	0	0	0	0	0	0	0	0	0	0	0	0	0	0	0	11	0	0	0	0	0	0	0	0	0	0	0	0	0	0	0	0	0	0	0	0	0	12	0	0	0	0	0	0	0	0	0	0	0	0	13	9.98
SRR5353502	55	0	0	0	0	0	0	0	0	0	0	0	0	0	0	0	0	0	0	0	0	0	0	17	109	0	0	0	0	0	0	0	0	0	0	0	0	0	0	1	0	0	0	0	0	0	65	0	0	0	0	0	0	0	0	1	0	0	0	77	95.92
SRR5353503	137	2	0	0	0	0	0	0	0	0	0	0	0	0	0	0	0	0	0	0	0	0	0	0	222	0	0	0	0	0	0	0	0	0	0	0	0	0	0	0	94	0	0	0	0	2	122	0	0	0	0	0	0	0	0	0	0	0	0	147	188.56
SRR5353504	29	0	0	0	0	0	0	0	1	0	0	0	0	0	0	0	0	0	0	0	0	0	0	1	27	0	0	0	0	0	0	0	0	0	0	0	0	0	0	0	0	0	0	0	0	0	23	0	0	0	0	0	0	1	0	0	0	0	0	26	29.48
SRR5353505	116	0	0	0	0	0	0	0	0	0	0	12	0	0	0	0	0	0	0	0	0	0	0	1	90	0	0	0	0	0	0	0	0	0	0	0	0	17	0	0	0	0	0	0	0	0	83	0	0	0	0	0	0	0	0	0	0	1	0	85	104.3
SRR5353506	6	0	0	0	0	0	0	0	0	1	0	0	0	0	0	0	0	0	0	0	0	0	0	1	16	0	0	1	0	0	0	0	0	0	0	0	0	0	0	0	0	0	0	0	0	0	8	0	0	0	0	0	0	0	0	0	0	0	0	7	14.04
SRR5353507	76	0	0	0	0	0	0	0	0	0	0	0	0	0	0	0	0	0	0	0	0	0	0	13	88	0	0	0	0	0	0	0	0	0	0	0	0	0	0	0	0	0	0	0	0	0	64	0	0	0	0	0	0	0	0	0	0	0	0	67	91.1
SRR5353508	8	0	0	0	0	0	0	0	0	0	0	0	0	0	0	0	0	0	0	0	0	0	0	4	4	0	0	0	0	0	0	0	0	0	0	0	0	0	0	0	0	0	0	0	0	0	10	0	0	0	0	0	0	0	0	0	0	0	0	2	7.85
SRR5353509	254	0	0	0	0	0	0	0	0	0	0	0	0	0	0	0	0	0	0	0	0	0	0	14	379	0	0	0	40	0	0	0	0	0	0	0	0	0	0	0	0	0	0	0	0	97	262	0	0	0	0	0	0	0	0	0	0	0	0	233	335.81
SRR5353510	81	0	0	0	0	0	0	0	0	0	0	0	0	0	0	0	0	0	0	0	0	0	0	23	105	0	0	0	0	0	0	0	0	0	0	0	0	0	0	0	0	0	0	0	0	0	80	0	0	0	0	0	0	0	0	0	0	0	0	75	108.87
SRR5353511	119	0	0	0	0	6	0	0	0	0	0	0	0	0	0	0	0	0	0	0	0	0	0	1	171	0	0	0	0	0	0	0	0	0	2	0	0	0	0	0	0	0	0	0	0	0	130	0	1	0	0	0	0	0	0	0	0	0	0	107	152.92
SRR5353512	90	0	0	0	0	0	0	0	0	0	0	0	0	0	0	0	1	0	0	0	0	0	0	2	167	0	0	0	0	0	0	0	0	0	0	0	0	0	0	0	0	0	0	0	0	0	122	0	0	0	0	0	0	0	0	0	0	0	0	81	142.34
SRR5353513	22	0	0	0	0	0	0	0	0	0	0	0	0	0	0	0	0	0	0	0	0	0	0	0	24	0	0	0	0	0	0	0	0	0	0	0	0	0	0	0	0	0	0	0	0	0	8	0	0	0	0	0	0	0	0	0	0	0	0	15	20.26
SRR5353514	68	0	0	0	0	0	0	0	0	0	0	0	0	0	0	0	0	7	0	0	0	0	0	0	126	0	0	0	0	0	0	0	0	0	0	0	0	0	0	0	0	0	0	0	0	0	58	0	0	0	0	0	0	0	0	0	0	0	0	67	96.09
SRR5353515	76	0	0	0	0	0	0	0	0	0	0	0	0	1	0	0	0	0	0	0	2	0	0	0	122	0	0	0	0	0	0	69	0	0	0	0	0	0	0	0	1	0	0	0	0	0	85	0	0	0	0	0	0	0	0	0	0	88	0	72	115.52
SRR5353516	319	0	0	0	0	0	0	0	0	0	0	0	0	0	0	0	0	0	0	0	1	0	0	32	454	0	0	0	0	0	0	0	0	0	0	0	0	0	1	0	0	0	0	0	0	0	325	0	0	1	0	2	0	0	0	0	0	0	0	298	427.16
SRR5353517	146	0	0	0	2	0	0	0	0	0	0	0	0	0	0	0	0	0	0	0	3	0	0	0	192	0	0	0	0	0	0	0	0	0	0	0	0	0	0	0	0	0	0	38	0	0	142	0	2	0	114	0	0	0	0	0	12	0	0	127	178.35
SRR5353518	6	0	0	0	0	0	0	0	0	0	0	0	0	0	0	0	0	0	0	0	1	0	0	0	15	0	0	0	0	0	0	0	0	0	0	0	0	0	0	0	0	0	0	0	0	0	8	0	0	0	0	0	0	0	0	0	0	0	0	6	11.36
SRR5353519	39	0	0	0	0	0	0	0	0	0	0	0	0	0	0	0	0	0	0	0	0	0	0	0	45	0	0	0	0	0	0	0	0	0	0	0	0	1	0	0	0	0	0	0	0	0	38	0	0	0	0	0	0	0	0	0	0	0	0	35	47.28
SRR5353520	2	0	0	0	0	0	0	0	0	0	0	0	0	0	0	0	0	0	0	0	0	0	0	0	3	0	0	0	0	0	0	0	0	0	0	0	0	0	0	0	0	0	0	0	0	0	0	0	0	0	0	0	0	0	0	0	0	0	0	0	3.17
SRR5353521	47	0	0	0	0	0	0	0	0	0	0	0	0	0	0	0	0	0	0	0	1	0	0	0	73	0	0	0	0	0	0	0	0	0	0	0	0	0	0	0	0	0	8	0	8	0	40	0	0	0	0	0	0	0	0	0	0	0	0	48	66.04
SRR5353522	75	0	0	0	0	0	0	0	0	0	0	0	0	0	0	0	0	0	0	0	1	0	0	50	146	0	0	0	0	0	0	0	0	0	0	0	0	0	0	0	1	0	0	0	0	0	88	0	0	0	2	0	0	0	0	0	0	0	0	78	121.49
SRR5353523	3	0	0	0	0	0	0	0	0	0	0	0	0	0	0	0	0	0	0	0	0	0	0	0	3	0	0	0	0	0	0	0	0	0	0	0	0	0	0	0	0	0	0	0	0	1	4	0	0	0	0	0	0	0	0	0	0	0	0	0	3.56
SRR5353524	178	0	0	0	24	5	0	0	1	0	0	0	0	0	0	0	0	0	0	0	0	0	0	11	224	0	0	0	0	0	0	0	71	0	1	0	0	0	0	0	0	0	0	0	0	0	157	0	0	0	0	0	0	0	0	65	0	0	0	138	210.09
SRR5353525	42	0	0	0	0	0	0	0	0	0	0	0	0	0	0	0	0	0	0	0	0	0	0	4	60	0	0	0	0	26	0	0	0	0	0	0	0	0	0	0	0	0	0	0	0	0	34	0	0	0	0	0	0	0	0	0	0	0	0	42	74.01
SRR5353526	99	0	0	0	0	0	0	0	0	0	0	0	0	0	0	0	0	0	0	0	0	0	0	25	140	0	0	0	0	0	0	0	0	0	0	0	0	0	0	0	0	0	0	0	0	0	131	0	0	0	0	0	0	0	0	0	0	0	0	106	151.18
SRR5353527	149	0	0	0	0	0	0	0	2	0	0	0	0	0	0	0	0	0	0	0	0	0	0	0	183	0	1	0	0	0	0	0	0	0	0	0	74	0	19	0	0	0	0	0	0	0	140	0	0	0	0	0	0	0	0	0	0	0	0	108	173.61
SRR5353528	233	0	0	0	0	0	0	120	0	0	0	0	0	0	0	0	0	0	0	0	0	0	0	11	302	0	0	0	0	0	0	0	0	0	0	0	0	0	0	0	1	0	0	0	0	1	234	0	0	0	0	0	0	0	0	0	0	0	0	224	301.51
SRR5353529	86	0	0	0	0	0	0	0	0	0	0	0	0	0	0	0	0	0	0	0	0	0	0	1	107	0	0	0	0	0	0	0	0	0	1	0	0	0	1	0	0	0	0	0	0	0	60	0	77	0	0	0	0	0	0	0	0	0	0	50	92.79
SRR5353530	7	0	0	0	0	0	0	0	0	0	0	0	0	0	0	0	0	0	0	0	0	0	0	1	3	0	0	0	0	0	0	0	0	0	0	0	0	0	0	0	1	0	0	0	0	0	9	0	0	0	2	0	0	0	0	0	0	0	0	2	6.2
SRR5353531	76	0	0	0	0	0	2	0	0	0	0	0	0	0	0	0	0	0	0	0	0	0	0	24	69	0	0	0	0	0	0	0	0	0	0	0	0	0	0	0	0	0	0	0	0	0	84	0	0	0	0	0	0	0	0	0	0	0	0	56	88.5
SRR5353532	5	0	0	0	0	0	0	0	1	0	0	0	0	0	0	0	0	0	0	0	0	0	0	0	2	0	0	0	0	0	0	0	0	0	0	0	0	0	0	0	0	0	0	0	0	0	4	0	0	0	0	0	0	0	0	0	0	0	0	3	6.67
SRR5353533	80	0	0	0	0	0	0	0	0	0	0	0	0	0	0	0	0	0	0	0	0	0	0	20	99	0	0	0	0	0	0	0	1	0	0	0	0	0	0	0	0	0	0	0	0	1	83	0	0	0	0	0	0	0	0	0	0	0	0	58	108.68
SRR5353534	14	0	0	0	0	0	0	0	0	0	0	0	0	0	0	0	0	0	0	0	0	0	0	3	20	0	0	0	1	0	0	0	0	0	0	0	0	0	0	0	0	0	0	0	1	1	16	0	0	0	0	0	0	0	0	0	0	0	0	5	18.42
SRR5353535	109	0	0	0	0	1	0	0	0	0	0	0	0	0	0	0	0	0	0	0	0	0	0	45	138	0	0	0	1	0	0	0	0	1	0	0	0	0	0	0	0	0	0	0	0	2	111	0	0	0	2	0	0	0	0	0	0	0	0	109	132.93
SRR5353536	56	0	0	0	0	0	0	0	0	2	0	0	0	0	0	0	0	0	0	0	0	0	0	0	87	0	0	0	0	0	0	0	0	0	0	0	0	0	0	0	0	0	0	0	0	0	68	0	0	0	0	0	0	0	0	0	0	0	0	43	79.34
SRR5353537	8	0	0	0	0	0	0	0	0	0	0	0	0	0	0	0	0	0	0	0	0	0	0	0	7	0	0	0	0	0	0	0	0	0	0	0	0	0	0	0	0	0	0	0	0	0	6	0	0	0	0	0	0	0	0	0	0	0	0	1	4.96
SRR5353538	76	0	0	0	0	0	0	0	0	0	0	0	0	0	0	0	0	1	0	0	0	0	0	19	96	0	0	0	0	0	0	0	0	0	0	0	0	0	0	0	0	0	0	0	0	0	76	0	0	0	0	0	0	1	0	0	0	0	0	73	97.93
SRR5353539	215	0	0	0	0	0	0	0	2	0	0	0	0	0	0	0	0	0	0	0	0	0	0	1	268	0	0	0	0	0	0	0	0	1	0	0	0	0	0	0	0	0	0	0	0	3	186	1	0	0	2	0	0	0	0	0	0	0	0	183	257.04
SRR5353540	69	0	0	0	0	0	0	0	93	0	0	0	0	0	0	0	0	0	0	0	0	0	0	0	106	0	1	0	2	0	0	0	0	0	0	0	0	0	0	0	0	0	0	0	0	2	75	0	0	0	4	0	0	0	0	0	0	0	0	54	89.09
SRR5353541	284	0	0	0	0	0	0	0	1	0	0	0	0	55	0	0	0	0	0	0	0	0	0	26	358	0	0	0	1	0	0	0	0	0	0	0	0	0	0	46	0	0	0	0	0	3	247	0	0	0	2	0	0	0	0	0	0	0	0	220	324.18
SRR5353542	53	0	0	0	0	0	0	0	0	0	2	0	0	0	0	0	0	0	0	0	0	0	0	0	69	0	0	0	0	0	0	0	1	0	0	0	0	0	0	0	0	0	0	0	0	0	67	0	0	21	0	0	0	0	0	0	0	0	0	44	75.07
SRR5353543	91	0	0	0	0	0	0	0	0	0	0	0	0	0	0	0	0	0	0	0	0	19	0	0	161	0	34	0	0	0	0	0	0	47	0	40	0	0	0	0	0	0	2	0	1	0	110	0	0	0	0	0	0	0	0	0	0	0	0	83	129.91
SRR5353544	8	0	0	0	0	0	0	0	0	0	0	0	0	0	0	0	0	1	0	0	0	0	0	0	3	0	0	0	0	0	0	0	0	0	0	0	0	0	0	0	0	0	0	0	1	0	10	0	0	0	0	0	0	0	0	0	0	0	0	5	5.34
SRR5353545	62	0	0	0	0	0	0	0	0	0	0	0	0	0	0	21	0	0	0	0	0	0	0	1	66	0	0	0	0	0	0	0	0	0	0	0	0	0	0	0	0	0	0	0	0	1	55	0	0	0	4	0	0	0	0	0	0	0	0	46	69.13
SRR5353546	38	0	0	0	0	0	0	0	0	0	0	0	0	0	0	0	0	0	0	0	0	0	0	0	48	0	0	0	0	0	0	0	0	1	0	0	0	0	0	0	0	0	0	0	0	0	31	0	0	0	1	0	0	0	0	0	0	0	0	33	47.96
SRR5353547	62	0	0	0	0	0	0	0	0	0	0	0	0	0	17	0	0	0	0	0	0	0	0	0	75	0	0	0	0	0	0	0	0	1	0	0	0	0	0	0	0	0	0	0	1	0	36	0	0	0	0	0	0	0	0	0	0	0	0	49	76.23
SRR5353548	92	1	0	0	0	0	0	0	0	0	0	0	0	6	0	0	0	0	0	0	0	0	0	1	82	0	0	0	0	0	0	0	0	0	0	0	0	0	0	1	0	0	0	0	0	0	37	0	0	0	0	0	0	0	0	0	0	0	0	46	71.49
SRR5353549	23	0	0	0	0	0	0	0	0	0	0	0	0	0	0	0	0	0	0	0	0	0	0	0	34	0	0	0	0	0	0	0	0	0	0	0	0	0	0	0	0	0	0	0	0	0	13	0	0	0	0	0	0	0	0	0	0	0	0	17	22.55
SRR5353550	253	0	0	0	0	0	0	0	0	36	0	0	0	0	0	0	0	0	0	0	0	0	0	31	348	0	0	0	0	0	2	0	1	0	88	0	0	0	0	0	0	66	0	0	0	0	218	0	0	0	0	0	0	0	0	0	0	0	0	221	324.32
SRR5353551	74	0	0	0	0	0	0	0	1	0	0	0	0	55	0	0	0	0	0	0	0	0	0	1	68	0	0	0	0	0	0	0	0	0	0	0	0	0	0	0	0	0	0	0	0	0	52	0	0	0	0	0	0	0	0	0	0	0	0	55	82.24
SRR5353552	86	0	31	0	0	0	0	0	0	0	0	0	0	0	0	0	0	0	0	0	0	0	0	14	107	0	0	0	0	0	0	0	0	0	0	0	0	0	0	0	0	0	0	0	0	0	58	0	0	0	0	0	0	0	0	0	0	0	0	57	80.73
SRR5353553	238	0	0	0	0	0	61	0	0	0	0	0	0	0	0	0	0	0	0	0	0	0	0	80	300	0	0	0	0	0	0	0	0	0	1	0	0	0	0	0	0	0	0	0	1	0	217	0	0	0	0	0	0	0	0	9	0	0	0	178	279.8
SRR5353554	77	0	0	0	0	0	0	0	0	0	0	0	0	0	0	0	0	0	0	0	0	0	0	0	72	0	0	0	0	0	0	0	0	0	0	0	0	0	0	0	0	0	0	0	0	0	44	1	0	0	0	0	0	0	0	0	0	0	0	46	66.05
SRR5353555	38	0	0	0	1	0	0	0	0	0	0	0	0	0	0	0	0	0	0	0	0	0	0	0	61	0	0	0	0	0	0	0	0	0	0	0	0	0	0	0	0	0	0	0	0	0	39	0	0	0	0	0	0	0	0	0	0	0	0	28	46.38
SRR5353556	10	0	0	0	0	0	0	0	0	0	0	0	0	0	0	0	0	0	0	0	0	0	0	0	36	0	0	0	0	0	0	0	0	0	0	0	0	0	0	0	0	0	0	0	0	0	19	0	0	0	0	0	0	0	0	0	0	0	0	23	24.1
SRR5353557	88	0	0	1	0	0	0	0	0	0	0	0	0	3	0	0	0	0	0	0	0	0	0	29	138	0	0	0	0	0	0	0	0	0	0	0	0	0	0	0	0	0	0	0	0	0	102	0	0	0	0	0	0	0	0	0	0	0	0	70	109.8
SRR5353558	98	0	0	0	0	0	0	0	0	0	0	0	0	0	0	0	0	0	0	0	0	0	0	4	131	0	0	0	0	0	0	0	0	0	0	0	0	16	0	0	0	0	0	0	0	0	63	0	1	0	0	0	0	0	0	0	0	0	0	68	100.49
SRR5353559	163	0	0	0	0	0	0	0	0	0	0	0	0	0	0	0	0	0	20	0	0	0	0	1	199	0	0	0	0	0	0	0	0	0	0	0	0	0	39	0	0	0	0	0	0	0	151	0	0	0	0	0	0	0	0	0	0	0	0	105	169.05
SRR5353560	109	0	0	0	0	0	0	0	0	0	0	0	0	0	0	0	0	0	0	0	0	0	0	0	136	0	0	0	0	0	0	0	1	0	0	0	0	0	0	0	0	0	0	0	0	0	77	0	0	0	0	32	0	0	0	3	0	0	0	88	114.42
SRR5353561	81	0	0	0	0	0	0	0	0	0	0	0	0	0	0	0	0	0	0	0	0	0	0	0	65	0	0	0	0	0	0	0	0	0	0	0	0	0	0	0	0	0	0	0	0	0	41	0	0	0	0	0	0	0	0	0	0	0	0	35	57.86
SRR5353562	93	0	0	21	0	0	0	0	0	0	0	0	0	8	0	0	0	0	0	0	0	0	0	0	134	0	0	0	0	0	0	0	0	0	0	0	0	0	0	1	0	0	0	0	0	0	104	33	0	0	0	0	0	0	0	2	0	0	0	84	122.46
SRR5353563	173	0	0	0	0	0	0	0	0	0	0	0	0	0	0	0	0	0	0	0	0	0	0	0	235	0	0	0	0	0	0	0	0	0	0	0	0	0	0	0	0	0	0	0	0	0	146	0	2	0	0	0	0	0	0	0	0	0	0	149	202.78
SRR5353564	130	0	0	0	0	0	0	0	2	0	0	0	0	0	0	0	0	0	0	0	0	0	0	1	171	0	0	0	0	0	0	0	0	1	0	0	0	0	0	0	0	0	0	0	0	0	130	0	5	0	0	52	0	0	0	0	0	0	0	97	157.79
SRR5353565	533	0	0	0	0	0	0	0	0	0	0	0	0	13	0	0	0	0	0	0	0	0	74	42	682	0	0	0	0	0	0	0	0	0	0	0	1	0	0	2	0	0	0	0	0	2	477	0	1	2	0	0	0	0	0	0	0	0	0	455	615.31
SRR5353566	100	0	0	0	0	0	0	0	0	0	0	0	0	0	0	0	0	0	0	0	0	0	0	0	185	0	0	0	0	0	0	0	1	0	0	0	0	0	0	0	0	0	0	0	0	0	103	0	0	0	0	1	0	0	0	0	0	0	0	88	156.1
SRR5353567	132	0	0	0	1	0	0	0	1	0	0	0	0	0	0	0	0	0	0	0	0	0	0	0	162	0	0	0	0	0	0	0	0	0	1	0	0	0	0	0	0	0	0	0	0	0	135	0	1	0	0	0	0	89	0	1	0	0	0	126	179.64
SRR5353568	69	0	0	0	1	0	0	0	0	0	0	0	0	0	0	0	0	0	0	0	0	0	0	2	54	0	0	0	0	0	0	0	1	0	0	0	0	0	0	0	0	0	0	0	0	0	54	0	0	0	0	0	0	0	0	1	0	0	0	51	77.12
