cells	chrMT:73:A/G	chrMT:204:T/C	chrMT:497:C/T	chrMT:642:T/C	chrMT:865:A/G	chrMT:1217:G/A	chrMT:1438:A/G	chrMT:1456:T/C	chrMT:1811:A/G	chrMT:1958:G/A	chrMT:2473:A/G	chrMT:2576:A/G	chrMT:2706:A/G	chrMT:2734:A/C	chrMT:3003:A/G	chrMT:3387:T/C	chrMT:3715:G/A	chrMT:4640:C/T	chrMT:4688:T/C	chrMT:5140:G/A	chrMT:5258:A/G	chrMT:5311:T/C	chrMT:5539:A/G	chrMT:5628:T/C	chrMT:5925:T/C	chrMT:5967:T/C	chrMT:7021:T/C	chrMT:8060:G/A	chrMT:8533:G/A	chrMT:8744:T/C	chrMT:9010:G/A	chrMT:9663:G/A	chrMT:9673:G/A	chrMT:9877:T/C	chrMT:9925:G/A	chrMT:10120:C/T	chrMT:10393:A/G	chrMT:10550:A/G	chrMT:11391:G/A	chrMT:11439:G/A	chrMT:11485:T/C	chrMT:11840:C/T	chrMT:11878:T/C	chrMT:11982:T/C	chrMT:12129:T/C	chrMT:12136:T/C	chrMT:12242:A/C	chrMT:12257:G/A	chrMT:12372:G/A	chrMT:12733:A/G	chrMT:12880:T/C	chrMT:13062:A/G	chrMT:13145:G/C	chrMT:13269:A/G	chrMT:13487:C/T	chrMT:13931:T/C	chrMT:13975:A/G	chrMT:14430:A/G	chrMT:14566:A/G	chrMT:14766:C/T	chrMT:14847:G/A	chrMT:15266:A/T	chrMT:15613:A/G	chrMT:16129:G/A	chrMT:16172:T/C	chrMT:16293:A/G	chrMT:16497:A/G	depth
SRR5353665	27	0	39	0	0	0	34	0	47	0	0	0	29	0	0	0	0	0	0	4	0	0	0	0	0	0	0	0	0	0	0	0	0	0	0	0	0	40	0	0	51	43	0	0	0	0	0	0	27	0	0	0	0	0	0	0	0	0	0	18	0	0	0	0	0	0	0	33.87
SRR5353666	114	0	107	0	0	0	114	0	130	0	0	0	137	0	0	0	0	0	0	4	0	0	0	0	0	0	0	0	0	0	0	0	0	0	0	0	0	172	0	65	159	146	0	0	0	0	0	0	111	0	0	0	0	0	0	0	0	0	0	93	0	0	0	0	0	0	0	124.77
SRR5353667	74	0	87	36	0	0	94	0	73	0	0	0	123	0	0	0	0	0	0	6	0	0	0	0	0	0	0	0	0	0	0	0	9	0	0	0	0	111	1	0	118	135	0	0	0	0	0	0	77	0	0	0	0	0	0	0	0	0	0	69	2	0	0	0	0	0	0	95.56
SRR5353668	173	0	160	74	0	0	179	0	169	0	0	0	188	0	0	0	0	0	0	1	0	0	0	0	0	0	0	0	0	0	0	0	0	0	0	0	0	173	2	0	241	207	0	0	0	0	0	0	154	0	0	0	0	0	1	0	0	0	0	144	84	0	0	0	0	2	1	173.35
SRR5353669	74	0	115	49	0	0	100	0	97	0	0	0	144	0	0	0	0	0	0	0	0	0	0	0	0	0	0	0	0	0	0	0	0	0	0	0	0	132	1	0	154	159	0	0	0	0	0	0	127	0	0	0	0	0	1	0	0	0	0	74	0	0	0	0	0	0	0	109.04
SRR5353670	30	2	38	0	0	0	37	0	42	0	0	0	52	0	0	0	0	0	0	0	0	0	0	0	0	0	0	0	0	0	0	0	0	0	0	0	0	77	0	0	47	43	0	0	0	0	0	1	42	0	0	0	0	0	1	0	0	0	0	19	0	0	0	0	0	0	0	40.81
SRR5353671	7	0	12	0	0	0	4	0	6	0	0	0	4	0	0	0	0	0	0	0	0	0	0	0	0	0	0	0	0	0	0	0	0	0	0	0	0	7	0	0	8	6	0	0	0	0	0	0	4	0	0	0	0	0	0	0	0	0	0	1	0	0	0	0	0	0	0	5.7
SRR5353672	3	0	2	1	0	0	2	0	3	0	0	0	3	0	0	0	0	0	0	1	0	0	0	0	0	0	0	0	0	0	0	0	0	0	0	0	0	1	0	0	3	0	0	0	0	0	0	0	2	0	0	0	0	0	1	0	0	0	0	3	0	0	0	0	0	0	0	2.37
SRR5353673	2	0	1	0	0	0	2	0	5	0	0	0	2	0	0	0	0	0	0	0	0	0	0	0	0	0	0	0	0	0	0	0	0	0	0	0	0	1	0	0	4	5	0	0	0	0	0	0	3	0	0	0	0	0	0	0	0	0	0	2	0	0	0	0	0	0	0	3.54
SRR5353674	55	0	72	0	0	0	66	0	69	0	0	0	70	0	0	0	0	0	0	0	0	0	0	0	0	0	0	0	0	0	0	0	0	9	0	0	0	94	0	0	107	91	0	0	51	11	0	0	82	0	0	0	0	0	1	0	0	0	0	58	0	0	0	0	0	0	0	72.53
SRR5353675	105	82	141	0	0	0	104	0	118	0	0	0	178	0	0	0	0	0	0	0	0	0	0	0	0	0	0	0	0	0	0	0	0	0	0	0	0	200	0	0	177	179	0	0	0	0	0	0	134	0	0	0	0	0	0	0	0	0	0	127	0	0	0	0	0	1	0	144.18
SRR5353676	1	0	5	0	0	0	6	0	5	0	0	0	7	0	0	0	0	0	0	0	0	0	0	0	0	0	0	0	0	0	0	0	0	0	0	0	0	11	0	0	7	1	0	0	0	0	0	0	3	1	0	0	0	0	0	0	0	0	0	3	0	0	0	0	0	0	0	5.58
SRR5353677	94	0	135	0	0	0	113	0	125	0	0	116	168	0	0	0	0	0	0	0	0	0	0	0	0	0	0	0	0	1	0	0	0	0	0	0	0	151	0	0	146	169	0	0	0	0	0	0	141	0	0	0	119	0	1	0	0	0	0	91	0	24	0	0	0	0	0	135.91
SRR5353678	93	0	99	0	0	0	104	1	100	0	0	0	101	0	0	0	0	0	0	0	0	0	0	0	0	0	0	0	0	0	0	0	0	0	0	0	0	152	0	0	129	132	0	0	0	0	0	0	107	0	0	0	0	0	3	0	0	0	0	94	0	0	0	0	0	0	0	106.95
SRR5353679	130	0	133	0	0	0	177	0	105	0	0	0	190	0	0	0	0	0	0	1	0	0	0	0	0	56	0	0	0	0	0	0	0	0	0	0	0	173	0	0	201	190	0	0	0	0	0	0	152	0	0	0	0	0	0	0	0	0	0	115	0	0	0	0	0	0	0	147.27
SRR5353680	31	0	38	0	4	0	29	0	22	0	0	0	27	0	0	0	0	0	0	0	0	0	0	0	7	0	0	0	0	0	0	0	0	0	0	0	0	24	0	0	33	36	0	0	0	0	0	0	29	0	0	0	0	9	6	0	0	0	0	19	0	0	0	0	0	0	0	28.4
SRR5353681	98	0	98	0	0	0	85	1	74	0	0	0	117	0	0	0	0	0	0	0	0	0	0	0	0	0	0	0	0	0	0	0	0	0	0	0	0	120	1	0	137	127	0	0	0	0	0	0	93	0	2	0	0	0	0	0	0	0	0	64	0	0	0	1	0	0	0	97.05
SRR5353682	4	0	2	1	0	0	5	0	9	0	0	0	10	0	0	0	0	0	0	0	0	0	0	0	1	0	0	0	0	0	0	0	0	0	0	0	0	10	0	0	8	10	0	0	0	0	0	0	5	0	0	0	0	0	0	0	0	0	0	3	0	0	0	0	0	1	0	6.07
SRR5353683	4	0	8	0	0	0	2	0	12	0	0	0	14	0	0	2	0	0	0	0	0	0	0	0	1	0	0	3	0	0	0	0	0	0	0	0	0	20	0	0	6	9	0	0	0	0	0	0	12	0	0	0	0	0	0	0	0	0	0	5	0	0	0	0	0	0	0	9.41
SRR5353684	167	0	192	0	0	0	170	0	164	0	0	0	261	0	0	4	0	0	0	0	0	0	0	0	1	0	0	0	0	0	0	0	0	0	0	0	0	231	1	0	234	283	0	0	0	0	0	0	178	0	0	0	0	0	2	0	0	0	0	148	0	0	0	0	0	0	0	184.77
SRR5353685	156	0	208	0	0	0	191	0	171	0	0	0	223	0	0	2	0	0	0	204	0	0	0	0	0	0	0	0	0	0	0	0	0	0	0	0	0	248	0	0	241	246	0	0	0	0	0	1	222	0	0	0	0	0	0	0	0	0	0	172	0	0	0	0	0	0	0	200.59
SRR5353686	73	0	96	0	0	0	99	0	89	0	0	0	98	0	0	0	0	0	0	0	0	0	0	0	0	0	0	0	0	0	0	0	0	0	0	0	0	131	0	0	124	144	0	0	0	0	0	0	98	1	0	0	0	0	0	0	0	0	0	68	0	0	0	0	0	0	0	101.35
SRR5353687	96	0	135	0	0	0	151	0	127	0	0	0	166	0	0	0	0	0	0	0	13	1	0	14	1	0	0	0	0	0	0	1	0	0	0	0	0	162	0	0	173	157	148	0	0	0	0	0	122	1	0	0	0	0	0	0	0	0	0	121	0	0	0	0	0	0	0	143.69
SRR5353688	25	0	25	0	0	0	26	0	25	0	0	0	34	0	0	0	0	0	0	0	0	0	0	0	1	0	0	0	0	0	0	0	0	0	0	0	0	34	0	0	32	45	0	0	0	0	0	0	31	0	0	0	0	0	0	0	0	0	0	13	0	0	0	0	0	0	0	27.5
SRR5353689	101	0	126	0	0	0	136	0	111	0	0	0	151	0	0	0	0	0	0	0	0	0	0	0	0	0	0	0	0	33	0	0	0	0	0	0	0	178	0	0	197	171	0	0	0	0	0	1	119	0	0	0	0	0	0	0	0	0	0	107	0	0	0	0	0	0	0	141.25
SRR5353690	106	0	127	0	0	0	108	0	88	0	0	0	134	0	0	0	0	0	0	0	0	0	0	0	1	0	0	0	0	0	0	0	0	0	1	0	0	153	0	0	165	165	0	0	0	0	0	0	136	0	0	0	0	0	0	0	0	0	52	88	0	0	0	0	0	0	0	122.3
SRR5353691	3	0	4	0	0	0	5	0	7	0	0	0	8	0	0	1	0	0	0	0	0	0	0	0	3	0	0	0	0	0	0	0	0	0	0	0	0	7	0	0	4	3	0	0	0	0	0	0	3	0	0	0	0	0	0	0	0	0	0	2	0	0	0	0	0	0	0	4.31
SRR5353692	247	0	294	62	0	0	253	0	240	0	0	0	334	0	0	0	0	0	0	0	0	0	0	0	0	0	0	0	0	0	0	0	0	0	0	0	0	332	0	0	355	402	0	0	0	0	0	0	284	0	0	0	0	0	0	0	0	0	0	213	0	0	0	0	0	0	0	283.55
SRR5353693	66	0	154	0	0	0	114	0	121	0	0	0	144	0	0	0	0	0	0	0	0	0	0	0	0	0	0	0	0	0	0	0	0	0	0	0	0	171	0	0	162	171	0	0	0	0	0	0	129	0	0	0	0	0	0	0	0	0	0	97	0	0	0	0	0	55	0	125.81
SRR5353694	143	0	171	0	0	0	179	0	162	0	0	0	236	0	0	0	0	0	0	0	0	0	0	0	0	0	0	0	0	0	0	37	0	0	0	0	0	239	0	0	249	261	0	0	0	0	0	0	156	0	0	0	0	0	0	0	0	0	0	141	0	0	0	0	0	0	0	184.14
SRR5353695	61	0	81	1	0	0	86	0	77	0	0	0	86	0	0	0	23	0	0	0	0	0	0	0	0	0	0	0	0	0	26	0	0	0	0	0	0	104	0	0	113	88	0	0	0	0	0	1	84	0	0	0	0	0	0	0	0	0	0	43	0	0	0	0	0	0	0	77.51
SRR5353696	200	0	242	1	33	0	259	25	186	0	0	0	265	0	0	50	0	0	0	0	0	0	0	0	20	0	0	0	0	0	0	0	0	0	0	0	0	370	1	0	382	355	0	0	0	0	0	0	283	0	0	0	0	0	33	0	0	0	0	253	0	0	0	0	0	0	0	271.29
SRR5353697	94	0	103	1	0	0	105	0	86	0	0	0	137	0	0	0	0	0	0	0	0	0	0	0	1	0	0	0	0	0	0	0	0	0	0	0	0	131	0	0	120	128	0	0	0	0	0	0	95	0	0	0	0	0	0	0	0	0	0	59	0	0	0	0	0	0	0	103.07
SRR5353698	94	0	115	0	0	0	83	0	106	0	0	0	114	0	0	0	0	0	0	0	0	0	0	0	0	0	0	0	0	0	0	0	0	0	0	0	0	111	0	0	122	114	0	0	0	0	0	0	104	0	0	0	0	0	1	0	0	0	0	56	0	0	0	0	0	0	0	96.88
SRR5353699	109	0	133	0	0	0	124	0	126	0	0	0	178	0	0	0	0	0	0	0	0	1	0	0	0	0	0	0	0	0	1	0	0	0	1	0	0	189	0	0	173	226	0	0	0	0	0	0	171	0	0	0	0	0	0	0	0	0	0	102	0	0	0	0	0	0	0	144.77
SRR5353700	52	0	66	0	1	0	44	0	63	0	0	0	64	0	0	0	0	0	0	0	0	0	0	0	13	0	0	0	0	0	0	0	0	0	0	0	0	78	0	0	77	67	0	0	0	0	0	0	60	0	0	0	0	0	34	0	0	0	0	38	0	0	0	0	0	0	0	60.82
SRR5353701	112	0	126	61	0	0	105	0	105	0	0	0	145	0	0	0	0	0	0	0	0	0	0	0	0	0	0	0	0	0	0	0	0	0	0	0	0	142	0	0	135	165	0	0	0	0	0	0	113	0	0	0	0	0	0	0	0	0	0	102	0	0	0	0	0	0	0	113.8
SRR5353702	156	0	214	1	0	0	202	0	218	0	0	0	219	0	0	0	0	0	0	0	0	0	0	0	0	0	13	0	0	0	1	0	0	0	5	0	0	277	0	0	294	252	0	0	0	0	26	0	239	2	0	0	0	0	0	0	0	0	0	142	0	0	0	0	0	0	0	210.63
SRR5353703	134	0	160	3	0	34	138	0	176	0	0	0	175	0	0	0	0	0	0	0	0	0	0	0	0	0	0	0	0	0	0	0	0	0	2	0	0	181	0	0	222	220	0	0	0	0	0	0	138	0	0	0	0	0	0	0	0	0	0	144	0	0	0	0	0	0	0	159.28
SRR5353704	163	1	166	0	0	0	145	0	108	60	0	0	212	0	0	0	0	0	0	0	0	0	0	0	0	0	0	0	0	0	0	0	0	0	0	0	0	216	0	0	220	210	0	0	0	0	0	0	161	0	0	0	0	0	0	2	0	0	0	158	0	0	0	0	0	0	0	174.49
SRR5353705	160	0	214	2	0	0	215	0	183	0	0	0	263	0	0	0	0	0	0	0	0	0	0	0	0	0	0	0	0	0	0	0	0	0	0	0	0	248	0	0	275	262	0	0	0	0	1	31	247	83	0	0	0	0	0	0	0	0	0	216	0	0	0	0	0	0	0	218.16
SRR5353706	155	0	202	0	0	0	143	0	134	0	0	0	196	0	0	0	0	0	6	0	0	0	1	0	0	0	0	0	0	0	0	0	0	0	0	0	0	185	0	0	214	232	0	0	0	0	0	0	155	0	0	0	0	0	0	0	0	0	0	99	0	0	0	0	0	0	0	168.62
SRR5353707	122	0	151	4	0	0	130	0	99	0	0	0	145	0	0	0	0	0	0	0	0	0	0	0	0	0	0	0	0	0	0	0	0	0	0	0	0	160	0	0	138	175	0	0	0	0	0	0	118	0	0	0	0	0	0	0	0	0	0	88	0	0	0	0	0	0	0	125.88
SRR5353708	120	0	142	88	0	0	152	0	112	0	0	0	197	0	0	0	0	0	0	0	0	0	0	0	0	0	0	0	0	0	0	0	0	0	150	0	0	196	0	0	192	199	0	0	0	0	0	0	138	22	0	0	0	0	0	0	0	0	0	116	0	0	0	0	0	0	0	159.86
SRR5353709	10	0	17	4	0	0	10	0	14	0	0	0	10	0	0	0	0	0	0	0	0	0	0	0	0	0	0	0	0	0	0	0	0	0	3	0	0	11	0	0	21	13	0	0	0	0	0	0	12	1	0	0	0	0	0	0	0	0	0	8	0	0	0	0	0	0	0	15.48
SRR5353710	7	0	9	0	0	0	12	0	11	0	0	0	20	0	0	0	0	0	1	0	0	0	0	0	1	0	0	0	0	0	0	0	0	0	1	0	0	13	0	0	20	11	0	0	0	0	0	0	9	0	0	0	0	0	0	0	0	0	0	4	0	0	0	0	0	0	0	11.71
SRR5353711	105	1	108	67	0	0	122	0	103	0	0	0	188	0	0	0	0	0	0	0	0	1	0	0	0	0	0	0	0	0	0	0	0	0	0	0	0	155	0	0	157	207	0	0	0	0	0	0	127	0	0	0	0	0	0	0	0	0	0	91	0	0	0	0	0	0	43	133.24
SRR5353712	79	0	95	0	0	0	96	0	84	0	51	0	85	0	0	0	0	0	0	0	0	0	0	0	0	0	0	0	0	0	0	0	0	0	0	0	0	123	0	0	109	120	0	0	0	0	0	0	94	0	0	0	0	0	0	0	0	0	0	60	0	0	0	0	0	0	0	94.18
SRR5353713	115	0	120	2	0	0	131	0	110	0	0	0	135	0	0	0	0	0	0	0	0	0	0	0	0	0	0	0	0	0	0	0	0	0	0	0	0	167	0	0	170	177	0	0	0	0	0	0	138	0	0	0	0	0	0	0	0	0	0	110	0	0	0	0	0	0	0	131.88
SRR5353714	174	0	226	1	0	0	178	0	187	0	0	0	248	0	0	0	0	0	0	0	0	0	0	0	0	0	0	0	0	0	0	0	0	0	0	0	0	270	1	0	253	306	0	0	0	0	0	0	181	0	0	0	0	0	0	0	0	0	0	156	0	0	0	0	0	0	0	211.53
SRR5353715	167	0	212	0	0	0	219	0	210	0	0	0	291	0	0	0	0	0	0	0	0	0	0	0	0	0	0	0	0	0	0	0	0	0	1	0	0	265	0	0	315	282	0	0	0	0	0	0	214	0	0	0	0	0	0	0	0	0	0	160	0	0	0	0	0	0	0	222.23
SRR5353716	88	0	100	0	0	0	132	0	105	0	0	0	143	0	46	0	0	0	0	0	0	0	0	0	0	0	0	0	0	0	0	0	0	0	0	0	0	147	2	0	163	208	0	0	0	0	0	0	117	1	0	0	0	0	0	0	0	0	0	114	0	0	0	0	0	0	0	122.75
SRR5353717	69	0	86	0	0	0	78	0	87	0	0	0	107	0	0	0	0	0	0	0	0	0	0	0	0	0	0	0	0	0	0	0	0	0	0	0	0	113	0	0	110	107	0	81	0	0	0	0	77	0	0	0	0	0	0	0	0	0	0	59	0	0	0	0	0	0	0	79
SRR5353718	1	0	1	0	0	0	3	0	1	0	0	0	0	0	0	0	0	0	0	0	0	0	0	0	0	0	0	0	0	0	0	0	0	0	0	0	0	0	0	0	0	0	0	0	0	0	0	0	4	0	0	0	0	0	1	0	0	0	0	0	0	0	0	2	0	0	0	2.05
SRR5353719	4	0	11	0	0	0	13	0	12	0	0	0	14	0	0	0	0	0	0	0	0	0	0	0	0	0	0	0	0	0	0	0	0	0	1	0	0	19	0	0	13	5	0	0	0	0	0	0	16	0	0	0	0	0	0	0	0	0	0	7	0	0	0	0	0	0	0	12.38
SRR5353720	166	0	232	0	0	0	184	0	162	0	0	0	236	0	0	0	0	0	0	0	0	0	0	1	0	0	0	0	0	0	0	0	0	0	0	0	0	262	0	0	251	271	0	0	0	0	0	0	205	0	0	0	0	0	0	0	0	0	0	162	0	0	0	0	0	0	0	196.14
SRR5353721	79	0	74	0	0	0	84	0	85	0	0	0	98	0	0	0	0	0	0	0	0	1	0	0	0	0	0	0	0	0	0	0	0	0	1	0	0	95	0	0	99	98	0	0	0	0	0	1	76	3	0	0	0	0	0	0	0	0	0	47	0	0	0	0	0	0	0	78.84
SRR5353722	75	0	92	0	0	0	90	0	92	0	0	0	85	0	0	0	0	0	0	0	0	0	0	0	0	0	0	0	0	0	0	0	0	0	0	1	0	120	0	0	111	128	0	0	0	0	0	0	83	0	0	0	0	0	1	0	0	0	0	67	0	0	0	31	0	0	0	87.18
SRR5353723	94	0	116	0	0	0	115	0	116	0	0	0	174	20	0	0	0	0	0	0	0	0	0	0	0	0	0	0	122	0	0	0	0	0	0	0	110	203	0	0	171	158	0	0	0	0	0	0	133	0	0	0	0	0	0	0	0	0	0	92	0	0	0	0	0	0	0	132.96
SRR5353724	129	0	128	0	0	0	156	0	149	0	0	0	171	0	0	0	0	0	0	0	0	37	0	0	25	0	0	0	0	0	0	0	0	0	0	0	0	201	59	0	197	187	0	0	0	0	0	0	167	0	1	0	0	0	34	0	0	0	0	124	0	1	0	0	0	0	0	150.5
SRR5353725	109	0	119	0	0	0	115	0	131	0	0	0	158	0	0	0	0	0	0	0	0	0	136	0	1	0	0	0	0	0	0	0	0	0	0	0	0	172	0	2	150	187	0	0	0	0	0	0	132	0	0	0	0	0	0	0	0	0	0	93	0	0	0	0	26	0	0	133.31
SRR5353726	3	0	9	0	0	0	10	0	2	0	0	0	9	0	0	0	0	0	0	0	0	0	1	0	0	0	0	0	0	0	0	0	0	0	0	0	0	1	0	0	5	3	0	0	0	0	0	0	5	0	0	1	0	0	0	0	0	0	0	2	0	0	0	1	0	0	0	5.11
SRR5353727	136	0	185	0	0	0	165	0	142	0	0	0	183	0	0	0	0	0	0	0	0	0	0	0	0	0	0	0	0	0	0	0	0	0	1	0	0	226	0	0	196	260	0	0	2	0	0	0	164	1	0	26	0	0	0	0	0	0	0	144	0	0	0	0	0	0	0	178.81
SRR5353728	184	0	193	13	0	0	197	0	189	0	0	0	275	0	0	0	0	0	0	0	0	0	0	0	0	0	0	0	0	0	0	0	1	0	0	0	0	252	0	0	259	285	0	0	0	0	0	0	195	166	0	0	0	0	2	0	0	0	0	165	0	0	0	0	0	0	0	210.31
SRR5353729	55	0	73	0	0	0	70	0	76	0	0	0	81	0	0	0	0	0	0	0	0	0	0	0	1	0	0	0	0	0	0	0	0	0	0	0	0	97	0	0	103	88	0	0	0	0	0	0	78	0	0	0	0	0	0	0	0	0	0	62	0	0	0	0	0	1	0	79.17
SRR5353730	167	0	163	0	0	0	172	0	165	0	0	0	178	0	0	0	0	0	0	0	0	0	0	0	0	0	0	0	1	0	0	0	0	0	0	0	0	228	0	0	234	234	0	0	0	0	0	0	204	0	0	0	0	0	0	0	0	1	0	158	0	0	0	7	0	0	0	186.84
SRR5353731	80	0	117	0	0	0	116	0	107	0	0	0	125	0	0	0	0	0	0	0	0	0	0	0	1	0	0	0	0	0	0	0	0	0	0	0	0	161	0	0	139	118	0	0	0	0	0	0	129	0	0	0	0	0	0	0	0	0	0	86	0	0	0	0	0	0	1	106.9
SRR5353732	98	0	129	0	0	0	144	0	127	0	0	0	169	0	0	0	0	0	0	0	0	0	0	0	0	0	0	0	0	0	0	0	0	0	0	0	0	161	0	0	188	212	0	0	0	0	0	0	115	0	0	0	0	0	0	20	0	0	0	111	0	0	0	0	0	0	0	141.76
SRR5353733	5	1	2	0	0	0	2	0	6	0	0	0	7	0	0	0	0	0	0	0	0	0	0	0	0	0	0	0	0	0	0	0	0	0	0	0	0	7	0	0	8	6	0	0	0	0	0	0	2	0	0	0	0	0	0	0	0	0	0	8	0	0	0	0	0	0	1	4.86
SRR5353734	83	0	133	0	0	0	130	0	112	0	0	0	121	0	0	0	0	0	0	0	0	0	0	0	0	0	0	0	0	0	0	0	0	0	0	0	0	155	0	0	146	152	0	0	0	0	0	0	145	0	0	0	0	0	0	0	0	0	0	92	0	0	0	0	0	0	0	118.72
SRR5353735	5	0	20	13	0	0	25	0	23	0	0	0	24	0	0	0	0	0	0	0	0	0	0	0	0	0	0	0	0	0	0	0	0	0	0	0	0	20	0	0	24	31	0	0	0	2	0	0	41	0	0	0	0	0	0	0	0	0	0	21	0	0	0	0	0	0	0	20.71
SRR5353736	54	0	76	0	0	0	51	0	64	0	0	0	93	0	0	0	0	0	0	0	0	0	0	0	0	0	0	0	0	0	0	0	0	0	0	0	0	92	1	0	112	106	0	0	0	0	0	0	94	0	0	0	0	0	0	0	0	0	0	62	0	0	0	0	0	0	0	81.75
SRR5353737	115	0	162	0	97	0	161	0	120	0	0	0	178	0	0	0	0	0	0	0	0	1	0	0	24	0	0	0	0	0	0	0	0	0	0	0	0	167	0	0	182	179	0	0	0	0	0	0	130	0	0	0	0	0	85	0	81	0	0	106	0	0	1	0	0	0	0	153.77
SRR5353738	94	0	131	0	0	0	106	0	95	0	0	0	114	0	0	0	0	0	0	0	0	0	0	0	0	0	0	0	0	0	0	0	0	0	0	0	0	151	0	0	145	166	0	0	0	0	0	0	113	0	0	0	0	0	0	0	0	0	0	64	0	0	0	0	0	0	0	111.93
SRR5353739	1	0	4	0	0	0	4	0	1	0	0	0	5	0	0	0	0	0	0	0	0	0	0	0	0	0	0	0	0	0	0	0	0	0	0	0	0	6	0	0	2	3	0	0	0	0	0	0	5	0	0	0	0	0	2	0	0	0	0	1	0	0	0	0	0	0	0	2.93
SRR5353740	158	0	119	0	0	0	152	0	151	0	0	0	185	0	0	0	0	0	0	0	0	0	0	0	0	0	0	0	0	0	0	0	0	0	0	0	0	200	1	0	202	210	0	0	0	0	0	0	135	0	0	0	0	0	0	0	0	2	0	134	0	0	0	0	0	0	0	157.47
SRR5353741	22	0	21	0	0	0	16	0	23	0	0	0	25	0	0	0	0	0	0	0	0	0	0	0	0	0	0	0	0	0	0	0	0	0	0	0	0	40	0	0	23	27	0	0	0	0	0	0	32	0	0	0	0	0	0	0	0	0	0	17	0	0	0	0	0	0	0	22.73
SRR5353742	12	0	11	1	0	0	5	0	9	0	0	0	11	0	0	0	0	0	0	0	0	0	0	0	0	0	0	0	0	0	0	0	0	0	0	0	0	11	1	0	14	6	0	0	0	0	0	0	15	0	0	0	0	0	0	0	0	0	0	6	0	0	0	0	0	0	0	11.59
SRR5353743	142	0	162	0	0	0	146	0	148	0	0	0	175	0	0	0	0	0	0	0	0	0	0	0	34	0	0	0	0	0	0	0	0	0	0	0	0	217	0	0	212	198	0	0	0	2	0	0	148	0	0	0	0	0	154	0	0	0	0	98	0	0	0	0	0	0	0	147.71
SRR5353744	245	0	284	0	0	0	275	0	217	0	0	0	317	0	0	0	0	0	0	0	0	0	0	0	0	0	0	0	0	0	0	0	0	0	0	0	0	313	0	0	351	365	0	0	0	0	0	0	270	0	0	0	0	0	0	0	0	0	0	220	0	0	0	0	0	0	1	278.34
SRR5353745	4	0	5	0	0	0	5	0	4	0	0	0	2	0	0	0	0	0	0	0	0	0	0	0	1	0	0	0	0	0	0	0	0	0	0	0	0	9	0	0	6	1	0	0	0	0	0	0	9	0	0	0	0	0	0	0	0	0	0	9	0	0	0	0	0	0	0	4.76
SRR5353746	139	0	177	0	0	0	173	0	160	0	0	0	201	0	0	0	0	0	0	0	0	0	0	0	0	0	0	0	0	0	0	0	0	0	0	0	0	222	1	0	245	231	0	0	0	0	0	0	191	0	0	0	0	0	0	0	0	0	0	99	0	0	0	0	0	0	0	177.82
SRR5353747	88	0	121	0	0	0	120	0	97	0	0	0	130	0	0	0	0	0	0	0	0	0	0	0	0	0	0	0	0	0	0	0	0	0	0	0	0	156	0	0	174	162	0	0	0	0	0	0	108	1	0	0	0	0	0	0	0	0	0	89	0	0	0	0	0	0	0	120.67
SRR5353748	1	0	0	0	0	0	0	0	2	0	0	0	1	0	0	0	0	0	0	0	0	0	0	0	0	0	0	0	0	0	0	0	0	0	0	0	0	1	0	0	0	0	0	0	0	0	0	0	2	0	0	0	0	0	0	0	0	0	0	0	0	0	0	0	0	0	0	1.59
SRR5353749	144	0	151	0	0	0	174	0	133	0	0	0	217	0	0	0	0	0	0	0	0	0	0	0	0	0	0	1	0	0	0	0	0	0	0	0	0	193	0	0	217	223	0	0	0	0	0	0	154	1	0	0	0	0	0	0	0	0	1	124	0	0	0	0	0	0	1	171.28
SRR5353750	63	0	73	0	0	0	64	0	63	0	0	0	86	0	0	0	0	0	0	0	0	1	0	0	8	0	0	0	0	0	0	0	0	0	0	0	0	83	0	0	102	100	0	0	0	0	0	0	75	0	0	0	0	0	32	0	0	0	0	43	0	0	0	0	0	0	0	68.58
SRR5353751	106	0	124	0	0	0	127	0	96	0	0	0	149	0	0	0	0	0	0	0	0	0	0	0	0	0	0	0	0	0	0	0	0	0	0	0	0	148	0	0	149	176	0	0	0	0	0	0	115	0	0	0	0	0	0	0	0	0	0	97	0	0	26	0	0	0	0	120.57
SRR5353752	14	0	12	0	1	0	7	0	15	0	0	0	19	0	0	0	0	0	0	0	0	0	0	0	0	0	0	0	0	0	0	0	0	0	0	0	0	16	0	0	12	14	0	0	0	0	0	0	17	0	0	0	0	0	2	0	0	0	0	4	0	0	0	0	0	0	0	12.76
SRR5353753	132	0	212	0	0	0	188	0	188	0	0	0	246	0	0	0	0	0	0	0	0	2	0	0	0	0	0	0	0	0	0	0	0	0	0	0	0	241	0	0	253	249	0	0	0	0	0	0	165	0	0	0	0	0	0	0	0	0	0	147	0	2	0	0	0	0	0	200
SRR5353754	11	0	18	0	0	0	12	0	11	0	0	0	14	0	0	0	0	0	0	0	0	0	0	0	0	0	0	0	0	0	0	0	0	0	0	0	0	15	0	0	19	19	0	0	0	0	0	1	16	0	0	0	0	0	0	0	0	0	0	9	0	0	0	0	0	0	0	13.25
SRR5353755	0	0	4	0	0	0	0	0	0	0	0	0	2	0	0	0	0	0	0	0	0	0	0	0	0	0	0	0	0	0	0	0	0	0	0	0	0	0	0	0	0	0	0	0	0	0	0	0	1	0	0	0	0	0	0	0	0	0	0	0	0	0	0	0	0	0	0	1.68
SRR5353756	129	0	138	76	0	0	167	0	130	0	0	0	192	0	0	0	0	0	0	0	0	0	0	0	0	0	0	0	0	0	0	0	0	0	0	0	0	189	0	0	217	219	0	0	0	0	0	0	161	21	0	0	0	0	0	0	0	0	0	137	0	0	0	0	0	0	0	162.73
SRR5353757	336	0	391	152	0	0	382	0	346	0	0	0	482	0	1	0	0	5	0	0	0	0	0	0	0	0	0	128	0	0	0	0	0	0	0	0	0	534	0	0	487	514	0	0	0	0	0	0	395	0	0	0	2	0	0	0	0	0	0	346	0	0	0	0	80	0	0	408.97
SRR5353758	266	0	282	0	0	0	277	0	210	0	0	0	307	0	0	0	0	0	0	0	1	0	0	0	0	0	0	0	0	0	0	0	0	0	0	74	0	340	1	0	378	360	0	0	0	0	0	0	268	0	141	0	0	0	0	0	0	40	0	219	0	0	0	0	0	0	0	281.24
SRR5353759	86	0	97	0	68	0	86	0	103	0	0	0	107	0	0	0	0	0	0	0	0	0	0	0	18	0	0	0	0	0	0	0	0	0	0	0	0	128	0	0	120	137	0	0	0	0	0	0	99	0	0	0	0	0	70	0	0	0	0	59	0	0	0	0	0	0	0	95.55
SRR5353760	64	0	105	0	0	0	76	0	78	0	0	0	90	0	0	0	0	0	0	0	0	0	0	0	0	0	0	0	0	0	0	0	0	0	0	0	0	117	0	0	107	90	0	0	0	0	0	0	79	0	0	0	0	0	0	0	0	0	0	56	0	0	0	0	0	0	0	81.64
