cells	chrMT:111:A/G	chrMT:497:C/T	chrMT:642:T/C	chrMT:687:G/A	chrMT:716:T/C	chrMT:746:A/G	chrMT:1438:A/G	chrMT:1748:G/A	chrMT:2128:G/A	chrMT:2542:G/A	chrMT:2623:A/G	chrMT:2643:G/A	chrMT:3005:A/G	chrMT:3053:A/G	chrMT:3779:G/A	chrMT:3828:A/G	chrMT:4069:T/C	chrMT:4238:T/C	chrMT:4360:G/A	chrMT:5039:A/G	chrMT:5925:T/C	chrMT:6481:T/C	chrMT:7252:G/A	chrMT:7275:T/C	chrMT:8348:A/G	chrMT:8365:A/G	chrMT:9055:G/A	chrMT:9267:G/A	chrMT:9329:G/A	chrMT:10457:T/C	chrMT:10500:G/A	chrMT:11432:A/G	chrMT:11485:T/C	chrMT:11487:T/C	chrMT:11840:C/T	chrMT:12090:T/C	chrMT:12280:A/G	chrMT:12294:G/A	chrMT:12372:G/A	chrMT:12460:T/C	chrMT:12509:A/G	chrMT:12733:A/G	chrMT:13563:A/G	chrMT:13676:A/G	chrMT:13780:A/G	chrMT:14693:A/G	chrMT:14798:T/C	chrMT:14861:G/A	chrMT:14918:G/A	chrMT:15461:T/C	chrMT:15559:A/G	chrMT:15827:A/G	chrMT:16061:T/C	chrMT:16111:C/T	chrMT:16242:C/T	chrMT:16259:C/T	chrMT:16519:T/C	depth
SRR5353761	0	9	0	0	0	0	3	0	0	0	1	0	0	0	0	0	0	0	0	0	0	0	0	0	0	0	4	0	0	0	0	0	5	0	8	0	0	0	3	0	0	0	0	0	0	0	2	0	0	0	0	0	0	0	0	0	1	5.48
SRR5353762	0	45	0	0	0	0	39	0	0	0	0	0	0	0	0	0	0	0	0	0	0	0	0	0	0	0	47	0	0	0	0	0	58	0	37	0	0	0	35	0	0	0	0	5	0	0	29	0	0	0	0	0	0	0	0	0	33	42.66
SRR5353763	0	10	0	0	0	0	4	0	0	0	0	0	0	0	0	0	0	0	0	0	0	0	0	0	0	1	7	1	0	0	0	0	8	0	6	0	0	0	6	0	0	0	0	0	0	0	6	0	0	0	0	0	0	0	0	0	5	6.36
SRR5353764	0	0	0	0	0	0	0	0	0	0	0	0	0	0	0	0	0	0	0	0	0	0	0	0	0	0	0	0	0	0	0	0	5	0	0	0	0	0	0	0	0	0	0	0	0	0	0	0	0	0	0	0	0	0	0	0	0	1.66
SRR5353765	0	0	0	0	0	0	1	0	0	0	0	0	0	0	0	0	0	0	0	0	0	0	0	0	0	0	1	0	0	0	0	0	1	0	0	0	0	0	0	0	0	0	0	0	0	0	1	0	0	0	0	0	0	0	0	0	0	1.37
SRR5353766	0	0	0	0	0	0	0	0	0	0	0	0	0	0	0	0	0	0	0	0	0	0	0	0	0	0	2	0	0	0	0	0	1	0	0	0	0	0	1	0	0	0	0	0	0	0	0	0	0	0	0	0	0	0	0	0	0	1.48
SRR5353767	0	4	1	0	0	0	5	0	0	0	1	0	0	0	0	1	0	0	0	0	0	0	0	0	0	0	3	0	0	0	0	0	4	0	3	0	0	0	2	0	0	0	0	0	0	0	2	0	0	0	0	0	0	0	0	0	2	3.62
SRR5353768	0	5	0	0	0	0	4	0	0	0	0	0	2	0	0	0	0	0	0	0	0	0	0	0	0	0	5	0	0	0	0	0	6	0	4	0	0	0	3	0	0	0	0	0	0	0	4	0	0	0	0	0	0	0	0	0	3	5.18
SRR5353769	0	11	0	0	0	0	2	0	0	0	0	0	0	0	0	0	0	0	0	0	0	0	0	0	0	0	5	0	0	0	0	0	3	0	4	0	0	0	6	0	0	0	0	0	0	0	3	0	0	0	0	0	0	0	0	0	2	4.78
SRR5353770	0	0	0	0	0	0	0	0	0	0	0	0	0	0	0	0	0	0	0	0	0	0	0	0	0	0	0	0	0	0	0	0	1	0	1	0	0	0	2	0	0	0	0	0	0	0	0	0	0	0	0	0	0	0	0	0	0	1.37
SRR5353771	0	0	0	0	0	0	0	0	0	0	0	0	0	0	0	0	0	0	0	0	0	0	0	0	0	0	0	0	0	0	0	0	1	0	2	0	0	0	0	0	0	0	0	0	0	0	4	0	0	0	0	0	0	0	0	0	0	1.3
SRR5353772	0	1	0	0	0	0	0	0	0	0	0	0	0	0	0	0	0	0	0	0	0	0	0	0	0	0	2	0	0	0	0	0	0	0	1	0	0	0	0	0	0	0	0	0	0	0	0	0	0	0	0	0	0	0	0	0	2	1.32
SRR5353773	0	1	0	0	0	0	1	0	0	0	0	0	0	0	0	0	0	0	0	0	0	0	0	0	0	0	3	0	0	0	0	0	2	0	3	0	0	0	2	0	0	0	0	0	0	0	3	0	0	0	0	0	0	0	0	0	0	2.05
SRR5353774	0	4	0	0	0	0	4	0	0	0	1	0	0	0	0	0	0	0	0	0	0	0	0	0	0	0	0	0	0	0	0	0	0	0	1	0	0	0	0	0	0	0	0	0	0	0	2	0	0	0	0	0	0	0	0	0	3	2.05
SRR5353775	0	41	0	21	0	0	37	0	0	0	0	0	0	0	0	0	0	0	0	0	0	0	0	0	0	0	40	0	0	0	0	0	55	0	47	0	0	0	46	0	0	0	0	0	0	0	29	0	0	16	0	0	0	0	0	0	41	38.78
SRR5353776	0	0	0	0	0	0	1	0	0	0	0	0	0	0	0	0	0	0	0	0	0	0	0	0	0	0	2	0	0	0	0	0	0	0	0	0	0	0	0	0	0	0	0	0	0	0	0	0	0	0	0	0	0	0	0	0	0	1.47
SRR5353777	0	5	0	0	0	0	5	0	0	0	0	0	0	0	0	0	0	0	0	0	0	0	0	0	0	0	4	0	0	0	0	0	7	0	10	0	0	0	7	0	0	0	0	0	0	0	6	0	0	0	0	0	0	0	0	0	2	4.12
SRR5353778	0	0	0	0	0	0	1	0	0	0	0	0	0	0	0	1	0	0	0	0	0	0	0	0	0	0	0	0	0	0	0	0	0	0	0	0	0	0	0	0	0	0	0	0	0	0	1	0	0	0	0	0	0	0	0	0	0	1.5
SRR5353779	0	9	2	0	0	0	7	0	0	0	0	0	0	0	0	0	0	0	0	0	0	0	0	0	0	0	10	0	0	0	0	0	11	0	14	0	0	0	11	0	0	0	0	0	0	0	8	0	0	0	0	0	0	0	0	0	5	8.57
SRR5353780	0	40	2	0	0	0	58	0	0	0	0	0	0	0	0	0	0	0	0	0	0	0	0	0	0	0	78	0	0	0	0	0	98	0	73	0	0	0	51	0	0	0	0	0	0	0	51	0	0	0	0	0	0	0	0	0	50	59.36
SRR5353781	0	6	1	0	0	0	3	0	0	0	0	0	0	0	0	0	0	0	0	0	0	0	0	0	0	0	2	0	0	0	0	0	1	0	3	0	0	0	0	0	0	0	0	0	0	0	2	0	0	0	0	0	0	0	0	0	0	2.69
SRR5353782	0	2	0	0	0	0	3	0	0	0	0	0	0	0	0	0	0	0	0	0	0	0	0	0	0	0	0	0	0	0	0	0	1	0	0	0	0	0	0	0	0	0	0	0	0	0	0	0	0	0	0	0	0	0	0	0	0	1.53
SRR5353783	0	1	0	0	0	0	0	0	0	0	0	0	0	0	0	0	0	0	0	0	0	0	0	0	0	0	1	0	0	0	0	0	0	0	0	0	0	0	3	0	0	0	0	0	0	0	1	0	0	0	0	0	0	0	0	0	1	1.58
SRR5353784	0	2	0	0	0	0	0	0	0	0	0	0	0	0	0	0	0	0	0	0	0	0	0	0	0	0	0	0	0	0	0	0	0	0	2	0	0	0	2	0	0	0	0	0	0	0	0	0	0	0	0	0	0	0	0	0	0	1.59
SRR5353785	1	6	0	0	0	0	3	0	0	0	0	0	0	0	0	0	2	0	0	0	0	0	0	0	0	0	8	0	4	0	0	0	15	0	11	0	0	0	13	0	0	0	0	0	0	0	11	0	2	0	0	0	0	0	0	0	6	10.9
SRR5353786	0	9	2	0	0	0	8	0	0	0	0	0	0	0	0	0	5	0	0	0	0	0	0	0	0	0	15	0	0	0	0	0	19	0	11	0	0	0	17	0	0	0	0	0	0	0	10	0	0	0	0	0	0	0	0	0	13	11.86
SRR5353787	0	11	4	0	0	0	6	0	0	0	0	0	0	0	0	0	1	0	0	0	0	0	0	0	0	0	20	0	0	0	0	0	15	0	12	0	0	0	14	0	0	0	0	0	0	0	11	0	0	1	0	0	0	0	0	0	4	10.06
SRR5353788	0	0	0	0	0	0	0	0	0	0	0	0	0	0	0	0	0	0	0	0	0	0	0	0	0	0	0	0	0	0	0	0	3	0	0	0	0	0	1	0	0	0	0	0	0	0	0	0	0	0	0	0	0	0	0	0	0	1.64
SRR5353789	0	2	0	0	0	0	2	0	0	0	0	0	0	0	0	0	0	0	0	0	0	0	0	0	0	0	2	0	0	0	0	0	3	0	0	0	0	0	0	0	0	0	0	0	0	0	3	0	0	0	0	0	0	0	0	0	0	1.87
SRR5353790	0	1	0	0	0	0	1	0	0	0	0	0	0	0	0	0	0	0	0	0	0	0	0	0	0	0	1	0	0	0	0	0	0	0	0	0	0	0	0	0	0	0	0	0	0	0	0	0	0	0	0	0	0	0	0	0	0	1.78
SRR5353791	0	38	0	0	0	0	27	0	0	0	0	0	0	0	0	0	0	0	0	0	0	0	0	0	0	0	49	0	0	0	0	0	45	0	52	0	0	0	43	0	0	0	0	0	0	0	13	0	3	0	0	0	0	0	0	0	23	33.9
SRR5353792	0	31	6	0	1	0	17	0	0	0	0	0	0	0	0	0	2	0	0	0	0	0	0	0	0	0	25	0	0	0	0	0	29	0	35	0	0	0	31	0	0	1	0	0	0	0	18	0	3	0	0	0	0	0	0	0	15	21.62
SRR5353793	0	8	0	0	0	0	7	0	0	0	0	0	0	0	0	0	7	0	0	0	0	0	0	0	0	0	16	0	2	0	0	0	10	0	6	0	0	0	9	0	0	0	0	0	0	0	9	0	5	0	0	0	0	0	0	0	12	9.56
SRR5353794	0	1	0	0	0	0	0	0	0	0	0	0	0	0	0	0	0	0	0	0	0	0	0	0	0	0	3	0	0	0	0	0	1	1	0	0	0	0	1	0	0	0	0	0	0	0	0	0	0	0	0	0	0	0	0	0	3	1.89
SRR5353795	0	0	0	0	0	0	0	0	0	0	0	0	0	0	0	0	0	0	0	0	0	0	0	0	0	0	0	0	0	0	0	0	5	0	1	0	0	0	0	0	0	0	0	0	0	0	1	0	0	0	0	0	0	0	0	0	1	1.73
SRR5353796	0	71	21	0	0	0	66	0	0	0	0	0	0	0	0	0	1	0	0	0	0	0	0	0	0	0	108	0	0	0	0	0	112	0	117	0	0	0	90	0	0	0	0	0	0	0	54	0	0	0	0	15	0	0	0	0	55	78.25
SRR5353797	0	18	0	0	0	0	14	0	0	0	3	0	0	0	0	0	0	0	0	0	0	0	0	0	0	0	11	0	0	0	0	0	13	0	18	0	0	0	14	0	0	0	0	0	0	0	10	0	0	0	0	0	0	0	0	0	11	11.91
SRR5353798	0	24	0	0	0	0	17	0	0	0	0	1	0	0	0	0	0	0	0	0	0	0	0	0	0	1	21	0	0	0	0	0	30	0	21	0	0	12	23	0	0	0	0	0	0	0	11	0	0	0	0	0	0	0	0	0	13	21.79
SRR5353799	0	86	11	0	0	0	72	0	0	0	0	0	0	0	0	0	1	0	0	0	0	0	0	0	0	0	104	0	0	0	0	0	95	0	116	0	0	0	92	0	0	0	0	0	0	0	47	0	0	0	0	0	0	0	0	0	61	76.37
SRR5353800	0	1	0	0	0	0	1	0	0	0	0	0	0	0	0	0	0	0	0	0	0	0	0	0	0	0	0	0	0	0	0	0	1	0	0	0	0	0	0	0	0	0	0	0	0	0	0	0	0	0	0	0	0	0	0	0	0	1.5
SRR5353801	0	0	0	0	0	0	1	0	0	0	0	0	0	0	0	0	0	0	0	0	0	0	0	0	0	0	0	0	0	0	0	0	3	1	1	0	0	0	1	0	0	0	0	0	0	0	0	0	0	0	0	0	0	0	0	0	3	1.59
SRR5353802	0	1	0	0	0	0	0	0	0	0	0	0	0	0	0	0	0	0	0	0	0	0	0	0	0	0	0	0	0	0	0	0	2	0	0	0	0	0	0	0	0	0	0	0	0	0	0	0	0	0	0	0	0	0	0	0	0	1.45
SRR5353803	0	75	0	0	0	0	66	0	0	0	0	0	0	0	0	0	0	0	0	0	5	0	0	0	0	1	98	0	0	0	0	0	121	0	101	0	1	0	84	0	0	0	41	1	0	0	58	0	0	0	0	0	0	0	0	0	50	82.46
SRR5353804	0	160	0	0	0	0	143	0	0	1	0	0	0	0	0	0	0	0	0	0	0	0	0	0	0	5	234	0	0	0	0	0	159	0	202	0	0	0	156	0	0	0	0	2	0	0	106	0	0	0	0	0	0	0	0	0	100	161.35
SRR5353805	0	143	0	0	0	0	121	0	0	0	0	0	0	0	0	0	2	0	0	0	0	0	0	0	0	3	149	0	0	0	0	0	172	0	142	0	0	0	121	0	0	0	0	4	0	0	99	0	0	0	0	0	0	0	78	0	87	114.27
SRR5353806	0	1	0	0	0	0	1	0	0	0	0	0	0	0	0	0	0	0	0	0	0	0	0	0	0	0	1	0	0	0	0	0	2	0	3	0	0	0	0	0	0	0	0	0	0	0	0	0	0	0	0	0	0	0	0	0	0	1.85
SRR5353807	0	44	0	0	0	0	48	0	0	0	0	0	0	53	0	0	0	0	0	0	0	0	0	0	0	0	59	57	0	0	0	0	74	0	56	0	0	0	42	0	0	0	0	0	0	0	35	0	0	0	0	0	0	0	0	0	35	48.06
SRR5353808	0	60	0	0	0	0	82	0	0	0	0	0	0	0	0	0	0	0	0	0	0	0	8	0	0	0	71	0	0	0	0	0	105	0	95	0	0	0	77	0	0	0	0	2	0	0	39	0	0	0	0	0	0	0	0	0	44	67.16
SRR5353809	0	99	19	0	0	0	87	0	0	0	0	0	0	0	0	0	0	0	0	0	1	0	0	0	0	0	131	0	0	0	0	0	131	0	135	0	0	0	84	0	0	9	0	0	0	0	62	0	0	0	0	1	0	0	0	0	57	90.07
SRR5353810	0	105	0	0	0	0	89	0	0	0	0	0	0	0	0	0	0	0	0	0	1	0	0	0	0	0	115	0	0	0	0	0	111	0	102	0	0	0	87	0	0	0	0	0	0	0	86	0	0	0	0	0	0	0	0	0	71	91.9
SRR5353811	0	125	0	0	0	0	89	0	0	2	0	0	0	0	0	1	50	0	0	1	0	0	0	0	0	0	158	0	50	0	0	0	194	0	187	0	3	0	106	0	0	0	0	0	0	0	122	0	88	0	0	0	0	0	0	0	102	124.99
SRR5353812	0	131	5	0	0	0	103	0	0	0	0	0	0	0	0	0	0	0	0	0	0	0	0	0	0	0	131	0	0	0	0	0	132	0	159	109	0	0	117	0	0	0	0	0	0	0	99	0	0	0	0	0	0	0	0	0	89	107.81
SRR5353813	0	81	0	0	0	0	81	0	0	0	0	0	0	0	0	0	0	6	20	0	0	0	0	0	0	0	107	0	0	0	0	0	128	0	100	0	0	0	74	0	0	0	0	0	0	0	53	0	0	0	0	0	0	0	0	0	66	88.98
SRR5353814	0	98	0	0	0	0	83	0	0	0	0	0	0	0	0	1	0	0	0	0	0	0	0	0	0	0	110	0	0	0	0	0	131	0	116	0	0	0	105	0	0	0	0	0	19	0	91	0	0	0	0	0	0	0	0	43	83	103.11
SRR5353815	0	35	0	0	0	0	37	0	0	3	0	0	0	0	0	1	0	0	0	0	0	0	0	0	0	0	51	0	0	0	15	0	48	0	47	0	2	0	38	0	0	0	0	0	0	0	25	0	0	0	0	0	0	0	0	0	30	37.44
SRR5353816	0	56	0	0	0	0	39	0	0	0	0	0	0	0	0	0	0	0	0	0	0	0	0	0	0	0	47	0	0	0	0	0	51	0	53	0	1	0	35	0	0	0	0	0	0	0	24	0	0	0	0	0	0	0	0	0	29	40.69
SRR5353817	0	107	0	0	0	0	93	0	0	1	0	0	0	0	0	0	1	0	0	0	0	0	0	0	0	0	125	0	0	0	0	0	137	0	131	0	0	0	110	0	0	0	0	0	0	0	74	0	2	0	0	0	0	0	0	0	72	103.28
SRR5353818	0	234	164	0	0	0	196	0	0	0	0	0	0	0	0	1	0	0	0	0	0	0	0	0	0	0	261	0	0	1	0	0	325	0	304	0	0	0	228	0	0	12	0	0	0	0	188	0	0	0	0	0	0	0	0	0	176	222.53
SRR5353819	0	107	0	0	0	0	133	0	0	0	0	0	0	0	0	0	0	0	0	2	0	0	0	0	0	0	148	0	0	0	0	0	135	0	148	0	1	0	108	0	0	0	0	0	0	0	98	0	0	0	135	0	0	0	0	0	60	115.68
SRR5353820	0	66	66	0	0	0	50	0	0	0	0	0	0	0	0	0	0	0	0	0	0	12	0	0	0	0	61	0	0	0	0	0	59	0	63	0	0	0	55	0	0	0	0	0	0	0	30	0	0	0	0	0	0	0	0	0	42	49.41
SRR5353821	0	86	0	0	0	1	95	0	0	0	0	0	0	0	0	0	0	0	0	0	0	0	0	0	0	26	95	0	0	0	0	0	109	0	119	0	0	0	79	0	0	0	0	32	0	0	81	0	0	0	0	0	0	0	0	0	65	87.73
SRR5353822	0	118	0	0	0	0	76	0	0	0	0	0	0	0	0	0	0	0	0	0	10	0	0	0	0	0	117	0	0	0	0	0	148	1	130	0	0	0	101	0	0	0	0	0	0	0	82	0	0	0	0	0	0	0	0	0	55	100.71
SRR5353823	0	15	0	0	0	0	9	0	0	0	0	0	0	0	0	0	0	0	0	0	0	0	0	0	0	0	9	0	0	0	0	0	10	0	13	0	0	0	11	0	0	0	0	0	0	0	8	0	0	0	0	0	0	0	0	0	10	11.84
SRR5353824	0	79	0	0	0	0	33	0	0	0	0	0	45	0	0	0	0	0	0	0	0	0	0	0	0	0	69	0	0	0	0	1	76	0	76	0	0	0	51	0	0	0	0	0	0	0	39	1	0	0	0	0	0	0	0	0	39	54.3
SRR5353825	0	150	0	0	80	0	134	0	0	0	0	0	0	0	0	1	0	0	0	19	0	0	0	0	0	0	204	0	0	0	0	0	173	0	217	0	0	0	143	0	0	0	0	0	0	0	119	0	0	0	0	0	0	0	0	0	116	154.51
SRR5353826	0	179	0	0	0	0	147	1	0	0	35	0	0	0	0	145	0	0	0	0	0	0	0	0	0	0	166	0	0	18	0	0	180	27	196	0	0	0	145	0	0	0	0	0	0	0	126	0	0	0	0	0	0	0	0	0	109	147.63
SRR5353827	0	77	0	0	0	1	46	0	0	27	0	0	0	0	0	0	0	0	0	0	0	0	0	0	0	0	85	0	0	0	0	0	84	0	95	0	10	0	69	0	0	0	0	0	0	0	61	0	0	0	0	0	0	0	0	0	57	71.3
SRR5353828	0	14	0	0	0	0	8	0	0	0	0	0	0	0	0	0	0	0	0	0	0	0	0	0	0	0	5	0	0	0	0	0	6	0	6	0	0	0	5	1	0	0	0	0	0	0	6	0	0	0	0	0	0	0	0	0	6	8.38
SRR5353829	0	162	0	0	0	0	138	0	0	0	0	0	0	0	0	0	0	0	0	0	0	0	0	0	0	0	168	1	0	0	0	0	183	0	182	0	0	0	138	4	0	0	0	0	0	0	93	0	0	0	0	0	0	0	0	0	99	134.35
SRR5353830	0	33	0	0	0	0	19	0	0	0	0	0	0	0	0	0	0	0	0	0	0	0	0	0	0	0	24	0	0	0	0	17	19	0	17	0	0	0	18	0	0	0	0	0	0	0	20	21	0	0	0	0	0	0	0	0	16	19.71
SRR5353831	0	96	6	0	0	0	90	0	0	0	0	0	0	0	0	0	0	0	0	0	0	0	0	0	0	0	109	0	0	0	0	0	135	0	140	0	0	0	106	0	0	0	0	0	0	0	90	0	0	0	0	0	0	0	0	0	51	103.8
SRR5353832	0	108	73	0	0	0	101	0	0	0	0	0	0	0	0	0	0	0	0	0	0	0	0	0	0	0	104	0	0	0	0	0	104	0	117	0	0	0	101	0	50	17	0	0	0	0	60	0	0	0	0	0	0	0	0	0	73	95.87
SRR5353833	0	113	0	0	0	0	71	0	0	0	0	0	0	0	0	1	0	0	0	0	0	0	0	0	0	0	106	0	0	0	0	0	96	0	120	0	0	0	84	1	0	0	0	0	0	0	68	0	0	0	0	0	0	0	0	0	54	88.49
SRR5353834	0	91	0	0	0	0	56	0	0	0	0	0	0	0	0	0	0	0	0	0	0	0	0	0	0	0	85	0	0	0	0	0	98	0	98	0	0	0	82	0	0	0	0	0	0	0	40	0	0	0	0	0	0	0	0	0	56	73
SRR5353835	0	124	0	0	0	0	120	0	0	0	0	0	0	0	0	0	0	0	0	0	0	0	0	0	0	0	160	0	0	0	0	0	172	0	173	0	0	0	117	46	0	0	0	0	0	0	108	0	0	0	0	0	0	0	0	0	75	129.97
SRR5353836	0	133	0	0	0	0	130	0	0	0	0	0	0	0	0	0	0	0	0	0	0	0	0	0	0	0	139	0	0	0	0	0	146	0	174	0	0	0	108	0	0	0	0	0	0	0	112	0	0	0	0	0	0	0	0	0	84	123.64
SRR5353837	0	126	2	0	0	0	81	0	0	0	0	0	0	0	0	2	0	0	0	1	0	0	0	0	0	0	120	0	0	0	0	0	126	0	132	0	0	0	116	0	0	0	0	0	0	0	81	0	0	0	0	0	0	0	0	0	80	98.79
SRR5353838	0	9	0	0	0	0	14	0	0	0	0	0	0	0	0	0	0	0	0	0	0	0	0	0	0	0	18	0	0	0	0	0	15	0	23	0	0	0	21	0	0	0	0	0	0	0	4	0	0	0	0	0	0	0	0	0	8	14.23
SRR5353839	0	10	0	0	0	0	13	0	0	0	0	0	0	0	0	0	0	0	0	0	0	0	0	0	0	0	15	0	0	0	0	0	17	0	10	0	0	0	11	0	0	0	0	0	0	0	7	0	0	0	0	0	0	0	0	0	6	11.72
SRR5353840	0	66	0	0	0	0	49	0	0	0	0	0	0	0	0	0	0	0	0	0	0	0	0	0	0	0	40	0	0	0	0	0	71	0	76	0	0	0	43	0	0	0	0	0	0	0	31	0	0	0	0	0	0	0	0	0	30	53.41
SRR5353841	0	94	3	0	0	0	118	0	0	0	0	0	0	0	0	0	0	0	0	0	0	0	0	0	15	0	100	0	0	0	0	0	127	0	146	0	0	0	90	0	0	0	0	0	0	0	80	0	0	0	0	0	21	0	0	0	77	106.87
SRR5353842	0	127	1	0	2	0	146	23	0	0	0	0	0	0	0	0	0	0	0	0	0	0	0	0	0	1	184	0	0	0	0	0	165	0	188	0	0	0	124	0	0	0	0	0	0	0	114	0	0	0	0	0	0	0	0	0	104	151.43
SRR5353843	0	93	0	0	0	0	77	0	77	0	0	0	0	0	0	1	0	0	0	0	0	0	0	0	0	0	97	0	0	0	0	0	105	0	117	0	0	0	81	0	0	0	0	0	0	0	80	0	0	0	0	0	0	0	0	0	74	92.43
SRR5353844	0	31	11	0	0	0	18	0	0	0	0	0	0	0	0	1	0	0	0	0	0	0	0	0	0	0	35	0	0	0	0	0	48	0	46	0	0	0	30	0	0	0	0	0	0	0	17	0	0	0	0	0	0	0	0	0	24	32.57
SRR5353845	0	177	43	0	0	0	161	0	0	0	0	0	0	0	0	0	0	0	0	0	0	0	0	0	0	0	201	0	0	0	0	0	243	0	254	0	0	0	184	0	0	0	0	0	0	19	125	0	0	0	0	0	0	0	0	0	128	181.63
SRR5353846	0	20	0	0	0	5	13	0	0	0	0	0	0	0	0	0	0	0	0	0	0	0	0	0	0	0	34	0	0	0	0	0	23	0	26	0	0	0	25	0	0	0	0	0	0	0	13	0	0	0	0	0	0	0	0	0	17	21.64
SRR5353847	0	61	0	0	0	0	60	0	0	0	0	0	0	0	0	0	0	0	0	0	0	0	0	0	0	0	72	0	0	0	0	0	61	0	77	0	0	0	62	0	0	0	0	0	0	0	36	0	0	0	0	0	0	0	0	0	63	57.22
SRR5353848	0	27	1	0	4	0	30	0	0	0	1	0	0	0	0	3	0	0	0	0	0	0	0	0	0	0	21	0	0	0	0	0	36	0	31	0	0	0	27	0	0	0	0	0	0	0	22	0	0	0	0	0	0	0	0	0	20	23.14
SRR5353849	0	59	1	0	1	0	52	0	0	0	0	30	0	0	47	2	0	0	0	0	1	0	0	0	0	0	80	0	0	0	0	0	112	1	111	0	0	0	58	0	0	0	0	0	0	0	76	0	0	0	0	0	0	0	0	0	43	68.93
SRR5353850	0	80	4	0	1	0	116	0	0	0	3	0	0	0	0	0	0	0	0	0	0	0	0	0	0	0	129	0	0	0	0	0	149	1	152	0	0	0	102	0	0	0	0	0	0	0	95	0	0	0	0	0	0	0	0	0	85	111.49
SRR5353851	0	62	0	0	0	0	54	0	0	0	0	0	0	0	0	1	0	0	0	0	0	0	0	0	0	0	72	0	0	0	0	0	85	0	78	0	0	0	60	0	0	0	0	0	0	0	39	0	0	0	0	0	0	7	0	0	39	63.91
SRR5353852	0	70	0	0	0	0	61	0	0	0	0	0	0	0	0	0	0	0	0	0	0	0	0	0	0	0	77	0	0	0	0	0	96	0	86	0	0	0	66	0	0	0	0	0	0	0	62	0	0	0	0	0	0	0	0	0	33	64.77
SRR5353853	0	85	11	0	0	0	73	0	0	0	0	0	0	0	0	0	0	0	0	0	0	0	0	44	0	0	110	0	0	0	0	0	122	0	110	0	0	0	89	0	0	0	0	0	0	0	63	0	1	0	0	0	0	0	0	0	64	86.42
SRR5353854	0	78	1	0	0	0	70	0	0	0	1	0	0	0	0	0	0	0	0	0	0	0	0	0	0	0	86	0	0	0	0	0	101	0	113	0	0	0	77	0	0	0	0	0	0	0	60	0	0	0	0	0	0	0	0	0	62	74.05
SRR5353855	5	78	1	0	1	0	47	0	0	0	0	0	0	0	0	0	0	0	0	0	0	0	0	0	0	0	87	0	0	0	0	0	64	0	54	0	0	0	66	0	0	0	0	0	0	0	46	0	0	2	0	0	0	0	0	0	48	58.19
SRR5353856	0	73	2	0	1	0	56	0	0	0	1	0	0	0	0	0	0	0	0	2	0	0	0	0	0	0	87	0	0	0	0	0	84	0	66	0	0	0	63	0	0	0	0	0	0	0	63	0	0	0	0	0	0	0	0	0	55	67.7
