cells	chrMT:111:A/G	chrMT:497:C/T	chrMT:642:T/C	chrMT:687:G/A	chrMT:716:T/C	chrMT:746:A/G	chrMT:1438:A/G	chrMT:1748:G/A	chrMT:2128:G/A	chrMT:2542:G/A	chrMT:2623:A/G	chrMT:2643:G/A	chrMT:3005:A/G	chrMT:3053:A/G	chrMT:3779:G/A	chrMT:3828:A/G	chrMT:4069:T/C	chrMT:4238:T/C	chrMT:4360:G/A	chrMT:5039:A/G	chrMT:5925:T/C	chrMT:6481:T/C	chrMT:7252:G/A	chrMT:7275:T/C	chrMT:8348:A/G	chrMT:8365:A/G	chrMT:9055:G/A	chrMT:9267:G/A	chrMT:9329:G/A	chrMT:10457:T/C	chrMT:10500:G/A	chrMT:11432:A/G	chrMT:11485:T/C	chrMT:11487:T/C	chrMT:11840:C/T	chrMT:12090:T/C	chrMT:12280:A/G	chrMT:12294:G/A	chrMT:12372:G/A	chrMT:12460:T/C	chrMT:12509:A/G	chrMT:12733:A/G	chrMT:13563:A/G	chrMT:13676:A/G	chrMT:13780:A/G	chrMT:14693:A/G	chrMT:14798:T/C	chrMT:14861:G/A	chrMT:14918:G/A	chrMT:15461:T/C	chrMT:15559:A/G	chrMT:15827:A/G	chrMT:16061:T/C	chrMT:16111:C/T	chrMT:16242:C/T	chrMT:16259:C/T	chrMT:16519:T/C	depth
SRR5353761	0	1	0	0	0	0	1	0	0	0	0.0909090909090909	0	0	0	0	0	0	0	0	0	0	0	0	0	0	0	1	0	0	0	0	0	1	0	1	0	0	0	1	0	0	0	0	0	0	0	1	0	0	0	0	0	0	0	0	0	1	5.48
SRR5353762	0	1	0	0	0	0	1	0	0	0	0	0	0	0	0	0	0	0	0	0	0	0	0	0	0	0	1	0	0	0	0	0	1	0	1	0	0	0	1	0	0	0	0	0.161290322580645	0	0	1	0	0	0	0	0	0	0	0	0	1	42.66
SRR5353763	0	1	0	0	0	0	1	0	0	0	0	0	0	0	0	0	0	0	0	0	0	0	0	0	0	0.2	1	0.25	0	0	0	0	1	0	1	0	0	0	1	0	0	0	0	0	0	0	1	0	0	0	0	0	0	0	0	0	1	6.36
SRR5353764	0	0	0	0	0	0	0	0	0	0	0	0	0	0	0	0	0	0	0	0	0	0	0	0	0	0	0	0	0	0	0	0	1	0	0	0	0	0	0	0	0	0	0	0	0	0	0	0	0	0	0	0	0	0	0	0	0	1.66
SRR5353765	0	0	0	0	0	0	1	0	0	0	0	0	0	0	0	0	0	0	0	0	0	0	0	0	0	0	1	0	0	0	0	0	1	0	0	0	0	0	0	0	0	0	0	0	0	0	1	0	0	0	0	0	0	0	0	0	0	1.37
SRR5353766	0	0	0	0	0	0	0	0	0	0	0	0	0	0	0	0	0	0	0	0	0	0	0	0	0	0	1	0	0	0	0	0	1	0	0	0	0	0	1	0	0	0	0	0	0	0	0	0	0	0	0	0	0	0	0	0	0	1.48
SRR5353767	0	1	0.5	0	0	0	1	0	0	0	0.2	0	0	0	0	1	0	0	0	0	0	0	0	0	0	0	1	0	0	0	0	0	1	0	1	0	0	0	1	0	0	0	0	0	0	0	1	0	0	0	0	0	0	0	0	0	1	3.62
SRR5353768	0	1	0	0	0	0	1	0	0	0	0	0	0.2	0	0	0	0	0	0	0	0	0	0	0	0	0	1	0	0	0	0	0	1	0	1	0	0	0	1	0	0	0	0	0	0	0	1	0	0	0	0	0	0	0	0	0	1	5.18
SRR5353769	0	1	0	0	0	0	1	0	0	0	0	0	0	0	0	0	0	0	0	0	0	0	0	0	0	0	1	0	0	0	0	0	1	0	1	0	0	0	1	0	0	0	0	0	0	0	1	0	0	0	0	0	0	0	0	0	1	4.78
SRR5353770	0	0	0	0	0	0	0	0	0	0	0	0	0	0	0	0	0	0	0	0	0	0	0	0	0	0	0	0	0	0	0	0	1	0	1	0	0	0	1	0	0	0	0	0	0	0	0	0	0	0	0	0	0	0	0	0	0	1.37
SRR5353771	0	0	0	0	0	0	0	0	0	0	0	0	0	0	0	0	0	0	0	0	0	0	0	0	0	0	0	0	0	0	0	0	1	0	1	0	0	0	0	0	0	0	0	0	0	0	1	0	0	0	0	0	0	0	0	0	0	1.3
SRR5353772	0	1	0	0	0	0	0	0	0	0	0	0	0	0	0	0	0	0	0	0	0	0	0	0	0	0	1	0	0	0	0	0	0	0	1	0	0	0	0	0	0	0	0	0	0	0	0	0	0	0	0	0	0	0	0	0	1	1.32
SRR5353773	0	1	0	0	0	0	1	0	0	0	0	0	0	0	0	0	0	0	0	0	0	0	0	0	0	0	1	0	0	0	0	0	1	0	1	0	0	0	1	0	0	0	0	0	0	0	1	0	0	0	0	0	0	0	0	0	0	2.05
SRR5353774	0	1	0	0	0	0	1	0	0	0	0.25	0	0	0	0	0	0	0	0	0	0	0	0	0	0	0	0	0	0	0	0	0	0	0	1	0	0	0	0	0	0	0	0	0	0	0	1	0	0	0	0	0	0	0	0	0	1	2.05
SRR5353775	0	1	0	0.954545454545455	0	0	1	0	0	0	0	0	0	0	0	0	0	0	0	0	0	0	0	0	0	0	1	0	0	0	0	0	1	0	1	0	0	0	1	0	0	0	0	0	0	0	1	0	0	0.253968253968254	0	0	0	0	0	0	1	38.78
SRR5353776	0	0	0	0	0	0	1	0	0	0	0	0	0	0	0	0	0	0	0	0	0	0	0	0	0	0	1	0	0	0	0	0	0	0	0	0	0	0	0	0	0	0	0	0	0	0	0	0	0	0	0	0	0	0	0	0	0	1.47
SRR5353777	0	1	0	0	0	0	1	0	0	0	0	0	0	0	0	0	0	0	0	0	0	0	0	0	0	0	1	0	0	0	0	0	1	0	1	0	0	0	1	0	0	0	0	0	0	0	1	0	0	0	0	0	0	0	0	0	1	4.12
SRR5353778	0	0	0	0	0	0	1	0	0	0	0	0	0	0	0	1	0	0	0	0	0	0	0	0	0	0	0	0	0	0	0	0	0	0	0	0	0	0	0	0	0	0	0	0	0	0	1	0	0	0	0	0	0	0	0	0	0	1.5
SRR5353779	0	1	0.222222222222222	0	0	0	1	0	0	0	0	0	0	0	0	0	0	0	0	0	0	0	0	0	0	0	1	0	0	0	0	0	1	0	1	0	0	0	1	0	0	0	0	0	0	0	1	0	0	0	0	0	0	0	0	0	1	8.57
SRR5353780	0	1	0.0307692307692308	0	0	0	1	0	0	0	0	0	0	0	0	0	0	0	0	0	0	0	0	0	0	0	1	0	0	0	0	0	0.98989898989899	0	1	0	0	0	1	0	0	0	0	0	0	0	1	0	0	0	0	0	0	0	0	0	1	59.36
SRR5353781	0	1	0.333333333333333	0	0	0	1	0	0	0	0	0	0	0	0	0	0	0	0	0	0	0	0	0	0	0	1	0	0	0	0	0	1	0	1	0	0	0	0	0	0	0	0	0	0	0	1	0	0	0	0	0	0	0	0	0	0	2.69
SRR5353782	0	1	0	0	0	0	1	0	0	0	0	0	0	0	0	0	0	0	0	0	0	0	0	0	0	0	0	0	0	0	0	0	1	0	0	0	0	0	0	0	0	0	0	0	0	0	0	0	0	0	0	0	0	0	0	0	0	1.53
SRR5353783	0	1	0	0	0	0	0	0	0	0	0	0	0	0	0	0	0	0	0	0	0	0	0	0	0	0	1	0	0	0	0	0	0	0	0	0	0	0	1	0	0	0	0	0	0	0	1	0	0	0	0	0	0	0	0	0	1	1.58
SRR5353784	0	1	0	0	0	0	0	0	0	0	0	0	0	0	0	0	0	0	0	0	0	0	0	0	0	0	0	0	0	0	0	0	0	0	1	0	0	0	1	0	0	0	0	0	0	0	0	0	0	0	0	0	0	0	0	0	0	1.59
SRR5353785	0.125	1	0	0	0	0	1	0	0	0	0	0	0	0	0	0	0.222222222222222	0	0	0	0	0	0	0	0	0	1	0	0.19047619047619	0	0	0	1	0	1	0	0	0	1	0	0	0	0	0	0	0	1	0	0.125	0	0	0	0	0	0	0	1	10.9
SRR5353786	0	1	0.222222222222222	0	0	0	1	0	0	0	0	0	0	0	0	0	0.333333333333333	0	0	0	0	0	0	0	0	0	1	0	0	0	0	0	1	0	1	0	0	0	1	0	0	0	0	0	0	0	1	0	0	0	0	0	0	0	0	0	1	11.86
SRR5353787	0	1	0.235294117647059	0	0	0	1	0	0	0	0	0	0	0	0	0	0.0769230769230769	0	0	0	0	0	0	0	0	0	1	0	0	0	0	0	1	0	1	0	0	0	1	0	0	0	0	0	0	0	1	0	0	0.111111111111111	0	0	0	0	0	0	1	10.06
SRR5353788	0	0	0	0	0	0	0	0	0	0	0	0	0	0	0	0	0	0	0	0	0	0	0	0	0	0	0	0	0	0	0	0	1	0	0	0	0	0	1	0	0	0	0	0	0	0	0	0	0	0	0	0	0	0	0	0	0	1.64
SRR5353789	0	1	0	0	0	0	1	0	0	0	0	0	0	0	0	0	0	0	0	0	0	0	0	0	0	0	1	0	0	0	0	0	1	0	0	0	0	0	0	0	0	0	0	0	0	0	1	0	0	0	0	0	0	0	0	0	0	1.87
SRR5353790	0	1	0	0	0	0	1	0	0	0	0	0	0	0	0	0	0	0	0	0	0	0	0	0	0	0	1	0	0	0	0	0	0	0	0	0	0	0	0	0	0	0	0	0	0	0	0	0	0	0	0	0	0	0	0	0	0	1.78
SRR5353791	0	1	0	0	0	0	1	0	0	0	0	0	0	0	0	0	0	0	0	0	0	0	0	0	0	0	1	0	0	0	0	0	1	0	1	0	0	0	1	0	0	0	0	0	0	0	1	0	0.0833333333333333	0	0	0	0	0	0	0	1	33.9
SRR5353792	0	1	0.352941176470588	0	0.037037037037037	0	1	0	0	0	0	0	0	0	0	0	0.1	0	0	0	0	0	0	0	0	0	1	0	0	0	0	0	1	0	1	0	0	0	1	0	0	0.0625	0	0	0	0	1	0	0.142857142857143	0	0	0	0	0	0	0	1	21.62
SRR5353793	0	1	0	0	0	0	1	0	0	0	0	0	0	0	0	0	0.583333333333333	0	0	0	0	0	0	0	0	0	1	0	0.0740740740740741	0	0	0	1	0	1	0	0	0	1	0	0	0	0	0	0	0	1	0	0.555555555555556	0	0	0	0	0	0	0	1	9.56
SRR5353794	0	1	0	0	0	0	0	0	0	0	0	0	0	0	0	0	0	0	0	0	0	0	0	0	0	0	1	0	0	0	0	0	1	1	0	0	0	0	1	0	0	0	0	0	0	0	0	0	0	0	0	0	0	0	0	0	1	1.89
SRR5353795	0	0	0	0	0	0	0	0	0	0	0	0	0	0	0	0	0	0	0	0	0	0	0	0	0	0	0	0	0	0	0	0	1	0	1	0	0	0	0	0	0	0	0	0	0	0	1	0	0	0	0	0	0	0	0	0	1	1.73
SRR5353796	0	1	0.308823529411765	0	0	0	1	0	0	0	0	0	0	0	0	0	0.00970873786407767	0	0	0	0	0	0	0	0	0	1	0	0	0	0	0	1	0	1	0	0	0	1	0	0	0	0	0	0	0	1	0	0	0	0	0.166666666666667	0	0	0	0	1	78.25
SRR5353797	0	0.947368421052632	0	0	0	0	1	0	0	0	0.136363636363636	0	0	0	0	0	0	0	0	0	0	0	0	0	0	0	1	0	0	0	0	0	1	0	1	0	0	0	1	0	0	0	0	0	0	0	1	0	0	0	0	0	0	0	0	0	1	11.91
SRR5353798	0	1	0	0	0	0	1	0	0	0	0	0.0277777777777778	0	0	0	0	0	0	0	0	0	0	0	0	0	0.0588235294117647	1	0	0	0	0	0	1	0	1	0	0	0.352941176470588	1	0	0	0	0	0	0	0	1	0	0	0	0	0	0	0	0	0	1	21.79
SRR5353799	0	1	0.141025641025641	0	0	0	1	0	0	0	0	0	0	0	0	0	0.0136986301369863	0	0	0	0	0	0	0	0	0	1	0	0	0	0	0	1	0	1	0	0	0	1	0	0	0	0	0	0	0	1	0	0	0	0	0	0	0	0	0	1	76.37
SRR5353800	0	1	0	0	0	0	1	0	0	0	0	0	0	0	0	0	0	0	0	0	0	0	0	0	0	0	0	0	0	0	0	0	1	0	0	0	0	0	0	0	0	0	0	0	0	0	0	0	0	0	0	0	0	0	0	0	0	1.5
SRR5353801	0	0	0	0	0	0	1	0	0	0	0	0	0	0	0	0	0	0	0	0	0	0	0	0	0	0	0	0	0	0	0	0	1	0.333333333333333	1	0	0	0	1	0	0	0	0	0	0	0	0	0	0	0	0	0	0	0	0	0	1	1.59
SRR5353802	0	1	0	0	0	0	0	0	0	0	0	0	0	0	0	0	0	0	0	0	0	0	0	0	0	0	0	0	0	0	0	0	1	0	0	0	0	0	0	0	0	0	0	0	0	0	0	0	0	0	0	0	0	0	0	0	0	1.45
SRR5353803	0	1	0	0	0	0	1	0	0	0	0	0	0	0	0	0	0	0	0	0	0.192307692307692	0	0	0	0	0.0169491525423729	1	0	0	0	0	0	1	0	1	0	0.0117647058823529	0	1	0	0	0	0.911111111111111	0.0151515151515152	0	0	1	0	0	0	0	0	0	0	0	0	1	82.46
SRR5353804	0	1	0	0	0	0	1	0	0	0.00584795321637427	0	0	0	0	0	0	0	0	0	0	0	0	0	0	0	0.0467289719626168	1	0	0	0	0	0	1	0	1	0	0	0	1	0	0	0	0	0.0144927536231884	0	0	1	0	0	0	0	0	0	0	0	0	1	161.35
SRR5353805	0	0.993055555555556	0	0	0	0	1	0	0	0	0	0	0	0	0	0	0.018018018018018	0	0	0	0	0	0	0	0	0.032967032967033	1	0	0	0	0	0	1	0	1	0	0	0	1	0	0	0	0	0.043956043956044	0	0	1	0	0	0	0	0	0	0	0.928571428571429	0	1	114.27
SRR5353806	0	1	0	0	0	0	1	0	0	0	0	0	0	0	0	0	0	0	0	0	0	0	0	0	0	0	1	0	0	0	0	0	1	0	1	0	0	0	0	0	0	0	0	0	0	0	0	0	0	0	0	0	0	0	0	0	0	1.85
SRR5353807	0	1	0	0	0	0	1	0	0	0	0	0	0	0.913793103448276	0	0	0	0	0	0	0	0	0	0	0	0	1	0.890625	0	0	0	0	1	0	1	0	0	0	1	0	0	0	0	0	0	0	1	0	0	0	0	0	0	0	0	0	1	48.06
SRR5353808	0	1	0	0	0	0	1	0	0	0	0	0	0	0	0	0	0	0	0	0	0	0	0.121212121212121	0	0	0	1	0	0	0	0	0	1	0	1	0	0	0	1	0	0	0	0	0.04	0	0	1	0	0	0	0	0	0	0	0	0	1	67.16
SRR5353809	0	1	0.228915662650602	0	0	0	1	0	0	0	0	0	0	0	0	0	0	0	0	0	0.0666666666666667	0	0	0	0	0	1	0	0	0	0	0	1	0	1	0	0	0	1	0	0	0.0857142857142857	0	0	0	0	1	0	0	0	0	0.0108695652173913	0	0	0	0	1	90.07
SRR5353810	0	0.990566037735849	0	0	0	0	1	0	0	0	0	0	0	0	0	0	0	0	0	0	0.0666666666666667	0	0	0	0	0	1	0	0	0	0	0	1	0	1	0	0	0	1	0	0	0	0	0	0	0	1	0	0	0	0	0	0	0	0	0	1	91.9
SRR5353811	0	0.984251968503937	0	0	0	0	1	0	0	0.0143884892086331	0	0	0	0	0	0.00740740740740741	0.413223140495868	0	0	0.00689655172413793	0	0	0	0	0	0	1	0	0.261780104712042	0	0	0	1	0	1	0	0.0267857142857143	0	0.990654205607477	0	0	0	0	0	0	0	1	0	0.546583850931677	0	0	0	0	0	0	0	1	124.99
SRR5353812	0	0.984962406015038	0.05	0	0	0	1	0	0	0	0	0	0	0	0	0	0	0	0	0	0	0	0	0	0	0	1	0	0	0	0	0	1	0	1	0.947826086956522	0	0	1	0	0	0	0	0	0	0	1	0	0	0	0	0	0	0	0	0	1	107.81
SRR5353813	0	1	0	0	0	0	1	0	0	0	0	0	0	0	0	0	0	0.1875	0.3125	0	0	0	0	0	0	0	1	0	0	0	0	0	1	0	1	0	0	0	1	0	0	0	0	0	0	0	1	0	0	0	0	0	0	0	0	0	1	88.98
SRR5353814	0	1	0	0	0	0	1	0	0	0	0	0	0	0	0	0.0078740157480315	0	0	0	0	0	0	0	0	0	0	1	0	0	0	0	0	1	0	1	0	0	0	1	0	0	0	0	0	0.345454545454545	0	1	0	0	0	0	0	0	0	0	0.390909090909091	1	103.11
SRR5353815	0	1	0	0	0	0	1	0	0	0.0789473684210526	0	0	0	0	0	0.0192307692307692	0	0	0	0	0	0	0	0	0	0	1	0	0	0	0.416666666666667	0	1	0	1	0	0.0714285714285714	0	1	0	0	0	0	0	0	0	1	0	0	0	0	0	0	0	0	0	1	37.44
SRR5353816	0	1	0	0	0	0	1	0	0	0	0	0	0	0	0	0	0	0	0	0	0	0	0	0	0	0	0.979166666666667	0	0	0	0	0	1	0	1	0	0.0208333333333333	0	1	0	0	0	0	0	0	0	1	0	0	0	0	0	0	0	0	0	1	40.69
SRR5353817	0	1	0	0	0	0	1	0	0	0.00833333333333333	0	0	0	0	0	0	0.00854700854700855	0	0	0	0	0	0	0	0	0	1	0	0	0	0	0	1	0	1	0	0	0	1	0	0	0	0	0	0	0	1	0	0.0166666666666667	0	0	0	0	0	0	0	1	103.28
SRR5353818	0	0.995744680851064	0.784688995215311	0	0	0	0.99492385786802	0	0	0	0	0	0	0	0	0.00411522633744856	0	0	0	0	0	0	0	0	0	0	1	0	0	0.00515463917525773	0	0	1	0	1	0	0	0	1	0	0	0.06	0	0	0	0	1	0	0	0	0	0	0	0	0	0	1	222.53
SRR5353819	0	1	0	0	0	0	1	0	0	0	0	0	0	0	0	0	0	0	0	0.0163934426229508	0	0	0	0	0	0	1	0	0	0	0	0	1	0	1	0	0.0104166666666667	0	1	0	0	0	0	0	0	0	1	0	0	0	1	0	0	0	0	0	0.983606557377049	115.68
SRR5353820	0	0.985074626865672	0.904109589041096	0	0	0	1	0	0	0	0	0	0	0	0	0	0	0	0	0	0	0.151898734177215	0	0	0	0	1	0	0	0	0	0	1	0	1	0	0	0	1	0	0	0	0	0	0	0	1	0	0	0	0	0	0	0	0	0	1	49.41
SRR5353821	0	0.988505747126437	0	0	0	0.010752688172043	1	0	0	0	0	0	0	0	0	0	0	0	0	0	0	0	0	0	0	0.40625	1	0	0	0	0	0	0.990909090909091	0	1	0	0	0	1	0	0	0	0	0.40506329113924	0	0	1	0	0	0	0	0	0	0	0	0	1	87.73
SRR5353822	0	1	0	0	0	0	1	0	0	0	0	0	0	0	0	0	0	0	0	0	0.714285714285714	0	0	0	0	0	1	0	0	0	0	0	1	0.00598802395209581	1	0	0	0	1	0	0	0	0	0	0	0	1	0	0	0	0	0	0	0	0	0	1	100.71
SRR5353823	0	1	0	0	0	0	1	0	0	0	0	0	0	0	0	0	0	0	0	0	0	0	0	0	0	0	1	0	0	0	0	0	1	0	1	0	0	0	1	0	0	0	0	0	0	0	1	0	0	0	0	0	0	0	0	0	1	11.84
SRR5353824	0	1	0	0	0	0	1	0	0	0	0	0	0.75	0	0	0	0	0	0	0	0	0	0	0	0	0	1	0	0	0	0	0.0138888888888889	1	0	1	0	0	0	1	0	0	0	0	0	0	0	1	0.015625	0	0	0	0	0	0	0	0	1	54.3
SRR5353825	0	1	0	0	0.432432432432432	0	1	0	0	0	0	0	0	0	0	0.00649350649350649	0	0	0	0.115853658536585	0	0	0	0	0	0	1	0	0	0	0	0	1	0	1	0	0	0	1	0	0	0	0	0	0	0	1	0	0	0	0	0	0	0	0	0	1	154.51
SRR5353826	0	0.994444444444444	0	0	0	0	1	0.00578034682080925	0	0	0.195530726256983	0	0	0	0	1	0	0	0	0	0	0	0	0	0	0	1	0	0	0.125874125874126	0	0	1	0.132352941176471	1	0	0	0	1	0	0	0	0	0	0	0	1	0	0	0	0	0	0	0	0	0	1	147.63
SRR5353827	0	1	0	0	0	0.0102040816326531	1	0	0	0.355263157894737	0	0	0	0	0	0	0	0	0	0	0	0	0	0	0	0	1	0	0	0	0	0	1	0	1	0	0.135135135135135	0	1	0	0	0	0	0	0	0	1	0	0	0	0	0	0	0	0	0	1	71.3
SRR5353828	0	1	0	0	0	0	1	0	0	0	0	0	0	0	0	0	0	0	0	0	0	0	0	0	0	0	1	0	0	0	0	0	1	0	1	0	0	0	1	0.111111111111111	0	0	0	0	0	0	1	0	0	0	0	0	0	0	0	0	1	8.38
SRR5353829	0	1	0	0	0	0	1	0	0	0	0	0	0	0	0	0	0	0	0	0	0	0	0	0	0	0	1	0.00427350427350427	0	0	0	0	1	0	0.994535519125683	0	0	0	1	0.0333333333333333	0	0	0	0	0	0	1	0	0	0	0	0	0	0	0	0	1	134.35
SRR5353830	0	1	0	0	0	0	1	0	0	0	0	0	0	0	0	0	0	0	0	0	0	0	0	0	0	0	1	0	0	0	0	0.85	1	0	1	0	0	0	1	0	0	0	0	0	0	0	1	0.875	0	0	0	0	0	0	0	0	1	19.71
SRR5353831	0	1	0.0625	0	0	0	1	0	0	0	0	0	0	0	0	0	0	0	0	0	0	0	0	0	0	0	1	0	0	0	0	0	1	0	1	0	0	0	0.990654205607477	0	0	0	0	0	0	0	1	0	0	0	0	0	0	0	0	0	1	103.8
SRR5353832	0	1	0.802197802197802	0	0	0	1	0	0	0	0	0	0	0	0	0	0	0	0	0	0	0	0	0	0	0	1	0	0	0	0	0	1	0	1	0	0	0	1	0	0.462962962962963	0.184782608695652	0	0	0	0	1	0	0	0	0	0	0	0	0	0	1	95.87
SRR5353833	0	0.991228070175439	0	0	0	0	1	0	0	0	0	0	0	0	0	0.00819672131147541	0	0	0	0	0	0	0	0	0	0	1	0	0	0	0	0	1	0	1	0	0	0	1	0.0158730158730159	0	0	0	0	0	0	1	0	0	0	0	0	0	0	0	0	1	88.49
SRR5353834	0	0.978494623655914	0	0	0	0	1	0	0	0	0	0	0	0	0	0	0	0	0	0	0	0	0	0	0	0	1	0	0	0	0	0	1	0	1	0	0	0	1	0	0	0	0	0	0	0	1	0	0	0	0	0	0	0	0	0	1	73
SRR5353835	0	1	0	0	0	0	1	0	0	0	0	0	0	0	0	0	0	0	0	0	0	0	0	0	0	0	1	0	0	0	0	0	1	0	1	0	0	0	1	0.370967741935484	0	0	0	0	0	0	1	0	0	0	0	0	0	0	0	0	1	129.97
SRR5353836	0	1	0	0	0	0	1	0	0	0	0	0	0	0	0	0	0	0	0	0	0	0	0	0	0	0	1	0	0	0	0	0	1	0	1	0	0	0	1	0	0	0	0	0	0	0	1	0	0	0	0	0	0	0	0	0	1	123.64
SRR5353837	0	1	0.021505376344086	0	0	0	1	0	0	0	0	0	0	0	0	0.0150375939849624	0	0	0	0.00793650793650794	0	0	0	0	0	0	0.991735537190083	0	0	0	0	0	1	0	1	0	0	0	1	0	0	0	0	0	0	0	1	0	0	0	0	0	0	0	0	0	1	98.79
SRR5353838	0	1	0	0	0	0	1	0	0	0	0	0	0	0	0	0	0	0	0	0	0	0	0	0	0	0	1	0	0	0	0	0	1	0	1	0	0	0	1	0	0	0	0	0	0	0	1	0	0	0	0	0	0	0	0	0	1	14.23
SRR5353839	0	1	0	0	0	0	1	0	0	0	0	0	0	0	0	0	0	0	0	0	0	0	0	0	0	0	1	0	0	0	0	0	1	0	1	0	0	0	1	0	0	0	0	0	0	0	1	0	0	0	0	0	0	0	0	0	1	11.72
SRR5353840	0	0.985074626865672	0	0	0	0	1	0	0	0	0	0	0	0	0	0	0	0	0	0	0	0	0	0	0	0	1	0	0	0	0	0	1	0	1	0	0	0	1	0	0	0	0	0	0	0	1	0	0	0	0	0	0	0	0	0	1	53.41
SRR5353841	0	0.979166666666667	0.0275229357798165	0	0	0	1	0	0	0	0	0	0	0	0	0	0	0	0	0	0	0	0	0	0.211267605633803	0	1	0	0	0	0	0	1	0	1	0	0	0	0.989010989010989	0	0	0	0	0	0	0	1	0	0	0	0	0	0.221052631578947	0	0	0	1	106.87
SRR5353842	0	1	0.00826446280991736	0	0.0134228187919463	0	1	0.121052631578947	0	0	0	0	0	0	0	0	0	0	0	0	0	0	0	0	0	0.0103092783505155	1	0	0	0	0	0	1	0	1	0	0	0	1	0	0	0	0	0	0	0	1	0	0	0	0	0	0	0	0	0	1	151.43
SRR5353843	0	1	0	0	0	0	1	0	0.875	0	0	0	0	0	0	0.0087719298245614	0	0	0	0	0	0	0	0	0	0	1	0	0	0	0	0	1	0	1	0	0	0	1	0	0	0	0	0	0	0	1	0	0	0	0	0	0	0	0	0	1	92.43
SRR5353844	0	1	0.34375	0	0	0	1	0	0	0	0	0	0	0	0	0.0294117647058824	0	0	0	0	0	0	0	0	0	0	1	0	0	0	0	0	1	0	1	0	0	0	1	0	0	0	0	0	0	0	1	0	0	0	0	0	0	0	0	0	1	32.57
SRR5353845	0	0.99438202247191	0.333333333333333	0	0	0	1	0	0	0	0	0	0	0	0	0	0	0	0	0	0	0	0	0	0	0	0.990147783251232	0	0	0	0	0	1	0	1	0	0	0	1	0	0	0	0	0	0	0.101604278074866	1	0	0	0	0	0	0	0	0	0	1	181.63
SRR5353846	0	1	0	0	0	0.2	1	0	0	0	0	0	0	0	0	0	0	0	0	0	0	0	0	0	0	0	1	0	0	0	0	0	1	0	1	0	0	0	1	0	0	0	0	0	0	0	1	0	0	0	0	0	0	0	0	0	1	21.64
SRR5353847	0	1	0	0	0	0	1	0	0	0	0	0	0	0	0	0	0	0	0	0	0	0	0	0	0	0	1	0	0	0	0	0	1	0	1	0	0	0	1	0	0	0	0	0	0	0	1	0	0	0	0	0	0	0	0	0	1	57.22
SRR5353848	0	1	0.037037037037037	0	0.133333333333333	0	1	0	0	0	0.0222222222222222	0	0	0	0	0.136363636363636	0	0	0	0	0	0	0	0	0	0	1	0	0	0	0	0	1	0	1	0	0	0	1	0	0	0	0	0	0	0	1	0	0	0	0	0	0	0	0	0	1	23.14
SRR5353849	0	0.983333333333333	0.0166666666666667	0	0.0151515151515152	0	1	0	0	0	0	0.288461538461538	0	0	0.5875	0.0232558139534884	0	0	0	0	0.0769230769230769	0	0	0	0	0	0.987654320987654	0	0	0	0	0	0.991150442477876	0.00793650793650794	1	0	0	0	1	0	0	0	0	0	0	0	1	0	0	0	0	0	0	0	0	0	1	68.93
SRR5353850	0	1	0.0377358490566038	0	0.00680272108843537	0	1	0	0	0	0.0175438596491228	0	0	0	0	0	0	0	0	0	0	0	0	0	0	0	0.992307692307692	0	0	0	0	0	1	0.00617283950617284	1	0	0	0	1	0	0	0	0	0	0	0	1	0	0	0	0	0	0	0	0	0	1	111.49
SRR5353851	0	1	0	0	0	0	1	0	0	0	0	0	0	0	0	0.0138888888888889	0	0	0	0	0	0	0	0	0	0	1	0	0	0	0	0	1	0	1	0	0	0	1	0	0	0	0	0	0	0	1	0	0	0	0	0	0	0.148936170212766	0	0	1	63.91
SRR5353852	0	0.985915492957746	0	0	0	0	1	0	0	0	0	0	0	0	0	0	0	0	0	0	0	0	0	0	0	0	1	0	0	0	0	0	1	0	1	0	0	0	1	0	0	0	0	0	0	0	1	0	0	0	0	0	0	0	0	0	1	64.77
SRR5353853	0	0.988372093023256	0.157142857142857	0	0	0	1	0	0	0	0	0	0	0	0	0	0	0	0	0	0	0	0	0.530120481927711	0	0	1	0	0	0	0	0	1	0	1	0	0	0	1	0	0	0	0	0	0	0	1	0	0.00869565217391304	0	0	0	0	0	0	0	1	86.42
SRR5353854	0	0.987341772151899	0.0147058823529412	0	0	0	1	0	0	0	0.00934579439252336	0	0	0	0	0	0	0	0	0	0	0	0	0	0	0	1	0	0	0	0	0	1	0	1	0	0	0	1	0	0	0	0	0	0	0	1	0	0	0	0	0	0	0	0	0	1	74.05
SRR5353855	0.111111111111111	1	0.0208333333333333	0	0.0196078431372549	0	1	0	0	0	0	0	0	0	0	0	0	0	0	0	0	0	0	0	0	0	0.988636363636364	0	0	0	0	0	1	0	1	0	0	0	1	0	0	0	0	0	0	0	1	0	0	0.0212765957446809	0	0	0	0	0	0	1	58.19
SRR5353856	0	1	0.037037037037037	0	0.0166666666666667	0	1	0	0	0	0.0114942528735632	0	0	0	0	0	0	0	0	0.0289855072463768	0	0	0	0	0	0	1	0	0	0	0	0	1	0	1	0	0	0	1	0	0	0	0	0	0	0	1	0	0	0	0	0	0	0	0	0	1	67.7
