cells	chrMT:240:A/G	chrMT:243:A/T	chrMT:456:C/T	chrMT:750:A/G	chrMT:1018:G/A	chrMT:1257:T/C	chrMT:1273:G/A	chrMT:1355:G/A	chrMT:1496:T/C	chrMT:1606:G/A	chrMT:2159:T/C	chrMT:2343:G/A	chrMT:2536:G/A	chrMT:2622:G/A	chrMT:2706:A/G	chrMT:2725:A/G	chrMT:2815:G/A	chrMT:2946:A/G	chrMT:3022:G/A	chrMT:3316:G/A	chrMT:3693:G/A	chrMT:3791:T/C	chrMT:4037:G/A	chrMT:4696:T/C	chrMT:4973:T/C	chrMT:5140:G/A	chrMT:5418:T/C	chrMT:6075:G/A	chrMT:6166:G/A	chrMT:6954:G/A	chrMT:7256:C/T	chrMT:8206:G/A	chrMT:8348:A/G	chrMT:8390:T/G	chrMT:8426:T/C	chrMT:8701:A/G	chrMT:8860:A/G	chrMT:8959:G/A	chrMT:9098:T/C	chrMT:9540:T/C	chrMT:9612:G/C	chrMT:9705:A/G	chrMT:9887:T/C	chrMT:10231:T/C	chrMT:10263:A/T	chrMT:10290:G/A	chrMT:10700:A/G	chrMT:10955:C/T	chrMT:11711:G/A	chrMT:11889:G/A	chrMT:11977:C/T	chrMT:12011:T/C	chrMT:12170:G/A	chrMT:12193:A/G	chrMT:12256:G/A	chrMT:12431:A/G	chrMT:12477:T/C	chrMT:12541:G/A	chrMT:12664:T/C	chrMT:13089:T/C	chrMT:13151:T/C	chrMT:13208:G/C	chrMT:13455:C/T	chrMT:13504:T/C	chrMT:13650:C/T	chrMT:14180:T/C	chrMT:14444:T/C	chrMT:14766:C/T	chrMT:14843:T/C	chrMT:14972:G/A	chrMT:15027:T/C	chrMT:15042:G/A	chrMT:15237:T/C	chrMT:15240:G/A	chrMT:15301:G/A	chrMT:15458:T/C	chrMT:15470:T/C	chrMT:15731:G/A	chrMT:16036:G/A	chrMT:16129:G/A	chrMT:16300:A/G	chrMT:16390:G/A	chrMT:16519:T/C	depth
SRR5353377	0	0	1	1	1	0	0	0	0	0	1	0	0	0	1	0	0	0	0	0.00854700854700855	1	0	0	0	0.00775193798449612	0	0	0	0	0	1	1	0	0	0	1	1	0	0	1	0	0	0	0	0	0	1	1	0.00892857142857143	0	0	0	0	0	0	0	0	0	0	0	0.00694444444444444	0	0	0	1	0.980769230769231	0	1	0.0188679245283019	0.0148148148148148	0	0	0	0	1	1	0	0	0.0123456790123457	1	1	1	1	107.06
SRR5353378	0	0	1	1	1	0	0	0	0	0	1	0	0	0	1	0	0	0	0	0.3	1	0	0	0	0	0	0	0	0	0	1	1	0	0	0	1	1	0	0	1	0	0	0	0	0	0	1	1	0	0	0	0	0	0	0	0	0	0	0	0.0476190476190476	0	0	0	0	1	0.875	0	1	0	0	0	0	0	0	1	0.928571428571429	0	0	0	1	1	1	1	14.86
SRR5353379	0	0	1	1	1	0	0	0	0	0	1	0	0	0	1	0	0	0	0	0	1	0	0	0	0	0	0	0	0	0	1	1	0	0	0	1	1	0	0	1	0	0	0	0	0	0	1	1	0	0	0	0	0	0	0	0	0	0	0	0.003690036900369	0	0	0	0	1	0.766497461928934	0	1	0	0.00462962962962963	0	0	0	0	0.995073891625616	0.995689655172414	0	0	0.0150375939849624	0.989247311827957	1	1	1	169.92
SRR5353380	0	0	0.981132075471698	1	1	0	0	0	0	0	1	0	0	0	1	0	0	0	0	0	1	0	0	0	0	0	0	0	0	0	1	1	0	0	0	0.986301369863014	1	0	0	1	0	0	0	0	0	0	1	1	0	0	0	0	0	0	0	0	0	0	0	0	0	0.11214953271028	0	0	1	1	0	1	0	0	0	0	0	0	1	1	0	0	0	1	1	1	1	87.99
SRR5353381	0	0.111111111111111	1	1	1	0	0	0	0	0	1	0	0	0	1	0	0	0	0	0	1	0	0	0	0	0	0	0	0	0	1	1	0	0	0	1	1	0	0	1	0	0	0.0303030303030303	0	0	0	1	1	0	0	0	0	0	0	0	0	0	0	0	0	0	0	0	0	0.977272727272727	0.238095238095238	0	1	0	0	0	0	0	0	1	1	0	0.025	0	1	1	1	1	35.09
SRR5353382	0	0	1	1	1	0	0	0	0	0	1	0	0	0	1	0	0	0	0	0	1	0	0	0	0	0	0	0	0	0	1	1	0	0	0	1	0	0	0	1	0	0	0	0	0	0	1	1	0	0	0	0	0	0	0	0	0	0	0	0	0	0	0.021505376344086	0	1	1	0	1	0	0	0	0	0	0	1	1	0	0.0106382978723404	0	0.952380952380952	1	0.986301369863014	1	63.71
SRR5353383	0	0	1	1	1	0	0	0	0	0	1	0	0	0	1	0	0	0	0	0.032258064516129	1	0	0	0	0	0	0.0126582278481013	0	0	0	1	1	0	0	0	1	1	0	0	1	0	0	0	0	0	0	1	1	0	0	0	0	0	0	0	0	0	0	0	0	0	0	0	0	1	0.346938775510204	0	1	0	0.0317460317460317	0	0	0	0	1	1	0	0	0	1	1	1	1	51.86
SRR5353384	0	0	1	1	1	0	0	0	0	0	1	0	0	0	1	0	0	0	0	0.0048780487804878	1	0.00448430493273543	0	0	0	0	0	0	0	0	0.947368421052632	1	0	0	0	1	1	0	0	0.99236641221374	0	0	0	0	0	0	1	1	0.257575757575758	0	0	0	0	0	0	0	0	0	0	0	0	0	0	0	1	0.736318407960199	0	1	0.325581395348837	0	0	0	0	0	1	1	0	0	0	1	1	0.995192307692308	1	197.3
SRR5353385	0	0	1	1	1	0.00588235294117647	0	0	0	0	1	0	0	0	1	0	0	0	0	0.0130718954248366	1	0.00719424460431655	0	0	0	0	0	0	0	0	1	1	0	0	0	1	1	0	0	1	0	0	0.00900900900900901	0	0	0	1	1	0	0	0	0	0	0	0	0	0	0	0	0	0	0	0	0	1	0.955882352941177	0	1	0	0.00641025641025641	0	0	0	0	1	1	0	0	0	1	1	0.993506493506494	1	133.8
SRR5353386	0	0	1	1	1	0	0	0	0	0	1	0	0	0	1	0	0	0	0	0	1	0	0	0	0	0.00485436893203883	0	0	0	0.471042471042471	0.909090909090909	1	0	0	0	1	1	0.246445497630332	0.466292134831461	1	0	0	0	0	0	0	1	0.982456140350877	0	0	0	0	0	0	0	0	0	0	0	0.00352112676056338	0	0	0	0	1	0.681222707423581	0	1	0	0.00847457627118644	0	0	0.0149812734082397	0	1	1	0	0	0	1	1	1	1	199.16
SRR5353387	0	0	1	1	1	0	0	0	0	0	1	0	0	0	1	0	0	0	0	0	1	0	0	0	0	0	0	0	0	0	1	1	0	0	0	1	1	0	0	1	0	0	0	0	0	0	1	1	0	0	0	0	0	0	0	0	0	0	0	0	0	0	0	0	1	0.973684210526316	0	1	0	0	0	0	0	0	1	1	0	0	0.037037037037037	1	1	1	1	30.24
SRR5353388	0	0	1	1	1	0	0	0	0.0125	0	1	0	0	0	1	0	0	0	0	0	1	0	0	0	0	0	0	0	0	0	1	1	0	0	0	1	1	0	0	1	0	0	0	0	0	0	1	1	0	0	0	0	0	0	0	0	0	0	0	0.0172413793103448	0	0	0.0267857142857143	0	1	1	0	1	0	0	0	0	0	0	1	1	0	0	0	1	1	0.99	1	88.22
SRR5353389	0	0	1	1	1	0	0	0	0	0	1	0	0	0	1	0	0	0	0	0	1	0	0	0	0	0	0	0	0	0	1	1	0	0	0	1	1	0	0	1	0	0	0	0	0	0	1	1	0	0	0	0	0	0	0	0	0	0	0	0.257575757575758	0	0	0	0	0.992537313432836	0.452380952380952	0	1	0	0.00806451612903226	0	0	0	0	1	1	0	0	0.271186440677966	1	1	1	1	90.39
SRR5353390	0	0	1	1	1	0	0	0	0	0	1	0	0	0	1	0	0	0	0	0	1	0	0	0	0.00518134715025907	0	0	0	0	0	1	1	0	0	0	1	1	0	0	1	0	0	0	0	0	0	1	1	0	0	0	0	0	0	0	0	0	0	0	0	0	0	0	0	1	0.98876404494382	0	1	0	0.488888888888889	0	0	0	0	0.993865030674847	1	0	0	0	1	1	1	1	153.97
SRR5353391	0	0	1	1	1	0	0	0	0	0	1	0	0	0	1	0	0.0120481927710843	0	0	0.0106382978723404	1	0	0	0	0.844444444444444	0	0	0	0	0	1	1	0.0196078431372549	0	0	1	1	0	0	1	0	0	0	0	0	0	1	1	0	0	0	0	0	0	0	0	0	0	0	0	0	0	0	0	1	0.979381443298969	0	1	0	0.0176991150442478	0	0	0	0	0.99009900990099	1	0	0	0	1	1	0.991452991452991	1	91.61
SRR5353392	0	0	1	1	1	0	0	0	0	0	1	0	0	0	1	0	0	0	0	0	1	0	0	0	0	0	0	0	0	0	1	1	0	0	0	1	1	0	0	1	0	0	0	0	0	0	1	1	0	0	0	0	0	0	0	0	0	0	0	0	0	0	0	0	1	0.993464052287582	0	1	0	0	0	0	0	0	0.994897959183674	1	0	0	0	1	1	1	1	150.64
SRR5353393	0	0.0106382978723404	1	1	1	0	0	0	0	0	1	0	0	0	1	0	0	0	0	0	1	0	0	0	0.23109243697479	0	0	0	0	0	1	1	0	0	0	1	1	0	0	1	0	0	0	0	0	0	1	1	0	0	0	0	0	0.00602409638554217	0	0	0	0	0	0	0	0	0	0	1	1	0	1	0	0.00462962962962963	0	0	0	0	1	1	0.133587786259542	0	0	0.984615384615385	1	1	1	176.94
SRR5353394	0	0.00961538461538462	0.9921875	1	1	0	0	0	0	0	1	0.106481481481481	0	0	1	0	0	0.00371747211895911	0.00343642611683849	0	1	0	0	0	0	0	0	0	0	0	1	1	0	0	0	1	1	0	0	1	0	0	0	0	0	0	0.99672131147541	1	0	0	0	0	0	0	0	0	0	0	0	0	0	0	0	0	1	1	0	1	0	0.00355871886120996	0	0	0	0	1	1	0	0	0	1	1	0.996677740863787	1	217.66
SRR5353395	0	0	1	0.996124031007752	1	0	0	0	0	0	1	0	0	0	1	0	0	0	0	0.245136186770428	1	0	0	0	0	0	0.00628930817610063	0	0	0	1	1	0	0	0	1	1	0	0	1	0	0	0	0	0	0	1	1	0	0	0	0.0216867469879518	0	0	0	0	0	0	0	0	0	0	0	0	1	1	0	1	0	0	0	0	0	0	0.993288590604027	1	0	0	0	0.989130434782609	0.996240601503759	1	1	251.52
SRR5353396	0	0	1	1	1	0	0	0	0	0	1	0	0	0	1	0	0	0	0	0	1	0.0119047619047619	0	0	0	0	0.0198019801980198	0	0	0	1	1	0	0	0	1	1	0	0	1	0	0	0	0	0	0	1	1	0	0	0	0	0	0	0	0	0	0.0113636363636364	0	0	0	0	0	0	1	1	0	1	0	0	0	0	0	0	1	1	0	0	0	1	1	0.990196078431373	1	70.8
SRR5353397	0	0.0263157894736842	1	1	1	0	0	0	0	0	1	0	0	0	1	0	0	0	0	0	1	0	0	0	0	0	0	0	0	0	1	1	0	0	0	1	1	0	0	1	0	0	0	0	0	0	1	1	0	0	0	0	0	0	0	0	0	0	0	0.0121951219512195	0	0	0	0	1	0.985714285714286	0	1	0	0	0.0113636363636364	0	0	0	1	1	0	0	0	1	1	1	1	70.03
SRR5353398	0	0	1	1	1	0	0	0	0	0	1	0	0	0	1	0	0	0	0	0	0.993975903614458	0	0	0	0	0	0	0	0	0	1	1	0	0	0	1	1	0	0	1	0	0	0	0	0	0	1	1	0.00826446280991736	0	0	0	0	0	0	0	0	0	0	0.00581395348837209	0	0	0	0	1	1	0	1	0	0	0	0	0	0	0.99375	1	0.00598802395209581	0.00531914893617021	0	1	1	1	1	122.18
SRR5353399	0	0	1	0	1	0	0	0	0	0	1	0	0	0	1	0	0	0	0	0	1	0	0	0	0	0	0.133333333333333	0	0	0	1	1	0	0	0	1	0	0	0	1	0	0	0	0	0	0	1	1	0	0	0	0	0	0.0769230769230769	0	0	0	0	0	0.222222222222222	0	0	0	0	1	1	0	1	0	0	0	0	0	0	1	1	0	0	0	1	1	1	1	8.21
SRR5353400	0	0.615384615384615	1	1	1	0	0	0	0	0	1	0	0	0	1	0	0	0.00793650793650794	0	0	1	0	0	0	0	0	0	0	0	0	1	1	0	0	0	1	1	0	0	1	0	0	0.835294117647059	0	0	0	1	1	0	0	0	0	0	0	0	0	0	0	0	0.00662251655629139	0	0	0	0	1	1	0	1	0	0.00840336134453781	0	0	0	0	1	1	0	0	0	1	1	0.991228070175439	1	101.18
SRR5353401	0	0	1	1	1	0	0	0	0	0	1	0	0	0	0.990384615384615	0	0	0	0	0	1	0.412280701754386	0	0	0	0	0.0338983050847458	0	0	0	1	1	0	0	0	1	1	0	0	1	0	0	0	0	0	0	1	1	0	0	0	0	0	0	0	0	0	0	0	0	0	0	0	0	1	1	0	1	0	0	0	0	0	0	1	1	0	0	0	1	1	1	1	96.43
SRR5353402	0	0	1	1	1	0	0	0	0	0	1	0	0	0	1	0	0	0	0	0	1	0	0	0	0	0	0.0875	0	0	0	1	1	0	0	0	1	1	0	0	1	0	0	0	0	0	0	1	1	0	0	0	0	0	0	0	0	0	0	0	0	0	0	0	0	1	1	0	1	0	0	0	0	0	0	1	1	0	0	0	1	1	1	1	47.92
SRR5353403	0	0	1	1	1	0	0	0	0	0	1	0	0	0	1	0	0	0	0	0	1	0	0	0	0	0	0.0128205128205128	0	0	0	1	1	0	0	0	1	0	0	0	1	0	0	0	0	0	0	1	1	0	0	0	0	0	0	0	0	0	0	0	0	0	0	0	0	1	0.0508474576271186	0	1	0	0	0	0	0	0	1	1	0	0	0	0.923076923076923	1	1	1	60.04
SRR5353404	0	0	1	1	1	0	0	0	0	0	1	0	0	0	1	0	0	0	0	0	1	0	0	0	0	0	0	0	0	0	0	1	0	0	0	1	1	0	0	1	0	0	0	0	0	0	1	1	0	0	0	0	0	0.4	0	0	0	0	0	0	0	0	0	0	1	1	0	0	0	0	0	0	0	0	1	1	0.153846153846154	0	0	1	1	1	1	7.54
SRR5353405	0	0	1	1	1	0	0	0	0	0	1	0	0	0	1	0	0	0	0	0	1	0	0	0	0	0	0.333333333333333	0	0	0	0	1	0	0	0	1	0	0	0	1	0	0	0	0	0	0	1	1	0	0	0	0	0	0	0	0	0	0	0	0.125	0	0	0	0	1	1	0	1	0	0	0	0	0	0	1	1	0	0	0	1	1	1	1	6.06
SRR5353406	0	0.0909090909090909	1	1	1	0	0	0	0	0	1	0	0	0	1	0	0	0	0	0	1	0	0	0	0	0	0	0	0	0	0	1	0	0	0	1	0	0	0	1	0	0	0	0	0	0	1	1	0	0	0	0	0	0.666666666666667	0	0	0	0	0	0	0	0	0	0	1	1	0	1	0	0	0	0	0	0	1	1	0	0	0	1	1	1	1	7.86
SRR5353407	0	0	1	1	1	0	0	0.101479915433404	0.00251256281407035	0	1	0	0	0	1	0	0	0	0	0	1	0	0	0	0	0	0.2217659137577	0	0	0	1	0.997752808988764	0	0	0	1	1	0	0	1	0	0	0	0	0	0	1	1	0	0	0	0	0	0	0	0	0	0	0	0	0	0	0	0.00223214285714286	1	1	0	1	0	0	0	0	0	0	0.993670886075949	1	0	0	0	1	1	0.995841995841996	1	380.57
SRR5353408	0	0	1	1	1	0	0	0	0.00602409638554217	0	1	0	0	0	1	0	0	0	0	0	1	0	0	0	0	0	0.00558659217877095	0	0	0	1	1	0.0117647058823529	0	0	1	1	0	0	1	0	0	0	0.00543478260869565	0	0	1	1	0	0.00537634408602151	0	0	0	0	0	0	0	0	0.00598802395209581	0	0	0	0	0	1	1	0	1	0	0	0.111702127659574	0	0	0	1	1	0	0	0	1	1	1	1	142.93
SRR5353409	0	0	1	1	1	0	0	0	0.0105263157894737	0	1	0	0	0	1	0	0	0	0	0	1	0	0	0	0	0	0.016260162601626	0	0	0	1	1	0	0	0	1	1	0	0	1	0	0	0	0	0	0	1	1	0	0	0	0	0	0	0	0	0	0	0	0	0	0	0	0	1	1	0	1	0	0	0	0	0	0	1	1	0	0	0	1	1	1	1	92.86
SRR5353410	0	0	1	1	1	0	0	0	0	0	1	0	0	0	1	0	0.411347517730496	0	0	0	1	0	0	0	0	0	0	0	0	0	0.875	1	0	0	0	1	1	0	0	1	0	0	0	0	0	0	1	1	0	0	0	0	0	0	0	0	0	0	0	0	0	0	0	0	1	0.0206896551724138	0	1	0	0	0	0	0	0.00520833333333333	1	1	0	0.965986394557823	0	1	1	1	1	124.68
SRR5353411	0	0	1	1	1	0	0	0	0	0	1	0	0	0	1	0	0	0	0	0	1	0	0	0	0	0	0	0	0	0	0	1	0	0	0	1	0	0	0	1	0	0	0	0	0	0	1	1	0	0	0	0	0	0	0	0	0	0	0	0	0	0	0	0	1	1	0	1	0	0	0	0	0	0	1	1	0	0	0	1	1	1	1	9
SRR5353412	0	0	1	1	1	0	0	0	0	0	1	0	0	0	1	0	0	0	0	0	1	0	0	0	0	0	0	0	0	0	1	1	0	0	0	1	1	0	0	1	0	0	0	0	0	0	1	1	0	0	0	0	0	0	0	0	0	0	0	0	0	0	0	0	1	1	0	1	0	0	0	0	0	0	1	1	0	0	0	1	1	0.983050847457627	1	53.01
SRR5353413	0	0	1	1	1	0	0	0	0.986666666666667	0	1	0	0	0	1	0	0	0	0	0	1	0	0	0	0	0	0	0	0	0	1	0.992063492063492	0	0	0	1	1	0	0	1	0	0	0	0	0	0	1	1	0	0	0	0.796992481203007	0	0	0	0	0	0	0	0	0	0	0	0	1	1	0	1	0	0	0	0	0	0	1	1	0	0	0	1	1	0.992592592592593	1	111.51
SRR5353414	0	0	1	1	1	0	0	0	0.0428571428571429	0	1	0	0	0	0.982456140350877	0	0	0	0	0	1	0	0	0	0	0	0	0	0	0	1	1	0	0	0	1	1	0	0	1	0	0	0	0	0	0	1	1	0	0	0	0	0	0	0	0	0	0	0	0	0.0135135135135135	0	0	0	1	1	0	1	0	0	0	0	0	0	1	1	0	0	0	1	1	1	1	58.6
SRR5353415	0	0	1	1	0.990990990990991	0	0	0	0	0	1	0	0	0	1	0	0	0	0	0	1	0	0	0	0	0	0	0	0	0	1	1	0	0	0	1	1	0	0	1	0	0	0	0	0	0	1	1	0	0	0	0	0	0.0158730158730159	0	0	0	0	0	0	0	0	0	0	1	1	0	1	0	0	0	0	0	0	1	1	0	0	0	1	1	0.993827160493827	1	132.51
SRR5353416	0	0	1	1	1	0	0	0	0	0	1	0	0	0	1	0	0	0	0	0	1	0	0	0	0	0	0	0	0	0	1	1	0	0	0	0.977272727272727	1	0	0	1	0	0	0	0	0	0	1	1	0	0	0	0	0	0	0	0	0	0	0	0	0	0	0.313432835820896	0	1	1	0	1	0	0	0	0	0	0	1	1	0	0	0	1	1	1	1	69.3
SRR5353417	0	0	1	1	1	0.0125	0	0	0	0.115942028985507	1	0	0	0	1	0	0	0	0	0	1	0	0	0	0	0	0	0	0	0	1	1	0	0	0	1	1	0	0	1	0	0	0	0	0	0	1	1	0	0.18141592920354	0	0.00546448087431694	0	0	0	0	0	0	0	0	0	0	0	0	1	1	0	1	0	0	0	0	0.183962264150943	0	1	1	0	0	0	0.985507246376812	1	0.987654320987654	1	149.19
SRR5353418	0	0	1	1	1	0	0	0	0	0	1	0	0	0	1	0	0	0	0	0	1	0	0	0	0	0	0	0	0	0	1	1	0	0	0	1	1	0	0	1	0.00531914893617021	0	0	0	0	0	1	0.983193277310924	0	0	0	0	0	0	0	0	0	0	0.00574712643678161	0	0	0	0	0	1	0.99438202247191	0	1	0	0	0	0	0	0	1	1	0	0	0	1	1	1	1	171.52
SRR5353419	0	0	1	1	1	0	0	0	0	0	1	0	0	0	1	0	0	0	0	0	1	0	0	0	0	0	0	0	0	0	1	1	0	0	0	1	1	0	0	1	0	0	0	0	0	0	1	1	0	0	0	0	0	0	0	0	0	0	0	0	0.956140350877193	0	0	0	1	1	0	1	0	0	0	0	0	0	1	1	0	0	0	0.96969696969697	1	0.991150442477876	1	88.27
SRR5353420	0	0	1	1	1	0	0.00904977375565611	0	0	0	1	0	0.603896103896104	0	1	0	0	0.542253521126761	0	0	1	0	0	0	0	0	0	0.0138888888888889	0	0	1	1	0	0	0	1	1	0	0	1	0	0	0	0	0	0	1	1	0	0	0	0.00900900900900901	0	0	0	0	0	0	0	0	0.00584795321637427	0	0	0	1	1	0	1	0	0	0	0	0	0	1	1	0	0	0	1	1	1	1	134.1
SRR5353421	0	0	1	1	1	0	0	0	0.0357142857142857	0	1	0	0	0	1	0	0	0	0	0	1	0	0	0	0	0	0	0	0.0526315789473684	0	0	1	0	0	0	1	1	0	0	1	0	0	0	0	0	0	1	1	0	0	0	0	0	0	0	0	0	0	0	0	0.12	0	0	0	1	0.157894736842105	0	1	0	0	0	0	0	0	1	1	0	0	0	0.916666666666667	1	1	1	22.25
SRR5353422	0	0	1	1	1	0	0	0	0	0	1	0	0	0	1	0	0	0	0	0	1	0	0	0	0	0	0.00909090909090909	0	0	0	1	1	0	0	0	1	1	0	0	1	0	0	0	0	0	0	1	1	0	0	0	0	0	0	0	0	0	0	0	0.364485981308411	0	0	0	0	1	0.94	0	1	0	0	0	0	0	0	0.983870967741935	1	0	0	0	1	1	1	1	88.38
SRR5353423	0	0	1	1	1	0	0	0	0	0	1	0	0	0.00649350649350649	1	0	0	0	0	0	0.992857142857143	0	0	0	0	0	0	0	0	0	1	1	0	0	0	1	1	0	0	1	0	0	0	0.967213114754098	0	0	1	1	0	0	0	0	0	0	0	0	0	0	0	0	0	0	0	0	1	0.981651376146789	0	1	0	0	0	0	0	0	0.992700729927007	1	0	0	0	1	1	1	1	101.24
SRR5353424	0	0	1	1	1	0	0	0	0	0	1	0	0	0	1	0	0	0	0	0	1	0	0	0	0	0	0	0	0.0131578947368421	0	1	1	0	0	0	1	1	0	0	1	0	0	0	0	0	0	1	1	0	0	0	0	0	0.931372549019608	0	0	0	0	0	0	0.00735294117647059	0	0	0	1	0.981651376146789	0	1	0	0	0	0	0	0	1	1	0	0	0	1	1	1	1	97.92
SRR5353425	0	0	1	1	1	0	0.182926829268293	0	0.0232558139534884	0	1	0	0	0	1	0.542857142857143	0	0	0	0	1	0	0	0	0	0	0	0	0.173913043478261	0	1	1	0	0	0	1	0	0	0	1	0	0	0	0	0	0.588235294117647	1	1	0	0	0	0	0	0	0	0	0	0	0	0	0.0229885057471264	0	0	0	1	1	0	1	0	0	0	0	0	0	1	1	0	0	0	1	0.983333333333333	1	1	55.15
SRR5353426	0	0	1	1	1	0	0	0	0	0	1	0	0	0.178571428571429	1	0	0	0	0	0	1	0	0	0	0	0	0	0	0	0	1	1	0	0	0	1	1	0	0	0.875	0	0	0	0	0	0	1	1	0	0	0	0	0	0	0	0	0	0	0	0	0.037037037037037	0	0	0	1	0.947368421052632	0	1	0	0	0	0	0	0	1	1	0	0	0	1	1	1	1	17.57
SRR5353427	0	0	1	1	1	0	0	0	0	0	1	0	0	0	1	0.0122699386503067	0	0	0	0	1	0	0	0	0	0	0	0	0	0	1	1	0	0	0	1	0.818181818181818	0	0	1	0	0	0	0	0	0.00564971751412429	1	1	0	0	0	0	0	0	0	0	0	0	0	0	0.00421940928270042	0	0	0	1	1	0	1	0	0	0	0	0	0	0.994186046511628	1	0	0	0	1	1	1	1	150.93
SRR5353428	0	0	1	1	1	0	0.0163934426229508	0	0	0	1	0	0	0	1	0	0	0	0	0	1	0	0	0	0	0	0	0	0	0	1	1	0	0	0	1	1	0	0	1	0	0	0	0	0.0116279069767442	0	1	1	0	0	0	0	0	0	0	0	0	0	0	0	0	0	0	0	1	0.990566037735849	0	1	0	0	0.00892857142857143	0	0	0	1	1	0	0	0	1	1	1	1	99.92
SRR5353429	0	0	1	1	1	0	0	0	0	0	1	0.0294117647058824	0	0	1	0	0	0	0	0	1	0	0	0	0	0	0	0	0	0	1	1	0	0	0	1	1	0	0	1	0	0	0	0	0	0	1	1	0	0	0	0.0087719298245614	0	0	0	0	0	0	0	0	0	0	0	0	1	1	0	1	0	0	0	0	0	0	1	1	0	0	0	1	1	1	1	67.11
SRR5353430	0	0	1	1	1	0	0	0	0	0	1	0	0	0	1	0	0	0	0	0	1	0	0	0	0	0	0	0	0	0	1	1	0	0	0	1	1	0	0	1	0	0	0	0	0	0	1	1	0	0	0	0	0	0	0	0	0	0	0	0	0	0	0	0	1	1	0	1	0	0	0	0	0	0	1	1	0	0	0	1	1	1	1	94.5
SRR5353431	0	0	1	1	0.985915492957746	0	0	0	0	0	1	0	0	0	1	0	0	0	0	0	1	0	0	0	0	0.141304347826087	0	0	0	0	1	1	0	0	0	1	1	0	0	1	0	0	0	0	0	0	1	1	0	0	0	0	0	0	0	0	0	0	0	0	0	0	0	0.710526315789474	1	0.965909090909091	0	1	0	0	0	0.0103092783505155	0	0	1	1	0	0	0	1	1	1	1	85.5
SRR5353432	0	0	1	1	1	0	0.00446428571428571	0	0	0	1	0	0	0	1	0	0	0	0	0	0.99746835443038	0	0	0	0	0	0	0	0	0	1	1	0	0	0	1	1	0	0	1	0	0.00617283950617284	0	0	0	0	1	1	0	0	0	0	0	0	0	0	0	0	0	0	0	0	0	0.0326975476839237	0.996932515337423	1	0	0.99601593625498	0	0	0	0	0	0	0.9975	1	0.00204498977505112	0	0	0.990825688073395	1	1	1	310.91
SRR5353433	0	0	1	1	1	0	0	0	0	0	1	0	0	0	1	0	0	0	0	0	1	0	0	0	0	0	0	0	0	0	1	1	0	0	0	1	1	0	0	1	0.0769230769230769	0	0	0	0	0.0344827586206897	1	1	0	0	0	0	0	0	0	0	0	0	0	0	0	0	0	0	1	1	0	1	0	0	0	0	0	0	1	1	0	0	0	1	1	1	1	24.59
SRR5353434	0	0	0.983050847457627	1	1	0.003690036900369	0	0	0	0	1	0	0	0	1	0	0	0	0	0	1	0	0	0	0	0	0	0	0	0	1	0.995983935742972	0	0	0	1	1	0	0	1	0	0	0	0	0	0	1	1	0	0	0	0	0	0	0	0	0	0	0.141342756183746	0	0	0	0	0	1	1	0	1	0	0	0	0	0.00387596899224806	0.00760456273764259	1	1	0	0	0	1	1	1	1	212.24
SRR5353435	0.02	0	1	1	1	0	0	0	0	0	1	0	0	0	1	0	0	0	0	0	1	0	0	0	0	0	0	0	0	0	1	1	0	0	0	1	1	0	0	1	0	0	0	0	0	0	1	1	0	0	0	0	0	0	0	0	0	0	0	0	0	0	0	0	1	1	0	1	0	0	0	0	0	0	1	1	0	0	0	1	1	1	1	102.96
SRR5353436	0	0	1	1	1	0	0	0	0	0	1	0	0	0	1	0	0	0	0	0	1	0	0.166666666666667	0	0	0	0	0	0.4	0	1	1	0	0	0	1	1	0	0	1	0	0	0	0	0	0	1	1	0	0	0	0	0	0	0	0	0	0	0	0	0	0	0	0	1	1	0	1	0	0	0	0	0	0	1	1	0	0	0	0	1	1	1	10.05
SRR5353437	0	0	1	1	1	0	0	0	0	0	0.96078431372549	0	0	0	1	0	0	0	0	0	1	0	0.0161290322580645	0	0	0	0	0	0	0	0.857142857142857	1	0	0	0	1	1	0	0	1	0.893617021276596	0	0	0	0	0	1	1	0	0	0	0	0	0	0	0	0	0	0	0	0	0	0	0	1	1	0	1	0	0	0	0	0	0	1	1	0	0	0	1	1	1	1	72.32
SRR5353438	0	0	1	0.972972972972973	1	0	0	0	0	0	1	0	0	0	1	0	0	0	0	0	1	0	0	0	0	0	0	0	0	0	1	1	0	0	0	1	1	0	0	1	0	0	0	0	0	0.0208333333333333	1	1	0	0	0	0	0	0	0	0	0	0	0	0	0	0	0	0	1	0.0704225352112676	0	1	0	0	0	0.211538461538462	0	0	1	1	0	0	0	1	1	1	1	41.56
SRR5353439	0	0	1	1	1	0	0	0	0	0	1	0	0	0	1	0	0	0	0	0	1	0	0.315789473684211	0	0	0	0	0	0	0	0.933333333333333	1	0	0	0	1	0.714285714285714	0	0	1	0	0	0	0	0	0	1	1	0	0	0	0	0	0	0	0	0	0	0	0	0	0	0	0	0.99438202247191	1	0	0.990825688073395	0	0	0	0	0	0.00515463917525773	1	1	0	0	0	1	1	1	1	146.38
SRR5353440	0	0	1	1	1	0	0	0	0	0	1	0	0	0	1	0	0	0	0	0	1	0	0	0	0	0	0	0	0	0	1	1	0	0	0	1	1	0	0	1	0.00628930817610063	0.015625	0	0	0	0	1	1	0	0	0	0	0	0	0	0	0	0	0	0	0	0	0	0	1	0.0072992700729927	0	1	0	0	0	0	0	0	0.994475138121547	1	0	0	0	1	1	1	1	129.71
SRR5353441	0	0	1	1	1	0	0	0	0	0	1	0	0	0	1	0	0	0	0	0	0.992805755395683	0	0	0.123287671232877	0	0	0	0	0	0	1	1	0	0	0	1	1	0	0	1	0.00746268656716418	0	0	0	0	0	1	1	0	0	0	0	0	0	0	0	0.221238938053097	0	0	0	0	0	0	0	0.993589743589744	0.993670886075949	0.114754098360656	1	0.00757575757575758	0	0	0	0	0	1	1	0	0	0	1	1	1	1	143.53
SRR5353442	0	0	1	1	1	0.165876777251185	0	0	0	0	1	0	0	0	1	0	0	0	0.00454545454545455	0	1	0	0	0	0	0	0.425742574257426	0	0	0	1	0.994974874371859	0	0	0	1	1	0	0	1	0.00505050505050505	0	0	0	0	0	1	1	0	0	0	0	0	0	0	0	0	0	0	0	0	0.0043859649122807	0	0	1	0.993827160493827	0	1	0	0	0	0	0	0	1	1	0	0	0	1	1	0.990243902439024	1	169.22
SRR5353443	0	0	1	1	1	0	0	0	0	0	1	0	0	0	1	0	0	0	0	0	1	0	0	0	0	0	0	0	0	0	0	1	0	0	0	1	1	0	0	1	0	0	0	0	0	0	1	1	0	0	0	0	0	0	0	0	0	0	0	0	0	0	0	0	1	1	0	1	0	0	0	0	0	0	1	1	0	0	0	0	1	1	1	5.12
SRR5353444	0	0	1	1	1	0	0	0	0	0	1	0	0	0	1	0	0	0	0	0	1	0	0	0	0	0	0	0	0	0	1	1	0	0	0	1	1	0	0	1	0.0140845070422535	0	0	0	0	0	1	1	0	0	0	0	0	0	0	0	0	0	0	0	0	0	0	0	1	0.112359550561798	0	1	0	0	0	0	0	0	1	1	0	0	0	1	1	1	0.979591836734694	67.55
SRR5353445	0	0	1	0.990476190476191	1	0	0	0	0	0	1	0	0	0	1	0	0	0	0	0	1	0	0	0	0	0	0	0	0	0	1	1	0	0	0	1	1	0	0	1	0.00961538461538462	0	0	0	0	0	1	1	0	0	0	0	0	0	0	0	0	0	0	0	0	0	0	0	1	1	0	1	0	0	0	0	0	0	1	1	0	0	0	1	1	1	1	104.84
SRR5353446	0	0	0.99236641221374	1	1	0	0	0	0	0	1	0	0	0	1	0	0	0	0	0	0.996987951807229	0	0.00460829493087558	0	0	0	0	0	0	0	1	1	0	0.101321585903084	0	1	1	0	0	1	0	0.114503816793893	0	0	0	0	1	1	0	0	0	0	0	0	0	0	0	0	0	0	0	0.0028169014084507	0	0	0.992700729927007	0.78594249201278	0	1	0	0	0	0	0	0	0.997167138810198	1	0	0	0	1	1	1	1	260.8
SRR5353447	0	0	1	1	1	0	0	0	0	0	1	0	0	0	1	0	0	0	0.183333333333333	0	1	0	0	0	0	0	0	0	0	0	1	1	0	0	0	1	0.666666666666667	0	0	1	0	0	0	0	0	0	1	1	0.0078125	0	0	0	0	0	0	0	0	0	0	0	0	0	0	0	1	1	0	1	0	0	0	0	0	0	0.994818652849741	1	0	0	0	1	1	1	1	133.39
SRR5353448	0	0	1	1	1	0	0	0	0	0	1	0	0	0	1	0	0	0	0	0	1	0	0	0	0	0	0	0	0	0	1	1	0	0	0	1	1	0	0	1	0	0	0	0	0	0	1	1	0	0	0	0	0	0	0	0	0	0	0	0	0	0	0	0	1	1	0	1	0	0	0	0	0	0	1	1	0	0	0	1	1	1	1	33.69
SRR5353449	0	0	1	1	1	0.00390625	0	0	0	0	1	0	0	0	1	0	0	0	0	0	1	0	0	0	0	0	0	0	0	0	1	1	0	0	0	1	1	0	0	1	0	0	0	0	0	0	1	1	0	0	0	0	0	0	0	0	0	0	0	0.00396825396825397	0	0	0	0	1	1	0	1	0	0	0	0	0	0	0.995475113122172	1	0	0	0	1	1	1	1	188.94
SRR5353450	0	0	1	1	1	0	0	0	0	0	1	0	0	0	1	0	0	0	0	0	1	0	0	0	0	0	0.945205479452055	0	0	0	1	1	0	0	0	1	1	0	0	1	0	0	0	0.02	0	0	1	1	0	0	0	0	0	0	0	0	0	0	0	0	0	0	0	0	1	1	0	1	0	0	0	0	0	0	0.759259259259259	1	0	0	0	1	1	1	1	52.76
SRR5353451	0	0	1	1	1	0	0	0	0	0	1	0	0	0	1	0	0	0	0	0	1	0	0	0	0	0	0	0	0	0	1	1	0	0	0	1	1	0	0	1	0	0	0	0	0	0	1	1	0	0	0	0	0	0	0	0	0	0	0	0	0	0	0	0	1	1	0	1	0	0	0	0	0	0	1	1	0	0	0	1	1	1	1	164.06
SRR5353452	0	0	1	1	1	0	0	0	0	0	1	0	0	0	1	0	0	0	0	0	1	0	0	0	0	0	0	0	0	0	1	1	0	0	0	1	1	0	0	1	0	0	0	0	0.223776223776224	0	1	1	0	0	0	0	0	0	0	0	0	0	0	0	0	0	0	0	1	0.993243243243243	0	1	0	0	0	0	0	0	0.99438202247191	1	0	0	0	1	1	1	1	150.16
SRR5353453	0	0	1	1	1	0	0	0	0	0	1	0	0	0	1	0	0	0	0	0	1	0	0	0	0	0	0	0	0	0	1	1	0	0	0	0.992125984251969	1	0	0	1	0	0	0	0	0	0	0.995708154506438	1	0	0	0	0	0	0	0	0	0	0	0	0	0	0	0	0	1	1	0	1	0	0	0	0.00505050505050505	0	0	1	1	0	0	0	1	1	0.99468085106383	0.991869918699187	152.79
SRR5353454	0.186046511627907	0	1	1	1	0	0.00571428571428571	0	0	0	1	0	0	0	1	0	0	0	0	0	1	0	0	0	0	0	0	0.0126582278481013	0	0	1	1	0.0163934426229508	0	0	1	1	0	0	1	0	0	0	0	0	0	1	1	0	0	0	0	0	0	0	0	0	0	0	0	0	0	0	0	1	1	0	1	0	0	0	0	0	0	1	1	0	0	0	1	1	0.993506493506494	1	119.82
SRR5353455	0	0	1	1	1	0	0	0	0	0	1	0	0	0	1	0	0	0	0	0	1	0	0	0	0	0	0	0	0	0	1	1	0	0	0	1	1	0	0	1	0	0	0	0	0	0	1	1	0	0	0.492753623188406	0	0	0	0	0	0	0.109090909090909	0	0	0	0	0	0	1	1	0	1	0	0	0	0	0	0	1	1	0	0	0	0.952380952380952	1	1	1	51.42
SRR5353456	0	0	1	1	1	0	0	0	0	0	1	0	0	0	1	0	0	0	0	0	1	0	0	0	0	0	0	0	0	0	1	1	0	0	0	1	1	0	0	1	0	0	0	0	0	0	1	1	0	0	0	0	0	0	0	0.2	0	0	0	0	0	0	0	0.0087719298245614	1	1	0	1	0	0	0	0	0	0	1	1	0	0	0	1	1	0.990291262135922	1	91.11
SRR5353457	0	0	1	1	1	0	0	0	0	0	1	0	0	0	1	0	0	0	0	0	1	0	0	0	0	0	0	0	0	0	1	1	0	0	0	1	1	0	0	1	0	0	0	0	0	0	1	1	0	0	0	0.108910891089109	0	0	0	0	0	0	0	0	0	0	0	0	1	0.464788732394366	0	1	0	0	0	0	0	0	0.994623655913978	1	0	0	0	1	1	1	1	138.31
SRR5353458	0	0	1	1	1	0	0	0	0	0	1	0	0	0	1	0.0185185185185185	0	0	0	0	1	0	0	0	0	0	0	0	0	0	1	1	0	0	0	1	1	0	0	1	0	0	0	0	0	0	1	1	0	0	0	0	0	0	0	0	0	0	0	0	0	0	0	0	1	0.984375	0	1	0	0	0	0	0	0	1	1	0	0	0	1	1	1	1	56.02
SRR5353459	0	0	1	1	1	0	0	0	0	0	1	0	0	0	1	0	0	0	0	0	1	0	0.0769230769230769	0	0	0	0	0	0	0	0	1	0	0	0	1	1	0	0	1	0	0	0	0	0	0	1	1	0	0	0	0	0	0	0	0	0	0	0	0	0	0	0	0	1	1	0	1	0	0	0	0	0	0	1	1	0	0	0	1	1	1	1	12.18
SRR5353460	0	0	1	1	1	0	0	0	0	0	1	0	0	0	1	0	0	0	0	0	1	0	0	0	0	0	0	0	0	0	1	1	0	0	0	1	1	0	0	1	0	0	0	0	0	0.0165289256198347	1	1	0	0	0	0	0	0	0	0	0	0	0	0	0	0	0	0	1	1	0	1	0	0	0	0	0	0	1	1	0	0	0	1	1	1	1	108.23
SRR5353461	0	0	1	1	1	0	0	0	0	0	1	0	0	0	1	0	0	0	0	0	1	0	0	0	0	0	0	0	0	0	1	1	0	0	0	1	0	0	0	1	0	0	0	0	0	0	1	1	0	0	0	0	0	0	0	0	0	0	0	0	0	0	0	0	1	1	0	1	0	0	0	0	0	0	1	1	0	0	0	1	1	1	1	38.35
SRR5353462	0	0	0	1	1	0	0	0	0	0	1	0	0	0	1	0	0	0	0	0	1	0	0	0	0	0	0	0	0	0	0	0	0	0	0	1	0	0	0	0	0	0	0	0	0	0	1	1	0	0	0	0	0	0	0	0	0	0	0	0	0	0	0	0	1	1	0	0	0	0	0	0	0	0	1	1	0	0	0	1	1	1	1	2.9
SRR5353463	0	0	1	1	1	0	0	0	0	0	1	0	0	0	1	0	0	0	0	0	1	0	0	0	0	0	0	0	0	0	1	1	0	0	0	1	1	0	0	1	0.0114942528735632	0	0	0	0	0	1	1	0	0	0	0	0	0	0	0	0	0	0	0	0	0	0	0	1	0.979591836734694	0	1	0	0	0	0	0	0.607407407407407	0.989690721649485	1	0	0	0	1	1	1	1	93.66
SRR5353464	0	0	1	1	1	0	0	0	0	0	1	0	0	0	1	0	0	0	0	0	1	0	0	0	0	0	0	0	0	0	1	1	0	0	0	1	1	0	0	1	0	0	0	0	0	0	1	1	0	0	0	0	0	0	0	0	0	0	0	0	0	0	0	0	1	1	0	1	0	0	0	0	0	0	1	1	0	0	0	1	1	1	1	112.01
SRR5353465	0	0	1	1	1	0	0	0	0	0	1	0	0	0	1	0	0	0	0	0	0.987012987012987	0	0	0	0	0	0	0	0	0	1	1	0.306122448979592	0	0	1	1	0	0	1	0	0	0	0	0	0	1	1	0	0	0	0	0.442622950819672	0	0	0	0	0	0	0	0	0	0	0	1	0.341463414634146	0	1	0	0	0	0	0	0	0.986666666666667	1	0	0	0	1	1	1	1	65.81
SRR5353466	0	0	1	1	1	0	0	0	0	0	1	0	0	0	1	0	0	0.00714285714285714	0	0	1	0	0	0	0	0	0	0.968253968253968	0	0	1	1	0	0	0	1	1	0	0	1	0	0	0	0	0	0	1	1	0	0	0	0	0	0	0	0	0	0	0	0	0	0	0	0	0.991735537190083	1	0	1	0	0	0	0	0	0	1	1	0	0	0	1	1	1	1	110.28
SRR5353467	0	0	1	1	1	0	0	0	0	0	1	0	0	0	1	0	0	0	0	0	1	0.0192307692307692	0	0	0	0	0	0	0	0	1	1	0	0	0	1	1	0	0	1	0	0	0	0	0	0	1	1	0	0	0	0	0	0	0.658536585365854	0	0	0	0	0	0	0	0	0	1	1	0	1	0	0	0	0	0	0	0.981481481481482	1	0	0	0	1	1	1	1	41.83
SRR5353468	0	0	1	1	1	0	0	0	0	0	1	0	0	0	1	0	0	0	0	0	1	0	0	0	0	0	0	0	0	0	1	1	0	0	0	1	1	0	0	1	0	0	0	0	0	0	1	0.986111111111111	0	0	0	0	0	0	0	0	0	0	0	0	0	0	0	0	1	0.98019801980198	0	1	0	0.00813008130081301	0	0	0	0	1	1	0	0	0	0.977272727272727	1	1	1	93.79
SRR5353469	0	0	1	1	1	0	0	0	0	0	1	0	0	0	1	0	0	0	0	0	1	0	0	0	0	0	0	0	0	0	0	1	0	0	0	0	0	0	0	0	0	0	0	0	0	0	1	1	0	0	0	0	0	0	0	0	0	0	0	0	0	0	0	0	1	1	0	1	0	0	0	0	0	0	0	1	0	0	0	0	1	1	0	3.17
SRR5353470	0	0	1	1	1	0	0	0	0.141666666666667	0	1	0	0	0	1	0	0	0	0	0	1	0	0	0	0	0	0	0	0	0	1	1	0	0	0.116504854368932	1	1	0	0	1	0	0	0	0	0	0	1	0.99625468164794	0	0	0	0	0	0	0	0	0	0	0	0	0	0	0	0	1	1	0	1	0	0.00199600798403194	0.00204498977505112	0	0	0	0.995402298850575	1	0	0	0	0.993670886075949	1	0.995991983967936	1	373.96
SRR5353471	0	0	1	1	1	0	0	0	0	0	1	0	0	0	1	0	0	0	0	0	1	0	0	0	0	0	0	0	0	0	1	1	0	0	0	1	1	0	0	1	0	0	0	0	0	0	1	1	0	0	0	0	0	0	0	0	0	0	0	0	0	0	0	0	1	1	0	1	0	0	0	0	0.0078125	0	1	1	0	0	0	0.966666666666667	1	1	1	90.14
SRR5353472	0	0	1	1	1	0	0	0	0	0	1	0	0	0	1	0	0	0	0	0	1	0	0	0	0	0	0	0	0	0	0.6	1	0	0	0	1	1	0	0	1	0	0	0	0	0	0	1	1	0	0	0	0	0	0	0	0	0	0	0	0	0	0	0	0	1	0.721518987341772	0	1	0	0	0	0	0	0	1	1	0	0	0	1	1	0.989795918367347	1	77.34
