cells	chrMT:73:A/G	chrMT:153:A/G	chrMT:204:T/C	chrMT:1263:G/A	chrMT:1435:A/G	chrMT:1595:G/A	chrMT:1713:A/G	chrMT:1806:T/C	chrMT:2336:T/C	chrMT:2552:T/C	chrMT:2706:A/G	chrMT:2734:A/G	chrMT:2908:T/C	chrMT:3166:T/C	chrMT:3308:T/C	chrMT:3318:C/T	chrMT:3652:A/G	chrMT:3743:T/C	chrMT:3887:A/G	chrMT:4296:G/A	chrMT:4765:T/C	chrMT:4935:A/C	chrMT:4977:T/C	chrMT:5848:T/A	chrMT:5892:T/C	chrMT:5985:G/A	chrMT:6481:T/C	chrMT:7490:A/G	chrMT:7657:T/C	chrMT:8156:G/A	chrMT:8158:A/G	chrMT:8860:A/G	chrMT:9628:G/A	chrMT:10510:T/C	chrMT:10521:G/A	chrMT:10598:A/G	chrMT:10794:T/C	chrMT:11113:T/C	chrMT:12479:T/C	chrMT:13500:T/C	chrMT:13799:T/C	chrMT:13827:A/G	chrMT:14569:G/A	chrMT:14766:C/T	chrMT:14971:T/C	chrMT:15092:G/A	chrMT:15445:T/C	chrMT:16519:T/C	depth
SRR5353569	1	0	0	0	0	0	0	0	0	0	1	0	0	0	0	0	0	0	0	0	0	0	0	0	0	0	0	0	1	0	0	0	0	0	0	0	0	0	0	1	0	0	0	1	0	0	0	1	7.72
SRR5353570	1	0	0	0	0	0	0	0	0	0	1	0	0	0	0	0	0	0	0	0	0	0	0	0	0	0	0	0	1	0	0	1	0	0	0	0	0	0	0	1	0	0	0	1	0	0	0	1	118.2
SRR5353571	1	0	0	0	0	0	0	0	0	0	1	0	0	0	0	0	0	0	0	0	0	0	0	0	0	0	0	0	1	0	0	1	0	0	0	0	0	0	0	1	0	0	0	1	0	0	0	1	35.05
SRR5353572	1	0	0	0	0	0	0	0	0	0	1	0	0	0	0	0	0	0	0	0	0	0	0	0	0	0	0	0	1	0	0	1	0	0	0	0	0	0	0	1	0	0	0	1	0	0	0	1	193.35
SRR5353573	1	0	0	0	0	0	0	0	0	0	1	0	0	0	0	0	0	0	0	0	0	0	0	0	0	0	0	1	1	0	0	0	0	0	0	0	0	0	0	1	0	0	0	1	0	0	0	1	4.02
SRR5353574	1	0	0	0	0	0	0	0	0	0	1	0	0	0	0	0	0	0	0	0	0	0	0	0	0	0	0	1	1	0	0	1	0	0	0	0	0	0	0	1	0.304878048780488	0	0.00943396226415094	1	0	0	0	1	123.59
SRR5353575	0	0	0	0	0	0	0	0	0	0	0	0	0	0	0	0	0	0	0	0	0	0	0	0	0	0	0	0	1	0	0	0	0	0	0	0	0	0	0	0	0	0	0	0	0	0	0	0	1.18
SRR5353576	0	0	0	0	0	0	0	0	0	0	0	0	0	0	0	0	0	0	0	0	0	0	0	0	0	0	0	0	1	0	0	1	0	0	0	0	0	0	0	0	0	0	0	1	0	0	0	1	2.77
SRR5353577	1	0	0	0	0	0	0	0	0	0	1	0	0	0	0	0	0	0	0	0	0	0	0	0	0	0	0	0	1	0	0	1	0	0	0	0	0	0	0	1	0	0	0.0172413793103448	1	0	0	0	1	76.48
SRR5353578	1	0	0	0	0	0	0	0	0	0	1	0	0	0	0	0	0	0	0	0	0	0	0	0	0	0	0	0	1	0	0	1	0	0	0	0	0	0	0	1	0	0	0	1	0	0	0	1	69.48
SRR5353579	1	0	0	0	0	0	0	0	0	0	0.992217898832685	0	0	0	0	0	0	0	0	0	0	0	0	0	0	0	0	0.320987654320988	0.989795918367347	0	0	0.941176470588235	0	0	0	0	0	0	0	1	0	0	0	1	0	0	0	1	205.49
SRR5353580	1	0	0	0	0	0	0	0	0	0	1	0	0	0	0	0	0	0	0	0	0	0	0	0	0	0	0	0.633333333333333	1	0	0	1	0	0	0	0	0	0	0	1	0	0	0	1	0	0	0	1	93.72
SRR5353581	0	0	0	0	0	0	0	0	0	0	1	0	0	0	0	0	0	0	0	0	0	0	0	0	0	0	0	0	0	0	0	0	0	0	0	0	0	0	0	0	0	0	0	0	0	0	0	1	1.35
SRR5353582	1	0	0	0	0	0	0	0	0	0	1	0	0	0	0	0	0	0	0	0	0	0	0	0	0	0	0	0	1	0	0	0	0	0	0	0	0	0	0	1	0	0	0	1	0	0	0	1	10.26
SRR5353583	1	0	0	0	0	0	0	0	0	0	1	0	0	0	0	0	0	0	0	0	0	0	0	0	0	0	0	0	1	0	0	0	0	0	0	0	0	0	0	0	0	0	0	1	0	0	0	1	3.37
SRR5353584	1	0	0	0	0	0	0	0	0	0	1	0	0	0	0	0	0	0	0	0	0	0	0	0	0	0	0	0	1	0	0	0	0	0	0	0	0	0	0	1	0	0	0	1	0	0	0	1	8.03
SRR5353585	1	0	0	0	0	0	0	0	0	0	1	0	0.1	0	0	0	0	0	0	0	0	0	0	0	0	0	0	0.08	1	0	0	1	0	0	0	0	0	0	0	1	0	0	0	1	0	0	0	1	64.51
SRR5353586	1	0	0	0	0	0	0.186813186813187	0	0	0	1	0	0	0	0	0	0	0	0	0	0	0	0	0	0	0	0	0	1	0	0	1	0	0	0	0	0	0	0	1	0	0	0.087719298245614	1	0	0	0	1	80.38
SRR5353587	1	0	0	0	0	0	0	0	0.172413793103448	0	1	0	0	0	0	0	0	0	0	0	0	0	0	0	0	0	0	1	1	0	0	1	0	0	0	0	0	0	0	1	0	0	0	1	0	0	0	1	42.9
SRR5353588	1	0	0	0	0	0	0	0	0	0	1	0	0	0	0	0	0	0	0	0	0	0	0	0	0	0	0	0	1	0	0	1	0	0	0	0	0	0	0	1	0	0	0	1	0	0	0	1	9
SRR5353589	1	0	0	0	0	0	0	0	0.166666666666667	0	1	0	0	0	0	0	0	0	0	0	0	0	0	0	0	0	0	1	1	0	0	0	0	0	0	0	0	0	0	1	0	0	0	0	0	0	0	1	3.15
SRR5353590	1	0	0	0	0	0	0	0	0	0	1	0	0	0	0	0	0	0	0	0	0	0	0	0	0	0	0	0	1	0	0	0	0	0	0	0	0	0	0	1	0	0	0	1	0	0	0	1	4.64
SRR5353591	1	0	0.131578947368421	0	0	0	0	0	0	0	1	0	0	0	0	0	0	0	0	0	0	0	0	0	0	0	0	0.161290322580645	1	0	0	1	0	0	0	0	0	0	0	1	0	0	0	1	0	0	0	1	81.82
SRR5353592	1	0	0	0	0	0	0	0	0	0	0.98780487804878	0	0	0	0	0	0	0	0	0	0	0	0	0	0	0	0	0	1	0	0	1	0	0	0	0	0	0	0	1	0	0	0	1	0	0	0	1	74.98
SRR5353593	1	0	0	0.211586901763224	0	0	0	0	0	0	1	0	0.00263157894736842	0	0	0	0	0	0	0	0	0	0	0.00749063670411985	0	0	0	0.00746268656716418	1	0	0	1	0	0	0	0	0	0	0	1	0	0	0	1	0	0	0	1	306.01
SRR5353594	1	0	0	0	0	0	0	0	0.0238095238095238	0	1	0	0	0	0	0	0	0	0	0	0	0	0	0.0357142857142857	0	0	0	0.3	1	0	0	1	0	0	0	0	0	0	0	1	0	0	0	1	0	0	0	1	45.86
SRR5353595	1	0	0	0.03125	0	0	0	0	0	0	1	0	0	0	0	0	0	0	0	0	0	0	0	0	0	0	0	0.0909090909090909	1	0	0	1	0	0	0	0	0	0	0	1	0	0	0	1	0	0	0	1	56.44
SRR5353596	1	0	0	0	0	0	0	0	0	0	1	0	0	0	0	0	0	0	0	0	0	0	0	0	0	0	0	0	0.995735607675906	0	0	1	0	0	0	0	0	0.187904967602592	0	1	0	0	0	1	0	0	0	1	407.2
SRR5353597	1	0	0	0	0	0	0	0	0	0	1	0	0	0	0	0	0	0	0	0	0	0	0	0	0	0	0	0.0285714285714286	1	0	0	1	0	0.00719424460431655	0	0	0	0	0	1	0	0	0	1	0	0	0	1	118.71
SRR5353598	1	0	0	0	0.141025641025641	0	0	0	0	0	1	0	0	0	0	0	0	0	0	0	0	0	0	0	0	0	0	0	1	0	0	1	0	0	0	0	0	0	0	1	0	0	0	1	0	0	0	1	80.28
SRR5353599	1	0	0	0.25	0	0	0	0	0	0	1	0	0	0	0	0	0	0	0	0	0	0	0	0.555555555555556	0	0	0	0	1	0	0	0	0	0	0	0	0	0	0	1	0	0	0	1	0	0	0	1	6.13
SRR5353600	1	0	0	0.571428571428571	0	0	0	0	0	0	1	0	0	0	0	0	0	0	0	0	0	0	0	0.4	0	0	0	0	1	0	0	1	0	0	0	0	0	0	0	1	0	0	0	1	0	0	0	1	8.01
SRR5353601	1	0	0	0.0869565217391304	0	0	0	0	0	0	1	0	0	0	0	0	0	0	0	0	0	0	0	0.833333333333333	0	0	0	0	1	0	0	1	0	0	0	0	0	0	0	1	0	0	0	1	0	0	0	1	46.19
SRR5353602	1	0	0	0	0	0	0	0	0	0	1	0	0	0	0	0	0	0	0	0	0	0	0	0	0	0	0	0	1	0	0	1	0	0	0	0	0	0	0	1	0	0	0	1	0	0	0	1	245.3
SRR5353603	1	0	0	0	0	0	0	0	0	0	1	0	0	0	0	0	0	0	0	0	0	0	0	0	0	0	0	0.525641025641026	1	0	0	1	0	0	0	0	0	0	0	1	0	0	0	1	0	0	0	1	214.76
SRR5353604	1	0	0	0	0	0	0	0	0	0	1	0	0	0	0	0	0.0106382978723404	0	0	0	0	0	0	0	0	0	0	0	1	0	0	1	0	0	0	0.004739336492891	0	0	0	1	0	0	0	1	0	0	0	1	153.93
SRR5353605	1	0	0	0	0	0	0	0	0	0	1	0	0	0	0	0	0	0	0	0	0	0	0	0	0	0	0.12568306010929	0.0227272727272727	1	0	0	1	0	0	0	0	0	0	0	1	0	0	0	1	0.422619047619048	0	0	1	128.92
SRR5353606	1	0	0	0	0	0	0	0	0	0	1	0	0	0	0	0	0	0	0	0	0	0	0	0.5	0	0	0	0	1	0	0	0	0	0	0	0	0	0	0	0	0	0	0	1	0	0	0	0	2.33
SRR5353607	1	0	0	0	0	0	0.0075187969924812	0	0	0	1	0	0	0	0	0	0	0	0	0	0	0	0	0.0133333333333333	0	0	0	0.854166666666667	1	0	0	1	0	0	0	0	0	0	0	1	0	0	0	1	0	0	0	1	108.1
SRR5353608	1	0	0	0	0	0	0	0	0	0	1	0	0.00355871886120996	0	0	0	0	0	0	0	0	0	0	0	0	0	0	0.0298507462686567	1	0	0	1	0	0	0	0	0	0	0	1	0	0	0	1	0	0	0	1	204.22
SRR5353609	1	0	0	0	0	0	0.0188679245283019	0	0	0	1	0	0	0	0	0	0	0	0	0	0	0.652173913043478	0	0	0	0	0	0.628571428571429	1	0	0	1	0	0	0	0	0	0	0	1	0	0	0	1	0	0	0	1	87.88
SRR5353610	1	0	0	0	0	0	0	0	0	0	1	0	0	0	0	0	0	0	0	0	0	0	0	0	0.3	0	0	0.08	1	0	0	1	0	0	0	0	0	0	0	1	0	0	0	1	0	0	0	1	60.32
SRR5353611	1	0	0	0	0	0	0	0	0	0	1	0.0136986301369863	0	0	0	0	0	0	0	0	0	0	0	0	0	0	0	0.05	1	0	0	1	0	0	0	0	0	0	0	1	0	0	0	1	0	0	0	1	65.91
SRR5353612	1	0	0	0	0	0	0	0	0	0	1	0	0	0	0	0	0	0	0	0	0	0	0	0	0	0	0	0.5	1	0	0	1	0	0	0	0	0	0	0	1	0	0	0	1	0	0	0	1	7.01
SRR5353613	1	0	0	0	0	0	0	0	0	0	1	0	0	0	0	0	0	0	0	0	0.174418604651163	0	0	0	0	0	0	0.888888888888889	1	0	0	1	0	0	0	0	0	0	0	1	0	0	0	1	0	0	0	1	73.12
SRR5353614	1	0	0	0	0	0	0	0	0	0	1	0	0	0	0	0	0	0	0	0	0	0	0	0	0	0	0	0.285714285714286	1	0	0	1	0	0	0	0	0	0	0	1	0	0	0	1	0	0	0	1	63.76
SRR5353615	1	0	0	0	0	0	0	0	0	0	0.996941896024465	0	0.00282485875706215	0	0	0	0	0	0	0	0	0	0	0	0	0	0	0.212962962962963	1	0	0	0.947368421052632	0	0	0	0	0	0	0	1	0	0	0	1	0	0.141119221411192	0	1	279.98
SRR5353616	1	0	0	0	0	0	0	0	0	0	1	0	0	0	0	0	0	0	0	0	0	0	0	0	0	0	0	0	1	0	0	0.833333333333333	0	0	0	0	0	0	0	1	0	0	0	1	0	0	0	1	28.82
SRR5353617	1	0	0	0	0	0	0	0	0	0	0.994736842105263	0	0	0	0	0	0	0	0	0	0	0	0	0	0	0	0	0.442307692307692	1	0	0	1	0	0	0	0	0	0	0	0.99468085106383	0	0	0	1	0	0.003584229390681	0	1	165.79
SRR5353618	1	0	0	0	0	0	0	0	0	0	1	0	0	0	0	0.154411764705882	0	0	0	0	0	0	0	0	0	0	0	0	1	0	0	1	0	0	0	0.37888198757764	0	0	0	1	0	0	0	1	0	0.00578034682080925	0	1	127.88
SRR5353619	1	0	0	0	0	0	0	0	0	0	1	0	0	0	0	0	0	0	0	0	0	0	0	0	0	0	0	0	1	0	0	1	0	0	0	0	0	0	0	1	0	0	0	1	0	0	0	1	140.54
SRR5353620	1	0	0	0	0	0	0	0	0	0	1	0	0	0	0	0	0	0	0	0	0	0	0	0	0	0	0	0.0256410256410256	1	0	0	1	0	0	0	0	0	0	0	1	0	0	0	1	0	0	0	1	378.98
SRR5353621	1	0	0	0	0	0	0	0	0	0	1	0	0	0	0	0	0	0	0	0	0	0	0	0	0	0	0	0.956521739130435	1	0	0.0172413793103448	1	0	0	0	0	0	0	0	1	0	0	0.833333333333333	1	0	0	0	1	65.91
SRR5353622	1	0	0	0	0	0	0	0	0	0	1	0	0.010989010989011	0	0	0	0	0	0	0	0	0	0	0	0	0	0	0	1	0	0	1	0	0	0	0	0	0	0	1	0	0	0	1	0	0	0	1	142.33
SRR5353623	1	0	0	0	0	0	0	0	0	0	1	0	0	0	0	0	0	0	0	0	0	0	0	0	0	0	0	0	1	0	0	1	0	0	0	0	0	0	0	1	0	0	0	1	0	0	0	1	170.31
SRR5353624	1	0	0	0	0	0	0	0	0	0	1	0	0	0	0	0	0	0	0	0	0	0.00561797752808989	0	0	0	0	0	0	1	0	0	1	0	0	0	0	0	0	0.00684931506849315	1	0	0	0	1	0	0	0	1	141.21
SRR5353625	1	0.238095238095238	0	0	0	0	0	0	0	0.504587155963303	1	0	0	0	0	0	0	0	0	0	0	0	0	0	0	0	0	0.476190476190476	1	0	0	0.909090909090909	0.842857142857143	0	0	0	0	0	0	1	0	0	0	1	0	0	0	1	86.15
SRR5353626	1	0	0	0	0	0	0	0	0	0	1	0	0	0	0	0	0	0	0.761904761904762	0	0	0	0	0	0	0	0	0	1	0	0	0.833333333333333	0	0	0	0	0	0	0	1	0	0	0	1	0	0	0	1	84.85
SRR5353627	0	0	0	0	0	0	0	0	0	0	1	0	0	0	0	0	0	0	0	0	0	0	0	0	0	0	0	0	1	0	0	0	0	0	0	0	0	0	0	1	0	0	0	0	0	0	0	0	2.58
SRR5353628	1	0	0	0	0	0	0	0	0	0	1	0	0	0	0	0	0	0	0	0	0	0	0	0	0	0	0	0	1	0	0	1	0	0	0	0	0	0	0	1	0	0	0	1	0	0	0	1	182.35
SRR5353629	1	0	0	0	0	0	0	0	0	0	1	0	0	0	0	0	0	0	0	0	0	0	0	0	0	0	0	0	1	0	0	1	0	0	0	0	0	0	0.104166666666667	1	0	0	0	1	0	0	0	1	108.32
SRR5353630	1	0	0	0	0	0	0	0	0	0	1	0	0	0	0	0	0	0	0	0	0	0	0	0	0	0	0	0.947368421052632	1	0	0	1	0	0	0	0	0	0	0	1	0	0	0	1	0	0	0	1	58.49
SRR5353631	1	0	0	0	0	0	0	0	0	0	1	0	0	0.890243902439024	0	0.0194174757281553	0.0078740157480315	0	0	0	0	0	0	0	0	0	0	0.0476190476190476	1	0	0	1	0	0	0	0.00666666666666667	0	0	0	1	0	0	0	1	0	0	0	1	80.59
SRR5353632	1	0	0	0	0	0	0	0	0	0	1	0	0	0	0	0.00854700854700855	0	0	0	0	0	0	0	0	0	0	0	0.0263157894736842	1	0	0	1	0	0	0	0.0152671755725191	0	0	0	1	0	0	0	1	0	0	0	1	108.35
SRR5353633	1	0	0	0	0	0	0	0	0	0	1	0	0	0	0	0	0.2	0	0	0	0	0	0	0	0	0	0	0	1	0	0	1	0	0	0.238095238095238	0	0	0	0	1	0	0	0	1	0	0	0	1	80.91
SRR5353634	1	0	0	0	0	0	0	0	0	0	1	0.00675675675675676	0	0	0	0	0	0	0	0	0.00333333333333333	0	0	0	0	0	0	0.583333333333333	1	0	0	1	0	0	0	0	0	0	0	1	0	0	0	1	0	0	0	1	281.62
SRR5353635	1	0	0	0	0	0	0	0	0	0	1	0	0	0	0	0.00980392156862745	0	0	0	0	0	0	0	0	0	0	0	0.863636363636364	1	0	0	1	0	0	0	0.0184049079754601	0.554545454545455	0	0	1	0	0	0	1	0	0	0	1	99.55
SRR5353636	1	0	0	0	0	0	0	0	0	0	1	0	0	0	0	0	0	0	0	0	0	0	0	0	0	0	0	0	1	0	0	1	0	0	0	0.0335570469798658	0	0	0	1	0	0	0	1	0	0	0	1	113.3
SRR5353637	1	0	0	0	0	0	0	0	0	0	1	0	0	0	0	0	0	0	0	0	0	0	0	0	0	0	0	0	1	0	0.285714285714286	1	0	0	0	0.0163934426229508	0	0	0	1	0	0	0	1	0	0	0	1	99.63
SRR5353638	1	0	0	0	0	0	0	0.00216919739696312	0	0	1	0	0	0	0	0	0	0	0.00160513643659711	0	0	0	0	0	0	0	0	0.00485436893203883	1	0.00345423143350604	0	0.963636363636364	0	0	0	0	0	0	0.00202429149797571	1	0	0	0	1	0	0	0	0.993399339933993	487.49
SRR5353639	1	0	0	0	0	0	0	0	0	0	1	0	0	0	0.129310344827586	0	0	0	0	0	0	0	0.0186915887850467	0	0	0	0	0.166666666666667	1	0	0	1	0	0	0	0	0	0	0	1	0	0	0	1	0	0	0	1	87.52
SRR5353640	1	0	0	0	0	0	0	0	0	0	1	0	0	0	0	0	0	0	0.00614754098360656	0	0	0	0	0	0	0	0	0.0909090909090909	1	0.0698924731182796	0	1	0	0	0	0	0	0	0	1	0	0	0	1	0	0	0	1	346.53
SRR5353641	1	0	0	0	0	0	0	0	0	0	1	0	0	0	0	0	0	0.266331658291457	0	0	0	0	0	0	0	0	0	0	1	0	0	1	0	0	0	0.00485436893203883	0	0	0	1	0	0	0	1	0	0	0	1	131.51
SRR5353642	1	0	0	0	0	0	0	0	0	0	1	0	0	0	0	0	0	0	0.00334448160535117	0	0	0	0	0	0	0	0	0.01	1	0	0	1	0	0	0	0	0	0	0	1	0	0	0	1	0	0	0	1	226.45
SRR5353643	1	0	0	0	0	0	0	0	0	0	1	0	0	0	0	0	0	0	0	0	0	0	0	0	0	0	0	0.27906976744186	1	0	0	1	0	0.118556701030928	0	0	0.0114942528735632	0	0	1	0	0	0	1	0	0	0	1	149.96
SRR5353644	1	0	0	0	0	0	0	0	0	0	1	0	0	0	0	0	0	0	0	0	0	0	0	0	0	0	0	0.155555555555556	1	0.168067226890756	0	1	0	0	0	0	0	0	0	1	0	0	0	1	0	0	0	1	228.3
SRR5353645	1	0	0	0	0	0	0	0	0	0	1	0	0	0	0	0	0	0	0	0	0	0	0	0	0	0	0	0	1	0	0	1	0	0	0	0	0	0	0	1	0	0	0	1	0	0	0.525	1	48.72
SRR5353646	1	0	0	0	0	0	0	0	0	0	1	0	0	0	0	0	0.012987012987013	0	0	0	0	0	0	0	0	0	0	0	1	0	0	0.666666666666667	0	0	0	0	0	0	0	1	0	0	0	1	0	0	0	1	58.04
SRR5353647	1	0	0	0	0	0	0	0	0	0	1	0	0	0	0	0	0	0	0	0	0	0	0	0	0	0	0	0	1	0	0	1	0	0	0	0	0	0	0.0178571428571429	1	0	0	0	1	0	0	0	1	60.11
SRR5353648	1	0	0	0	0	0	0	0	0	0	1	0	0	0	0	0	0	0	0	0	0	0	0	0	0	0	0	0	1	0	0	1	0	0	0	0	0	0	0.1	1	0	0	0	0	0	0	0	1	7.83
SRR5353649	1	0	0	0	0	0	0	0	0	0	1	0	0	0	0	0	0	0	0	0	0	0	0	0	0	0	0	0	1	0	0	1	0	0	0	0	0	0	0	0.857142857142857	0	0	0	1	0	0	0	1	11.24
SRR5353650	1	0	0	0	0	0	0	0	0	0	1	0	0	0	0	0	0	0	0	0	0	0	0	0	0	0	0	0	1	0	0	0	0	0	0	0	0	0	0	1	0	0	0	1	0	0	0	1	13.24
SRR5353651	1	0	0	0	0	0	0	0	0	0	1	0	0	0	0	0	0	0	0	0	0	0	0	0	0	0	0	0	1	0	0	0	0	0	0	0	0	0	0	1	0	0	0	1	0	0	0	1	4.98
SRR5353652	1	0	0	0	0	0	0	0	0	0	1	0	0	0	0	0	0	0	0	0	0	0	0	0	0	0	0	0	1	0	0	1	0	0	0	0	0	0	0	1	0	0	0	1	0	0	0	1	82.98
SRR5353653	1	0	0	0	0	0	0	0	0	0	1	0	0	0	0	0	0	0	0	0	0	0	0.262135922330097	0	0	1	0	0	1	0	0	1	0	0	0	0	0	0	0	1	0	0	0	1	0	0	0	1	80.8
SRR5353654	1	0	0	0	0	0	0	0.213675213675214	0	0	1	0	0	0	0	0	0	0	0	0	0	0	0	0	0	0	0	0.888888888888889	1	0	0	1	0	0	0	0	0	0	0	1	0	0	0	1	0	0	0	1	107.47
SRR5353655	1	0	0	0	0	0	0	0	0	0	1	0	0	0	0	0	0	0	0	0.961038961038961	0	0	0	0	0	0	0	0	1	0	0	1	0	0	0	0	0	0	0	1	0	0.636363636363636	0	1	0	0	0	1	106.05
SRR5353656	1	0	0	0	0	0	0	0	0	0	1	0	0	0	0	0	0	0	0.00746268656716418	0	0	0	0	0	0	0	0	0	1	0	0	1	0	0	0	0	0	0	0	1	0	0	0.00970873786407767	1	0	0	0	1	111.41
SRR5353657	1	0	0	0	0	0	0	0	0	0	1	0	0	0	0	0	0	0	0	0	0	0	0	0	0	0	0	0	1	0	0	1	0	0	0	0	0	0	0	1	0	0	0	1	0	0	0	1	52.98
SRR5353658	1	0	0	0	0	0	0	0	0	0	1	0	0	0	0	0	0	0	0	0	0.00214132762312634	0	0	0	0	0	0	0.188571428571429	1	0	0	1	0	0	0	0	0	0	0	0.996677740863787	0	0	0	1	0	0	0	1	468.65
SRR5353659	1	0	0	0	0	0	0	0	0	0	1	0	0	0.025974025974026	0	0	0	0	0	0	0	0	0	0	0	0	0	0.470588235294118	1	0	0	1	0	0	0	0	0	0	0	1	0	0	0	1	0	0	0	1	65.55
SRR5353660	1	0	0	0	0	0	0	0	0	0	1	0.229007633587786	0	0	0	0	0	0	0	0	0	0	0	0	0	0	0	0	1	0	0	1	0	0	0	0	0	0	0	1	0	0	0	1	0	0	0	1	145.94
SRR5353661	1	0	0	0	0	0	0	0	0	0	0.999130434782609	0.00103626943005181	0	0.000911577028258888	0	0	0	0	0	0	0	0	0	0.00113507377979569	0	0	0	0.220289855072464	0.99905303030303	0	0	0.982905982905983	0	0	0	0	0	0	0	1	0	0	0	1	0	0	0	0.995907230559345	973.27
SRR5353662	1	0	0	0	0	0	0	0	0	0	1	0	0	0	0	0	0	0	0	0	0	0	0	0	0	0	0	0	1	0	0	1	0	0	0	0	0	0	0	1	0	0	0	1	0	0	0	1	31.59
SRR5353663	1	0	0	0	0	0.697183098591549	0	0	0	0	1	0	0	0	0	0	0	0	0	0	0	0	0	0	0	0	0	0	1	0	0	1	0	0	0	0	0	0	0	1	0	0	0	1	0	0	0	1	185.9
SRR5353664	1	0	0	0	0	0	0	0	0	0	1	0	0	0	0	0	0	0	0	0	0	0	0	0	0	0	0	0	1	0	0	0	0	0	0	0	0	0	0	1	0	0	0	1	0	0	0	0	3.64
