cells	chrMT:73:A/G	chrMT:146:T/C	chrMT:152:T/C	chrMT:214:A/G	chrMT:642:T/C	chrMT:919:A/G	chrMT:1189:T/C	chrMT:1510:T/C	chrMT:1623:G/A	chrMT:1747:G/A	chrMT:1969:G/A	chrMT:2033:A/G	chrMT:2159:T/C	chrMT:2174:G/A	chrMT:2310:G/A	chrMT:2317:G/A	chrMT:2356:A/G	chrMT:2411:T/C	chrMT:2623:A/G	chrMT:2706:A/G	chrMT:2888:A/G	chrMT:3036:G/A	chrMT:3349:A/G	chrMT:3386:T/C	chrMT:3567:C/T	chrMT:3770:T/C	chrMT:3967:G/A	chrMT:4287:A/T	chrMT:4688:T/C	chrMT:4831:G/A	chrMT:4969:G/A	chrMT:5082:T/C	chrMT:5612:A/C	chrMT:6232:T/C	chrMT:6235:T/C	chrMT:6388:T/C	chrMT:6513:G/A	chrMT:7861:T/C	chrMT:7908:A/G	chrMT:8073:G/A	chrMT:8093:T/C	chrMT:8669:G/A	chrMT:9032:T/C	chrMT:9107:C/T	chrMT:9456:A/G	chrMT:9769:T/C	chrMT:9804:G/A	chrMT:9856:T/C	chrMT:9921:G/A	chrMT:10158:T/C	chrMT:10704:G/A	chrMT:11147:T/C	chrMT:11286:T/C	chrMT:11467:A/G	chrMT:11662:T/C	chrMT:11891:G/A	chrMT:11915:T/C	chrMT:11973:T/C	chrMT:12099:T/C	chrMT:12600:A/G	chrMT:12733:A/G	chrMT:12889:G/A	chrMT:13392:T/C	chrMT:13450:T/C	chrMT:14167:C/T	chrMT:14769:A/G	chrMT:14869:G/A	chrMT:15024:G/A	chrMT:15135:G/A	chrMT:15149:T/C	chrMT:15161:T/G	chrMT:15196:A/G	chrMT:15261:G/A	chrMT:15792:T/C	chrMT:15831:T/C	chrMT:15923:A/G	chrMT:15995:G/A	chrMT:16258:A/G	chrMT:16293:A/G	chrMT:16519:T/C	depth
SRR5354049	16	28	0	0	1	0	6	0	0	0	0	0	0	0	0	0	0	0	0	17	0	0	0	0	0	0	0	0	0	0	0	0	0	0	0	0	0	0	0	0	0	0	0	0	0	0	0	0	0	0	0	0	1	15	0	0	0	0	0	0	0	0	0	0	29	0	1	0	0	0	0	0	0	0	0	0	0	0	0	22	20.36
SRR5354050	92	61	0	0	0	0	23	0	0	0	0	0	0	0	0	0	0	0	0	112	0	0	0	0	4	0	0	0	0	0	0	0	0	0	1	0	0	0	0	0	0	0	0	0	0	0	0	0	0	0	0	0	0	201	0	0	0	0	0	0	1	0	0	0	128	0	0	0	0	0	0	0	0	0	0	0	0	0	0	83	115.01
SRR5354051	198	127	0	0	51	0	58	0	0	0	0	0	0	0	0	0	1	0	0	260	0	0	0	0	0	1	0	0	0	0	0	0	0	0	0	0	0	0	0	0	0	0	0	1	0	0	0	0	0	0	2	0	0	333	0	0	0	0	0	0	0	0	0	0	221	1	0	0	0	0	0	0	0	2	0	0	0	0	0	162	240.38
SRR5354052	121	124	0	0	0	2	37	0	0	0	0	0	0	0	0	0	0	0	0	183	0	0	0	0	0	0	0	0	0	0	0	1	0	0	1	0	0	0	0	0	0	0	0	0	0	0	0	0	0	0	0	0	0	246	0	0	0	0	0	0	0	0	0	0	177	0	0	0	0	0	0	0	0	0	0	0	0	0	0	109	159.8
SRR5354053	58	39	0	0	4	0	25	0	0	0	0	2	0	0	0	0	0	0	0	95	0	0	0	0	1	0	0	0	0	0	0	0	0	17	0	0	1	0	0	0	0	0	1	0	0	0	0	1	0	0	0	0	0	95	0	0	0	0	1	0	0	0	0	0	59	1	0	0	0	0	0	0	0	0	0	0	0	0	0	40	70.14
SRR5354054	57	23	0	0	0	0	17	0	0	0	0	0	0	0	0	0	0	0	0	88	0	0	0	0	0	0	0	0	0	0	0	0	0	0	0	0	0	0	0	0	0	0	0	0	0	0	0	0	0	0	0	0	0	84	0	0	0	0	17	0	1	0	0	0	77	0	0	0	0	0	0	0	0	0	0	0	0	0	0	41	70.63
SRR5354055	18	16	0	0	0	0	10	0	0	0	0	0	0	0	0	0	0	0	0	28	0	0	0	0	0	0	0	0	0	0	0	0	0	0	0	0	1	0	0	0	0	0	0	0	0	0	0	0	0	0	0	0	0	35	0	0	0	0	0	0	0	0	0	0	23	0	0	0	0	0	0	0	0	0	0	0	0	0	0	23	26.26
SRR5354056	64	46	0	0	0	0	35	0	0	0	0	0	0	0	0	0	0	0	0	72	0	0	0	0	0	0	0	0	0	0	0	0	0	1	0	0	0	0	0	0	0	0	0	0	0	0	0	0	0	1	0	0	0	96	0	0	0	0	0	0	0	0	0	0	75	0	0	0	0	0	0	0	0	0	0	0	0	0	0	49	73.2
SRR5354057	325	244	0	1	1	0	41	0	0	0	0	0	0	0	0	0	0	0	0	343	0	0	0	0	0	0	0	0	0	0	0	0	0	0	0	0	0	0	0	0	0	0	0	1	0	0	0	0	0	0	0	0	0	363	0	0	0	0	0	0	3	0	0	0	327	0	0	0	0	0	0	2	0	0	0	0	0	0	0	235	316.64
SRR5354058	152	109	0	0	0	0	43	0	0	0	0	0	0	0	0	0	0	0	0	210	0	0	0	0	243	1	0	0	1	0	0	0	0	0	0	0	0	0	0	0	0	0	0	0	0	0	0	0	0	0	0	0	0	264	0	0	0	0	0	0	0	0	0	0	206	0	1	0	0	0	0	0	0	0	0	0	0	0	0	122	185.8
SRR5354059	65	38	0	1	3	1	18	0	0	0	0	0	0	0	0	0	0	0	0	92	0	0	0	0	1	1	0	0	0	0	0	0	9	0	0	0	0	0	0	0	0	0	0	0	0	0	0	0	0	0	0	0	0	84	0	0	0	0	0	0	0	0	0	0	69	0	1	0	0	0	0	0	0	0	0	0	0	0	0	67	76.26
SRR5354060	179	97	0	2	0	0	46	0	0	0	0	0	0	0	0	0	0	0	0	223	0	0	0	0	0	0	0	0	0	0	0	0	0	0	0	0	0	0	0	0	0	0	0	0	0	0	0	0	0	1	0	0	0	249	0	0	0	0	0	0	0	0	0	0	209	0	0	0	0	0	0	0	0	0	0	0	0	0	0	136	205.1
SRR5354061	24	35	0	0	0	0	8	0	0	0	0	0	0	0	0	0	0	0	0	21	0	0	0	0	0	0	0	0	0	0	1	0	0	0	0	0	0	0	0	0	0	0	0	0	0	0	1	0	0	0	0	0	1	30	0	0	0	0	0	0	0	0	0	0	24	1	1	0	0	0	0	0	0	0	0	0	0	0	0	16	22.42
SRR5354062	110	116	0	0	0	0	48	0	0	0	0	0	0	0	0	0	0	0	0	100	0	0	0	0	2	0	0	0	0	0	0	0	0	0	0	0	0	0	0	0	0	0	0	0	0	0	0	0	0	0	0	0	0	151	0	0	0	0	0	0	0	0	2	0	113	0	0	0	19	0	0	0	0	0	0	0	0	0	0	74	109.98
SRR5354063	6	11	0	0	1	0	5	0	0	0	0	0	0	0	0	0	0	0	0	9	0	0	0	0	0	0	0	0	0	0	0	0	0	0	0	0	0	0	0	0	0	0	0	0	0	0	0	0	0	0	0	0	0	20	0	0	0	0	0	0	0	0	0	0	13	0	0	0	0	0	0	0	0	0	0	0	0	0	0	2	12.32
SRR5354064	124	136	0	0	1	1	45	0	0	0	0	0	0	0	0	0	0	0	0	175	0	0	0	0	0	0	0	0	0	0	0	0	0	0	0	0	0	0	0	0	0	0	0	0	0	0	0	1	0	0	0	0	0	177	0	0	0	0	0	0	0	0	0	0	141	0	1	0	0	0	0	0	0	0	0	0	0	0	0	110	154.09
SRR5354065	10	17	0	0	0	0	4	0	0	0	0	0	0	0	0	0	0	0	0	13	0	0	0	0	0	0	0	0	0	0	0	0	0	0	0	0	0	0	0	0	0	0	0	0	0	0	0	0	0	1	0	0	0	13	0	0	0	0	0	0	0	0	0	0	13	0	0	0	0	0	0	0	0	0	0	0	0	0	0	8	12.29
SRR5354066	67	46	0	0	0	0	25	0	0	0	0	1	0	0	0	0	0	0	0	111	0	0	0	0	2	0	0	0	0	0	0	0	0	0	0	0	0	0	0	0	0	0	0	0	0	0	0	0	1	0	0	0	0	125	0	0	0	0	0	0	0	0	0	0	106	0	0	0	0	0	0	0	0	0	0	0	0	0	0	70	98.38
SRR5354067	50	48	0	0	0	0	29	0	0	0	0	0	0	0	0	0	0	0	0	73	0	0	0	0	2	0	0	1	0	0	0	0	0	0	0	0	0	0	0	0	0	0	0	0	0	42	0	0	0	0	0	0	0	90	0	0	0	0	0	0	0	0	0	0	93	0	0	0	0	0	0	0	0	1	0	0	0	0	0	60	79.87
SRR5354068	7	7	0	0	1	0	4	0	0	0	0	0	0	0	0	0	0	0	0	10	0	0	0	0	2	0	0	0	0	0	0	1	0	0	0	0	0	0	0	0	0	0	0	0	0	0	0	0	0	0	0	0	0	3	0	0	0	0	0	0	0	0	0	0	3	0	0	0	0	0	0	0	0	0	0	0	0	0	0	6	8.66
SRR5354069	28	39	0	0	35	0	12	0	0	0	0	0	0	0	0	0	0	0	0	56	0	0	0	0	0	0	0	0	0	0	0	0	0	0	0	0	0	0	0	0	0	0	0	0	0	0	0	0	0	0	0	0	0	71	0	0	0	0	0	0	0	0	0	0	60	0	0	1	0	0	0	0	0	0	0	0	0	0	0	38	53.91
SRR5354070	105	96	2	0	0	0	20	0	0	0	0	0	0	0	0	0	0	0	0	111	0	0	0	45	0	0	0	0	0	0	1	0	0	0	0	0	1	0	0	0	0	0	0	0	0	0	0	0	0	0	1	0	0	124	0	0	0	0	0	0	0	0	0	0	112	0	0	0	0	0	0	0	0	0	0	0	0	0	0	92	108.46
SRR5354071	99	53	0	2	0	0	31	0	0	0	0	0	0	0	0	0	0	0	0	133	0	0	0	0	0	0	0	0	0	0	0	0	0	0	0	0	0	0	0	0	0	0	0	0	0	0	0	1	0	0	0	0	0	146	0	0	0	0	0	0	0	0	0	0	126	0	0	0	0	0	0	0	0	0	0	0	0	0	0	91	111.41
SRR5354072	56	63	0	0	6	61	27	0	0	0	0	0	0	1	0	0	0	0	0	91	0	0	0	0	0	0	0	0	0	0	10	0	0	0	0	0	0	0	0	0	0	0	0	0	0	0	1	0	0	16	0	0	0	84	0	0	0	0	0	0	0	15	0	0	79	0	0	0	0	0	0	0	0	0	0	0	0	0	0	63	85.22
SRR5354073	144	102	0	0	0	0	30	0	0	0	0	0	0	0	0	0	0	0	0	166	0	0	0	0	2	0	0	0	0	0	0	0	0	0	0	0	0	0	0	0	0	0	0	0	0	0	0	0	0	0	0	1	0	171	0	0	0	0	0	0	2	0	0	0	119	0	2	0	0	0	0	0	0	0	0	0	0	0	0	116	138.84
SRR5354074	103	119	0	0	0	1	32	0	0	0	0	0	0	0	0	0	0	0	0	147	58	65	0	0	0	0	0	0	0	0	0	0	0	0	0	0	0	0	0	0	0	0	0	0	0	0	0	0	0	0	0	25	0	166	0	0	0	0	0	0	1	0	0	0	119	0	0	0	0	97	0	0	0	0	0	0	0	0	1	88	113.94
SRR5354075	140	114	0	0	13	0	43	0	0	0	0	0	0	0	0	0	0	0	0	234	0	0	0	0	100	0	0	0	0	0	0	0	0	0	0	0	0	0	0	0	0	0	0	0	0	0	0	0	0	0	0	1	0	242	0	22	0	0	0	0	3	0	0	0	155	0	0	2	0	0	0	0	0	0	0	0	0	1	0	102	175.39
SRR5354076	62	26	0	0	56	0	23	0	0	0	1	0	0	0	0	0	0	0	0	95	0	0	0	0	1	0	0	0	26	0	1	0	0	0	0	0	0	0	0	0	0	0	0	0	0	0	0	0	0	0	2	0	0	106	0	0	0	0	0	0	0	0	0	0	92	0	0	0	0	0	0	0	0	0	0	0	0	0	0	43	83.76
SRR5354077	58	55	0	1	1	0	19	0	0	0	0	0	0	0	18	0	0	2	0	83	0	0	0	0	0	0	0	0	0	0	0	0	0	0	0	0	0	0	0	0	0	0	0	0	0	0	0	0	0	0	0	0	0	98	0	0	0	0	0	0	0	0	1	0	83	0	1	0	0	0	0	0	0	0	0	0	0	0	0	53	70.45
SRR5354078	63	50	0	0	0	0	31	0	0	0	0	0	0	0	0	0	0	0	0	107	0	0	0	0	0	0	0	0	3	0	0	0	0	0	0	0	1	0	0	0	0	0	0	0	0	0	0	0	0	0	0	0	0	149	0	0	0	0	0	0	1	0	0	0	111	15	0	0	0	0	0	0	0	0	0	0	0	0	0	74	113.12
SRR5354079	151	83	0	0	0	0	29	0	0	0	23	1	0	0	1	0	0	0	0	202	0	0	0	0	0	0	0	0	0	0	1	0	0	0	0	0	0	0	0	0	0	0	0	0	0	0	0	0	0	0	0	0	0	280	0	0	0	0	0	0	0	0	0	0	198	0	0	0	0	0	0	0	0	0	0	0	0	0	0	145	200.69
SRR5354080	138	106	0	0	71	0	82	0	0	34	0	1	0	0	0	0	0	0	0	254	0	0	0	0	0	0	0	0	0	0	0	1	0	0	0	0	0	0	0	0	0	0	0	0	0	0	0	0	0	0	0	1	0	293	0	0	0	0	0	0	1	0	0	0	205	0	0	0	0	0	0	0	0	0	0	0	0	0	0	132	214.66
SRR5354081	127	127	0	0	7	0	37	0	0	0	0	1	0	0	0	0	0	0	0	167	0	0	0	0	2	0	0	0	0	0	0	0	0	0	0	0	0	0	0	0	0	0	0	1	0	0	0	0	0	0	0	0	0	211	0	0	0	0	0	0	29	0	1	0	173	0	0	0	0	0	0	0	0	0	0	0	0	0	0	125	168.24
SRR5354082	58	61	0	0	1	0	13	0	0	0	0	0	0	0	0	0	0	0	0	85	0	0	0	0	0	0	0	0	0	0	0	0	0	0	0	0	1	0	0	0	0	0	0	0	0	0	0	0	0	0	0	0	0	84	0	0	0	0	0	0	0	0	0	0	64	0	0	0	0	0	1	0	0	0	0	0	0	0	0	37	69.86
SRR5354083	186	154	0	2	1	0	46	0	27	0	0	1	0	0	0	0	0	0	30	300	0	0	0	0	1	0	0	0	0	0	0	0	0	0	70	0	0	0	2	0	0	0	32	0	0	0	0	0	0	0	0	0	73	373	0	0	0	0	0	0	0	0	0	0	271	0	0	0	0	0	0	0	0	0	0	0	0	0	0	205	237.85
SRR5354084	92	97	0	0	113	1	44	0	0	0	0	1	0	0	0	0	0	0	0	157	0	0	0	0	0	0	0	0	0	0	0	0	0	0	0	0	0	0	0	0	0	0	0	0	0	0	0	0	1	0	0	0	0	150	0	0	0	0	0	0	0	0	0	0	139	0	0	0	0	0	0	0	0	0	0	0	0	0	0	108	131.39
SRR5354085	85	57	0	0	0	0	27	0	0	0	0	0	0	0	0	0	0	0	0	90	0	0	0	0	2	12	0	0	0	0	0	0	0	0	0	0	0	0	0	0	0	0	0	0	0	0	0	0	0	0	2	0	0	116	0	0	0	0	0	0	0	0	0	0	92	0	0	0	0	0	0	0	0	0	0	0	0	0	0	83	101.32
SRR5354086	43	18	0	0	0	0	14	0	0	0	0	0	0	0	0	0	0	0	0	38	0	0	0	0	0	0	0	0	0	0	0	0	0	0	0	0	0	0	0	0	0	0	0	0	0	0	0	0	0	0	0	0	0	33	0	0	0	0	0	0	0	0	0	0	36	0	0	0	0	0	0	0	0	0	0	0	0	0	0	36	30.32
SRR5354087	84	91	0	0	0	0	18	0	0	0	0	0	66	0	0	0	1	0	0	141	0	0	0	0	1	0	0	0	0	0	0	0	0	0	1	0	1	0	0	0	0	0	0	0	0	0	0	0	0	0	0	0	0	151	0	0	0	0	0	0	0	0	0	0	110	0	0	0	0	0	0	0	0	0	0	0	0	0	0	66	103.65
SRR5354088	175	144	0	0	61	0	52	0	0	0	0	0	0	0	0	0	0	0	0	260	0	0	0	0	0	0	0	0	0	0	0	0	0	0	0	0	0	4	0	0	0	0	1	0	0	0	0	0	0	0	0	0	0	314	0	0	0	0	0	0	0	0	0	0	247	0	154	0	0	1	0	0	0	0	0	0	0	0	0	144	226.47
SRR5354089	103	88	0	0	45	0	30	0	0	0	0	3	0	0	0	0	0	0	0	175	0	0	0	0	0	0	0	0	1	0	0	0	0	0	1	0	0	0	0	0	0	0	0	0	0	0	0	0	0	0	0	0	0	199	0	0	0	0	0	0	0	0	0	0	133	0	0	0	0	0	0	0	0	0	0	0	0	0	0	103	145
SRR5354090	104	82	0	0	2	0	27	0	0	0	0	0	0	0	0	0	0	0	0	159	0	0	0	0	2	0	0	0	1	0	0	0	0	0	0	0	0	0	0	0	0	0	0	0	0	0	0	19	0	0	61	0	0	161	0	0	0	0	0	0	0	0	0	0	116	0	0	0	0	0	0	0	0	0	0	0	0	0	1	101	120.03
SRR5354091	7	8	0	0	0	0	3	0	0	0	0	0	0	0	0	0	0	0	0	6	0	0	0	0	1	0	0	0	0	0	1	0	0	0	0	0	0	0	0	0	0	0	0	0	0	0	0	0	0	0	0	0	0	17	0	0	0	0	0	0	0	0	0	0	11	0	0	0	0	0	0	0	0	0	0	0	0	0	0	5	9.51
SRR5354092	14	16	0	0	0	0	7	0	0	0	0	0	0	0	0	0	0	0	0	25	0	0	0	0	0	0	0	0	0	0	0	0	0	0	0	0	1	0	0	0	0	0	0	0	0	0	0	0	0	0	0	0	1	18	0	0	0	0	0	0	3	0	0	0	25	0	0	0	0	0	0	0	0	0	0	0	0	0	0	8	17.78
SRR5354093	72	49	0	2	0	0	31	0	0	0	0	0	0	0	0	0	0	0	0	113	0	0	0	0	0	0	0	0	0	0	0	0	0	0	0	0	0	0	0	0	0	0	0	0	0	0	0	0	0	0	0	0	0	126	0	0	0	0	0	0	0	0	0	0	94	0	0	0	0	0	0	0	0	0	0	0	0	0	0	62	99.69
SRR5354094	43	52	7	0	2	0	14	0	0	0	1	1	0	0	0	0	0	0	0	79	0	0	0	0	0	0	0	0	0	0	0	0	0	0	0	0	0	0	0	0	0	0	0	0	0	0	0	0	0	0	0	0	0	67	0	0	0	0	0	0	0	0	0	0	71	1	1	0	0	0	0	0	0	0	0	0	0	0	0	33	55.55
SRR5354095	50	35	0	0	0	0	10	0	0	0	0	0	0	0	0	0	0	8	0	71	0	0	0	0	0	0	0	0	0	0	1	0	0	0	0	0	0	0	0	0	0	0	0	0	0	0	0	1	0	0	0	0	0	99	0	0	0	0	0	0	0	0	0	0	63	0	0	0	0	0	0	0	0	0	0	0	0	0	0	51	65.29
SRR5354096	20	31	0	0	0	0	11	0	0	0	0	0	0	0	0	0	0	0	0	22	0	0	0	0	0	0	0	0	0	0	1	0	0	0	0	0	0	0	0	0	0	0	0	0	0	0	0	0	0	0	1	0	0	29	0	0	0	0	0	0	0	0	0	6	17	0	0	0	0	0	1	0	0	10	0	0	0	0	0	20	25.31
SRR5354097	130	106	0	0	0	0	48	0	0	0	0	0	0	0	0	0	0	0	0	149	0	0	0	0	0	0	0	0	0	0	0	0	0	0	0	0	0	0	0	0	0	0	0	0	0	0	0	0	0	0	0	0	0	200	0	0	0	0	0	0	0	0	0	0	118	0	0	0	0	0	0	0	0	0	0	0	0	0	0	111	133.46
SRR5354098	261	210	0	0	0	0	104	0	0	0	0	2	0	0	0	0	0	0	0	343	0	0	0	0	0	0	0	0	0	0	0	0	0	0	0	312	0	0	0	0	0	0	0	0	0	0	0	0	0	0	0	0	0	395	0	0	0	0	0	168	1	0	0	0	293	0	0	0	0	0	0	0	0	0	0	0	0	0	0	234	318.4
SRR5354099	338	233	0	22	0	0	46	0	0	0	0	0	0	0	0	0	0	0	0	398	0	0	0	0	0	0	0	0	0	58	0	0	0	0	0	0	0	0	0	0	0	0	0	0	0	0	0	0	0	0	0	0	0	409	0	0	0	0	0	0	0	0	0	0	349	0	1	1	0	0	0	0	0	0	0	0	0	0	0	210	311.89
SRR5354100	120	103	0	1	0	0	34	123	0	0	0	0	0	0	0	0	0	0	0	158	0	0	0	0	4	0	0	0	0	0	0	0	0	0	0	0	0	0	0	0	0	0	0	0	0	0	0	0	0	0	0	0	0	180	0	0	0	0	0	0	0	0	0	0	140	0	0	0	0	0	1	0	0	0	0	0	0	0	0	132	136.45
SRR5354101	3	9	0	0	0	0	5	0	0	0	0	0	0	0	0	0	0	0	0	9	0	0	0	0	0	0	0	0	0	0	0	0	0	0	0	0	0	0	0	0	0	0	0	0	0	0	0	0	0	0	0	0	1	13	0	0	0	0	0	0	0	0	0	0	3	0	1	0	0	0	0	0	0	0	0	0	0	0	0	5	6.83
SRR5354102	508	401	0	0	25	0	110	0	0	0	0	0	0	1	0	1	0	0	0	646	0	0	0	0	0	0	0	0	0	1	0	0	0	0	0	0	1	0	0	0	0	1	0	0	0	0	0	0	0	0	0	0	0	674	0	0	0	0	0	0	0	0	0	0	564	0	0	0	0	0	0	0	0	0	0	0	0	0	20	404	552.06
SRR5354103	94	63	0	0	1	0	20	0	0	0	0	0	0	0	0	0	0	0	0	135	0	0	0	0	0	0	0	0	0	0	0	0	0	0	0	0	0	0	0	0	0	0	0	0	0	0	0	0	0	0	0	0	0	142	0	0	0	0	0	0	0	0	0	0	93	0	0	0	0	0	0	0	0	0	0	0	0	0	0	81	112.03
SRR5354104	98	79	0	0	0	0	24	0	0	0	0	0	0	0	0	0	0	0	1	137	0	0	151	0	0	0	0	0	0	0	1	0	0	0	0	0	0	0	1	0	0	0	0	0	110	0	0	0	0	0	0	0	0	149	0	0	0	0	0	0	0	0	0	0	92	0	0	0	0	0	0	0	0	0	0	0	66	0	0	75	114.51
SRR5354105	152	114	0	0	0	0	35	0	0	0	0	0	0	0	0	0	0	0	0	176	0	0	0	0	0	0	0	0	0	0	1	0	0	0	0	0	0	0	0	0	51	0	1	0	0	0	24	0	0	0	0	0	0	199	0	0	0	0	0	0	1	0	0	0	190	0	0	0	0	0	0	0	0	0	0	0	0	0	2	113	157.33
SRR5354106	234	185	0	0	18	0	67	0	0	0	0	0	0	0	0	0	0	0	0	308	0	0	0	0	1	0	0	1	1	0	0	0	0	0	0	0	0	0	0	0	0	0	1	0	0	0	0	0	0	0	0	0	0	419	0	0	0	0	0	0	0	0	0	0	312	0	0	0	0	0	0	0	0	0	0	0	0	0	1	254	299.51
SRR5354107	166	110	0	0	2	0	40	0	0	0	0	0	0	0	0	0	0	0	3	213	0	0	0	0	0	0	0	0	0	0	0	0	0	0	0	0	0	0	0	0	0	0	0	0	0	0	0	0	0	0	0	0	1	215	0	0	0	0	0	0	0	0	0	0	141	0	0	0	0	0	0	0	0	0	0	0	0	0	0	132	182.96
SRR5354108	194	147	0	0	1	0	52	0	0	0	0	189	0	0	0	0	0	0	0	238	0	0	0	0	0	0	0	0	0	0	0	0	0	0	0	0	0	0	0	0	0	0	0	0	0	0	0	0	0	0	0	0	0	324	0	0	0	0	0	0	0	1	1	0	198	0	0	0	0	0	0	0	0	0	0	0	0	0	0	176	220.88
SRR5354109	14	16	0	0	0	0	6	0	0	0	0	0	0	0	0	0	0	0	0	10	0	0	0	0	1	0	0	0	0	0	0	0	0	0	0	0	0	0	0	0	0	0	0	0	0	0	0	0	0	0	0	0	0	33	0	0	0	4	0	0	0	0	0	0	16	0	0	0	0	0	0	0	0	0	0	0	0	0	0	9	16.64
SRR5354110	63	55	0	0	0	0	32	0	0	0	0	0	0	0	0	0	0	0	0	100	0	0	0	0	0	0	0	0	0	0	0	0	0	0	0	0	0	0	0	17	0	0	0	0	0	0	0	0	0	0	0	0	0	129	0	0	0	0	0	0	0	0	0	0	104	0	0	0	0	0	0	0	0	0	0	0	0	0	0	64	90.59
SRR5354111	100	64	0	0	0	0	31	0	0	0	0	0	0	0	0	0	0	0	0	167	0	0	0	0	0	0	0	0	0	0	0	0	0	0	0	0	0	0	0	0	0	0	0	0	0	0	0	0	0	0	0	0	0	208	0	0	0	0	0	0	64	0	0	0	158	0	0	0	0	0	0	0	0	0	0	0	0	0	0	95	146.24
SRR5354112	153	110	0	0	0	0	41	0	0	0	0	0	0	0	0	0	0	0	0	186	0	0	0	1	2	0	0	0	0	0	132	0	0	0	0	0	1	0	0	0	0	0	0	0	0	0	0	0	0	0	1	0	0	201	0	0	0	0	0	0	0	0	43	0	130	0	1	0	0	0	0	0	0	0	0	0	0	0	0	129	160.38
SRR5354113	225	151	0	0	1	0	56	0	0	0	0	0	0	0	0	0	0	0	0	287	0	0	0	0	249	0	0	0	0	0	1	0	0	0	0	0	59	0	0	0	0	0	1	0	0	0	0	0	0	0	0	0	0	308	0	0	0	0	0	0	0	0	1	0	263	0	1	0	0	0	0	2	1	0	0	0	0	0	0	156	263.39
SRR5354114	91	88	0	0	0	0	42	0	0	0	0	0	0	0	0	0	0	0	0	153	0	0	0	0	3	0	0	0	1	0	0	0	1	0	0	0	0	0	0	0	0	0	0	0	0	0	0	0	0	0	0	0	0	203	0	0	0	0	0	0	0	0	0	0	148	0	0	0	0	0	0	1	0	0	0	0	0	0	0	106	138.49
SRR5354115	41	55	0	0	0	2	21	0	0	0	0	0	0	0	0	0	0	0	1	54	0	0	0	0	0	0	0	0	1	0	0	0	0	0	0	0	0	0	0	0	0	0	0	0	0	0	0	0	0	0	0	0	0	78	0	0	0	0	0	0	0	0	0	0	54	0	0	0	0	0	0	0	0	0	0	0	0	0	0	42	51.82
SRR5354116	2	5	0	0	0	0	3	0	0	0	0	0	0	0	0	0	0	0	0	5	0	0	0	0	0	0	0	0	0	0	0	0	0	0	0	0	0	0	0	0	0	0	0	0	0	0	0	0	0	0	0	0	0	4	0	0	0	0	0	0	0	1	0	0	0	1	0	0	0	0	0	0	0	0	0	0	0	0	0	5	4.65
SRR5354117	108	79	0	0	0	0	40	0	0	0	0	0	0	0	0	0	0	0	0	99	0	0	0	0	0	0	0	0	0	0	0	0	0	0	0	0	0	142	20	0	0	0	0	0	0	0	0	0	0	0	0	0	0	151	62	0	0	0	0	0	0	0	0	0	124	0	0	0	0	0	0	0	0	0	0	0	0	0	0	93	113.56
SRR5354118	304	237	0	0	0	0	67	0	0	0	0	0	0	0	0	164	0	0	0	391	0	0	0	0	0	0	0	0	0	0	0	0	0	0	0	0	0	0	0	0	0	0	0	0	0	0	0	0	0	0	0	0	0	392	0	0	0	0	0	0	0	0	0	0	375	0	0	0	0	0	99	0	0	0	0	0	0	0	0	267	342.37
SRR5354119	33	47	0	0	0	0	10	0	0	0	0	0	0	0	0	0	0	0	0	35	0	0	0	0	0	1	0	0	0	0	0	0	0	0	0	0	0	0	0	0	0	0	0	0	0	0	0	0	0	0	0	0	0	31	0	0	0	0	0	0	0	0	0	0	38	0	1	0	0	0	0	0	0	0	0	0	0	0	0	24	34.9
SRR5354120	51	66	0	0	0	0	21	0	0	0	0	0	0	0	0	0	0	0	0	109	0	0	0	0	0	0	0	0	0	0	0	0	0	0	0	0	0	0	0	0	0	0	0	0	0	0	0	0	0	0	0	0	0	117	0	0	0	0	0	0	0	0	2	0	83	0	0	0	0	0	0	0	0	0	0	0	0	0	0	66	82.84
SRR5354121	62	62	0	0	0	0	15	0	0	0	0	0	0	0	0	0	0	0	0	88	0	0	0	0	0	0	0	0	0	0	0	0	0	0	0	0	0	0	0	0	0	0	0	0	0	0	0	0	0	0	0	0	1	87	0	0	0	0	0	0	0	1	0	0	74	0	1	0	0	0	0	0	0	0	0	0	0	0	0	56	73.55
SRR5354122	8	11	0	0	0	0	9	0	0	0	0	0	0	0	0	0	0	0	4	22	0	0	0	0	1	0	0	0	0	0	0	0	0	0	0	0	0	0	0	0	0	0	0	0	0	0	0	0	0	0	1	0	0	14	0	0	0	0	0	0	0	0	0	0	10	0	0	0	0	0	0	0	0	0	0	0	0	0	0	17	12.96
SRR5354123	102	67	0	0	0	0	22	0	0	0	0	0	0	0	0	0	0	0	0	139	0	0	0	0	0	0	0	0	0	0	1	0	0	0	0	0	1	0	0	0	0	0	0	0	0	0	0	0	0	0	0	0	0	166	0	0	1	0	0	2	0	0	0	0	116	0	1	0	0	0	0	0	0	0	0	0	0	0	0	89	119.26
SRR5354124	117	108	0	0	0	0	35	0	0	0	0	0	0	0	0	0	0	0	0	196	0	0	0	0	0	0	0	0	0	0	0	0	0	0	0	0	0	1	0	0	0	0	0	0	0	0	0	0	0	0	0	0	0	205	0	0	0	0	0	0	0	0	0	0	152	0	0	0	0	0	0	0	0	0	0	0	0	0	144	101	147.09
SRR5354125	32	36	0	0	0	0	18	0	0	0	0	0	0	0	0	0	0	0	0	60	0	0	0	0	0	0	6	0	0	0	0	0	0	0	0	0	0	0	0	0	0	0	0	0	0	0	0	0	0	0	0	0	0	86	0	0	0	0	0	0	0	0	0	0	63	0	0	0	0	0	0	0	0	0	0	0	0	18	0	30	56.35
SRR5354126	123	113	0	0	1	0	57	0	0	0	1	0	0	1	0	0	0	0	0	160	0	0	0	0	0	0	0	0	0	0	0	0	0	0	0	0	0	0	0	0	0	0	0	0	0	0	0	0	0	0	0	0	0	204	0	0	0	0	0	0	0	0	0	0	166	0	0	0	0	0	0	0	0	0	0	0	0	0	0	119	150.6
SRR5354127	8	5	0	0	1	0	3	0	0	0	0	0	0	0	0	0	0	0	0	13	0	0	0	0	0	0	0	0	0	0	0	0	0	0	0	0	0	0	0	0	0	0	0	0	0	0	0	0	0	0	0	0	0	22	0	0	0	0	0	0	1	0	0	0	12	0	0	0	0	0	0	0	0	0	0	0	0	0	0	6	12.98
SRR5354128	81	75	0	0	0	0	27	0	0	0	0	0	0	28	0	0	0	0	0	120	0	0	0	0	1	0	0	0	0	0	0	0	0	0	0	0	0	0	0	0	0	0	0	0	0	0	0	0	0	0	0	0	0	138	0	0	0	0	0	0	0	0	0	0	115	0	0	0	0	0	0	0	0	0	0	0	0	0	0	99	106.92
SRR5354129	123	73	0	0	0	0	26	0	0	0	0	0	0	0	0	0	0	0	0	202	0	0	0	0	0	0	1	0	0	0	0	0	0	0	0	0	0	0	0	0	0	0	0	0	0	0	0	0	0	0	0	0	0	244	0	0	0	0	0	0	0	0	0	0	189	0	0	0	0	0	0	0	0	0	0	0	0	0	0	110	174.53
SRR5354130	209	176	0	0	0	0	72	0	0	0	0	0	0	0	0	0	0	1	0	251	0	0	0	0	0	0	0	0	0	0	0	0	0	0	0	0	0	0	0	0	0	0	0	0	0	0	0	0	0	0	0	0	0	316	0	0	0	0	0	0	0	0	0	0	227	95	0	0	0	0	0	0	0	0	0	0	0	0	0	172	230.73
SRR5354131	204	158	0	0	0	0	49	0	0	0	0	0	0	0	0	0	0	0	0	203	0	0	0	0	0	0	0	0	0	0	0	0	0	0	0	0	0	0	0	0	0	0	0	0	0	0	0	0	0	0	0	0	0	257	0	0	0	0	0	0	0	0	0	0	222	0	0	0	0	0	0	0	0	0	37	31	0	0	0	166	212.43
SRR5354132	72	66	0	0	0	0	18	0	0	0	0	0	0	0	0	0	1	0	0	86	0	0	0	0	0	0	0	0	0	0	0	0	0	0	0	0	0	0	0	0	0	0	0	0	0	0	0	0	0	0	0	0	0	90	0	0	0	0	0	0	0	1	0	2	77	0	1	0	0	0	0	0	0	0	0	0	0	0	0	48	82.66
SRR5354133	125	85	0	0	19	0	49	0	0	0	0	0	0	0	0	0	0	0	0	193	0	0	0	0	1	0	0	0	0	0	0	0	0	0	0	0	1	0	0	0	0	0	0	0	0	0	0	0	0	0	0	0	0	246	0	0	0	0	0	1	19	0	0	0	168	0	0	0	0	0	0	0	0	0	0	0	0	0	0	132	178.69
SRR5354134	74	74	0	0	0	0	37	0	0	0	0	0	0	0	0	0	0	0	0	93	0	0	0	0	0	0	0	17	0	0	0	0	0	0	0	0	0	0	0	0	0	0	0	0	0	0	0	0	0	0	1	0	0	118	0	0	0	0	0	0	0	0	0	0	67	0	0	0	0	0	0	0	0	0	0	0	0	0	0	61	79.55
SRR5354135	195	132	0	0	0	0	47	0	0	0	0	0	0	0	0	0	1	0	0	213	0	0	0	0	0	0	5	0	0	0	0	0	0	0	0	0	0	0	0	0	0	0	0	0	0	0	0	0	2	0	0	0	0	280	0	0	0	0	0	0	0	0	0	0	183	0	0	0	0	0	0	0	0	0	0	0	0	0	0	177	208.14
SRR5354136	153	75	0	0	10	0	52	0	0	0	0	0	0	0	1	0	37	0	0	215	0	0	0	0	0	0	0	0	0	0	0	0	0	0	0	0	0	0	0	0	0	0	0	0	0	0	0	0	0	0	0	0	0	258	0	0	0	0	0	0	0	0	0	0	208	0	0	0	0	0	0	0	0	0	0	0	0	0	0	148	196.28
SRR5354137	145	135	0	0	0	0	50	0	0	0	0	0	0	0	0	0	0	0	0	232	0	0	0	0	0	0	0	0	0	0	0	0	0	0	0	0	0	0	0	0	0	0	0	0	0	0	0	0	0	0	0	0	0	244	0	0	107	0	0	0	0	0	0	0	190	0	0	0	0	0	0	0	107	0	0	0	0	0	0	149	197.54
SRR5354138	106	81	0	0	8	0	45	0	0	0	0	0	0	0	0	0	0	0	0	192	0	0	0	0	0	0	0	0	0	0	1	0	0	0	0	0	0	0	0	0	0	0	0	0	1	0	0	0	0	0	0	0	0	204	0	0	0	0	0	0	26	0	0	0	155	0	1	0	0	0	0	0	0	0	0	0	1	0	0	108	171.36
SRR5354139	21	26	0	0	0	0	5	0	0	0	0	0	0	0	0	0	0	0	0	15	0	0	0	0	0	0	0	0	1	0	0	0	1	0	0	0	0	0	0	0	0	0	0	0	0	0	0	0	0	0	0	0	0	15	0	0	0	0	0	0	0	0	0	0	15	0	0	0	0	0	0	0	0	0	0	0	0	0	0	19	14.94
SRR5354140	256	161	0	0	0	0	68	0	0	0	0	0	0	1	0	0	0	0	0	337	0	0	0	0	0	0	0	0	0	0	1	0	0	0	0	0	0	0	0	0	0	0	0	0	0	0	0	0	0	0	0	0	0	382	0	0	0	0	0	0	0	0	0	0	288	0	0	0	0	0	0	0	0	0	0	0	0	0	0	215	285.5
SRR5354141	0	3	0	0	0	0	0	0	0	0	0	0	0	0	0	0	0	0	0	5	0	0	0	0	0	0	0	0	0	0	0	0	0	0	0	0	0	0	0	0	0	0	0	0	0	0	0	0	0	0	0	0	0	6	0	0	0	0	0	0	0	0	0	0	3	0	0	0	0	0	0	0	0	0	0	0	0	0	0	3	2.93
SRR5354142	114	84	0	0	14	0	20	0	0	0	0	0	0	0	0	0	0	0	0	113	0	0	0	0	0	0	0	0	0	0	0	13	0	0	0	0	0	0	0	0	0	0	0	0	0	0	0	0	0	0	0	0	0	226	0	0	0	0	0	0	0	0	0	0	137	0	0	48	0	0	1	1	0	0	0	0	0	0	0	123	135.66
SRR5354143	87	86	0	0	0	0	48	0	0	0	0	0	0	0	0	0	0	0	0	203	0	0	0	0	0	1	0	0	0	0	0	0	0	0	0	0	0	0	0	0	0	0	0	36	0	0	0	0	35	0	0	0	0	200	0	0	0	0	0	1	0	0	0	0	143	0	0	0	0	0	0	0	0	0	0	0	0	0	0	114	154.56
SRR5354144	65	65	0	0	0	0	31	0	0	0	0	2	0	0	0	0	0	0	0	97	0	0	0	0	0	0	0	0	0	0	0	1	0	0	0	0	1	0	0	0	0	23	0	0	0	0	0	0	0	0	0	0	0	114	0	0	0	0	0	0	0	0	0	0	90	0	0	0	0	0	0	90	0	0	0	0	0	0	0	49	87.07
