cells	chrMT:73:A/G	chrMT:146:T/C	chrMT:152:T/C	chrMT:214:A/G	chrMT:642:T/C	chrMT:919:A/G	chrMT:1189:T/C	chrMT:1510:T/C	chrMT:1623:G/A	chrMT:1747:G/A	chrMT:1969:G/A	chrMT:2033:A/G	chrMT:2159:T/C	chrMT:2174:G/A	chrMT:2310:G/A	chrMT:2317:G/A	chrMT:2356:A/G	chrMT:2411:T/C	chrMT:2623:A/G	chrMT:2706:A/G	chrMT:2888:A/G	chrMT:3036:G/A	chrMT:3349:A/G	chrMT:3386:T/C	chrMT:3567:C/T	chrMT:3770:T/C	chrMT:3967:G/A	chrMT:4287:A/T	chrMT:4688:T/C	chrMT:4831:G/A	chrMT:4969:G/A	chrMT:5082:T/C	chrMT:5612:A/C	chrMT:6232:T/C	chrMT:6235:T/C	chrMT:6388:T/C	chrMT:6513:G/A	chrMT:7861:T/C	chrMT:7908:A/G	chrMT:8073:G/A	chrMT:8093:T/C	chrMT:8669:G/A	chrMT:9032:T/C	chrMT:9107:C/T	chrMT:9456:A/G	chrMT:9769:T/C	chrMT:9804:G/A	chrMT:9856:T/C	chrMT:9921:G/A	chrMT:10158:T/C	chrMT:10704:G/A	chrMT:11147:T/C	chrMT:11286:T/C	chrMT:11467:A/G	chrMT:11662:T/C	chrMT:11891:G/A	chrMT:11915:T/C	chrMT:11973:T/C	chrMT:12099:T/C	chrMT:12600:A/G	chrMT:12733:A/G	chrMT:12889:G/A	chrMT:13392:T/C	chrMT:13450:T/C	chrMT:14167:C/T	chrMT:14769:A/G	chrMT:14869:G/A	chrMT:15024:G/A	chrMT:15135:G/A	chrMT:15149:T/C	chrMT:15161:T/G	chrMT:15196:A/G	chrMT:15261:G/A	chrMT:15792:T/C	chrMT:15831:T/C	chrMT:15923:A/G	chrMT:15995:G/A	chrMT:16258:A/G	chrMT:16293:A/G	chrMT:16519:T/C	depth
SRR5354049	1	1	0	0	0.0625	0	1	0	0	0	0	0	0	0	0	0	0	0	0	1	0	0	0	0	0	0	0	0	0	0	0	0	0	0	0	0	0	0	0	0	0	0	0	0	0	0	0	0	0	0	0	0	0.0344827586206897	1	0	0	0	0	0	0	0	0	0	0	1	0	0.037037037037037	0	0	0	0	0	0	0	0	0	0	0	0	1	20.36
SRR5354050	1	1	0	0	0	0	1	0	0	0	0	0	0	0	0	0	0	0	0	1	0	0	0	0	0.0740740740740741	0	0	0	0	0	0	0	0	0	0.00510204081632653	0	0	0	0	0	0	0	0	0	0	0	0	0	0	0	0	0	0	1	0	0	0	0	0	0	0.00862068965517241	0	0	0	1	0	0	0	0	0	0	0	0	0	0	0	0	0	0	1	115.01
SRR5354051	1	1	0	0	0.244019138755981	0	1	0	0	0	0	0	0	0	0	0	0.00326797385620915	0	0	1	0	0	0	0	0	0.003125	0	0	0	0	0	0	0	0	0	0	0	0	0	0	0	0	0	0.00537634408602151	0	0	0	0	0	0	0.00623052959501558	0	0	1	0	0	0	0	0	0	0	0	0	0	1	0.00492610837438424	0	0	0	0	0	0	0	0.00675675675675676	0	0	0	0	0	1	240.38
SRR5354052	1	1	0	0	0	0.0110497237569061	1	0	0	0	0	0	0	0	0	0	0	0	0	1	0	0	0	0	0	0	0	0	0	0	0	0.0119047619047619	0	0	0.0036101083032491	0	0	0	0	0	0	0	0	0	0	0	0	0	0	0	0	0	0	1	0	0	0	0	0	0	0	0	0	0	1	0	0	0	0	0	0	0	0	0	0	0	0	0	0	1	159.8
SRR5354053	1	1	0	0	0.0816326530612245	0	1	0	0	0	0	0.0285714285714286	0	0	0	0	0	0	0	1	0	0	0	0	0.0204081632653061	0	0	0	0	0	0	0	0	0.180851063829787	0	0	0.0113636363636364	0	0	0	0	0	0.0116279069767442	0	0	0	0	0.0131578947368421	0	0	0	0	0	1	0	0	0	0	0.0120481927710843	0	0	0	0	0	1	0.015625	0	0	0	0	0	0	0	0	0	0	0	0	0	1	70.14
SRR5354054	1	1	0	0	0	0	1	0	0	0	0	0	0	0	0	0	0	0	0	1	0	0	0	0	0	0	0	0	0	0	0	0	0	0	0	0	0	0	0	0	0	0	0	0	0	0	0	0	0	0	0	0	0	1	0	0	0	0	0.207317073170732	0	0.0138888888888889	0	0	0	1	0	0	0	0	0	0	0	0	0	0	0	0	0	0	1	70.63
SRR5354055	1	1	0	0	0	0	1	0	0	0	0	0	0	0	0	0	0	0	0	1	0	0	0	0	0	0	0	0	0	0	0	0	0	0	0	0	0.0384615384615385	0	0	0	0	0	0	0	0	0	0	0	0	0	0	0	0	1	0	0	0	0	0	0	0	0	0	0	1	0	0	0	0	0	0	0	0	0	0	0	0	0	0	1	26.26
SRR5354056	0.984615384615385	1	0	0	0	0	1	0	0	0	0	0	0	0	0	0	0	0	0	1	0	0	0	0	0	0	0	0	0	0	0	0	0	0.00813008130081301	0	0	0	0	0	0	0	0	0	0	0	0	0	0	0	0.0103092783505155	0	0	0	1	0	0	0	0	0	0	0	0	0	0	1	0	0	0	0	0	0	0	0	0	0	0	0	0	0	1	73.2
SRR5354057	1	1	0	0.00404858299595142	0.0036101083032491	0	1	0	0	0	0	0	0	0	0	0	0	0	0	1	0	0	0	0	0	0	0	0	0	0	0	0	0	0	0	0	0	0	0	0	0	0	0	0.00454545454545455	0	0	0	0	0	0	0	0	0	1	0	0	0	0	0	0	0.00917431192660551	0	0	0	1	0	0	0	0	0	0	0.00465116279069767	0	0	0	0	0	0	0	1	316.64
SRR5354058	1	1	0	0	0	0	1	0	0	0	0	0	0	0	0	0	0	0	0	1	0	0	0	0	0.972	0.00448430493273543	0	0	0.0153846153846154	0	0	0	0	0	0	0	0	0	0	0	0	0	0	0	0	0	0	0	0	0	0	0	0	1	0	0	0	0	0	0	0	0	0	0	1	0	0.00409836065573771	0	0	0	0	0	0	0	0	0	0	0	0	1	185.8
SRR5354059	1	1	0	0.04	0.0379746835443038	0.0125	1	0	0	0	0	0	0	0	0	0	0	0	0	1	0	0	0	0	0.0256410256410256	0.0144927536231884	0	0	0	0	0	0	0.166666666666667	0	0	0	0	0	0	0	0	0	0	0	0	0	0	0	0	0	0	0	0	1	0	0	0	0	0	0	0	0	0	0	1	0	0.00735294117647059	0	0	0	0	0	0	0	0	0	0	0	0	1	76.26
SRR5354060	1	1	0	0.0204081632653061	0	0	1	0	0	0	0	0	0	0	0	0	0	0	0	1	0	0	0	0	0	0	0	0	0	0	0	0	0	0	0	0	0	0	0	0	0	0	0	0	0	0	0	0	0	0.0045045045045045	0	0	0	1	0	0	0	0	0	0	0	0	0	0	1	0	0	0	0	0	0	0	0	0	0	0	0	0	0	1	205.1
SRR5354061	1	1	0	0	0	0	1	0	0	0	0	0	0	0	0	0	0	0	0	1	0	0	0	0	0	0	0	0	0	0	0.0344827586206897	0	0	0	0	0	0	0	0	0	0	0	0	0	0	0	0.0434782608695652	0	0	0	0	0	0.037037037037037	1	0	0	0	0	0	0	0	0	0	0	1	0.111111111111111	0.03125	0	0	0	0	0	0	0	0	0	0	0	0	1	22.42
SRR5354062	1	1	0	0	0	0	1	0	0	0	0	0	0	0	0	0	0	0	0	1	0	0	0	0	0.0317460317460317	0	0	0	0	0	0	0	0	0	0	0	0	0	0	0	0	0	0	0	0	0	0	0	0	0	0	0	0	1	0	0	0	0	0	0	0	0	0.0136986301369863	0	1	0	0	0	0.143939393939394	0	0	0	0	0	0	0	0	0	0	1	109.98
SRR5354063	1	1	0	0	0.0909090909090909	0	1	0	0	0	0	0	0	0	0	0	0	0	0	1	0	0	0	0	0	0	0	0	0	0	0	0	0	0	0	0	0	0	0	0	0	0	0	0	0	0	0	0	0	0	0	0	0	1	0	0	0	0	0	0	0	0	0	0	1	0	0	0	0	0	0	0	0	0	0	0	0	0	0	1	12.32
SRR5354064	1	1	0	0	0.00684931506849315	0.00625	1	0	0	0	0	0	0	0	0	0	0	0	0	1	0	0	0	0	0	0	0	0	0	0	0	0	0	0	0	0	0	0	0	0	0	0	0	0	0	0	0	0.00526315789473684	0	0	0	0	0	1	0	0	0	0	0	0	0	0	0	0	1	0	0.00555555555555556	0	0	0	0	0	0	0	0	0	0	0	0	1	154.09
SRR5354065	1	1	0	0	0	0	1	0	0	0	0	0	0	0	0	0	0	0	0	1	0	0	0	0	0	0	0	0	0	0	0	0	0	0	0	0	0	0	0	0	0	0	0	0	0	0	0	0	0	0.05	0	0	0	1	0	0	0	0	0	0	0	0	0	0	1	0	0	0	0	0	0	0	0	0	0	0	0	0	0	1	12.29
SRR5354066	1	1	0	0	0	0	1	0	0	0	0	0.0113636363636364	0	0	0	0	0	0	0	1	0	0	0	0	0.0307692307692308	0	0	0	0	0	0	0	0	0	0	0	0	0	0	0	0	0	0	0	0	0	0	0	0.00961538461538462	0	0	0	0	1	0	0	0	0	0	0	0	0	0	0	1	0	0	0	0	0	0	0	0	0	0	0	0	0	0	1	98.38
SRR5354067	1	1	0	0	0	0	1	0	0	0	0	0	0	0	0	0	0	0	0	1	0	0	0	0	0.0363636363636364	0	0	0.012987012987013	0	0	0	0	0	0	0	0	0	0	0	0	0	0	0	0	0	0.466666666666667	0	0	0	0	0	0	0	1	0	0	0	0	0	0	0	0	0	0	1	0	0	0	0	0	0	0	0	0.0106382978723404	0	0	0	0	0	1	79.87
SRR5354068	1	1	0	0	0.1	0	1	0	0	0	0	0	0	0	0	0	0	0	0	1	0	0	0	0	0.25	0	0	0	0	0	0	0.125	0	0	0	0	0	0	0	0	0	0	0	0	0	0	0	0	0	0	0	0	0	1	0	0	0	0	0	0	0	0	0	0	1	0	0	0	0	0	0	0	0	0	0	0	0	0	0	1	8.66
SRR5354069	1	1	0	0	0.714285714285714	0	1	0	0	0	0	0	0	0	0	0	0	0	0	1	0	0	0	0	0	0	0	0	0	0	0	0	0	0	0	0	0	0	0	0	0	0	0	0	0	0	0	0	0	0	0	0	0	1	0	0	0	0	0	0	0	0	0	0	1	0	0	0.0166666666666667	0	0	0	0	0	0	0	0	0	0	0	1	53.91
SRR5354070	0.990566037735849	0.989690721649485	0.018348623853211	0	0	0	1	0	0	0	0	0	0	0	0	0	0	0	0	1	0	0	0	0.333333333333333	0	0	0	0	0	0	0.00826446280991736	0	0	0	0	0	0.00746268656716418	0	0	0	0	0	0	0	0	0	0	0	0	0	0.00689655172413793	0	0	1	0	0	0	0	0	0	0	0	0	0	1	0	0	0	0	0	0	0	0	0	0	0	0	0	0	1	108.46
SRR5354071	1	1	0	0.0416666666666667	0	0	1	0	0	0	0	0	0	0	0	0	0	0	0	1	0	0	0	0	0	0	0	0	0	0	0	0	0	0	0	0	0	0	0	0	0	0	0	0	0	0	0	0.00740740740740741	0	0	0	0	0	1	0	0	0	0	0	0	0	0	0	0	1	0	0	0	0	0	0	0	0	0	0	0	0	0	0	1	111.41
SRR5354072	1	1	0	0	0.0789473684210526	0.539823008849557	1	0	0	0	0	0	0	0.0121951219512195	0	0	0	0	0	0.989130434782609	0	0	0	0	0	0	0	0	0	0	0.0806451612903226	0	0	0	0	0	0	0	0	0	0	0	0	0	0	0	0.0117647058823529	0	0	0.181818181818182	0	0	0	1	0	0	0	0	0	0	0	0.131578947368421	0	0	1	0	0	0	0	0	0	0	0	0	0	0	0	0	0	1	85.22
SRR5354073	1	1	0	0	0	0	1	0	0	0	0	0	0	0	0	0	0	0	0	1	0	0	0	0	0.021978021978022	0	0	0	0	0	0	0	0	0	0	0	0	0	0	0	0	0	0	0	0	0	0	0	0	0	0	0.00636942675159236	0	1	0	0	0	0	0	0	0.0147058823529412	0	0	0	1	0	0.00970873786407767	0	0	0	0	0	0	0	0	0	0	0	0	1	138.84
SRR5354074	1	1	0	0	0	0.00694444444444444	1	0	0	0	0	0	0	0	0	0	0	0	0	1	0.374193548387097	0.485074626865672	0	0	0	0	0	0	0	0	0	0	0	0	0	0	0	0	0	0	0	0	0	0	0	0	0	0	0	0	0	0.1953125	0	1	0	0	0	0	0	0	0.00884955752212389	0	0	0	1	0	0	0	0	0.692857142857143	0	0	0	0	0	0	0	0	0.00869565217391304	1	113.94
SRR5354075	1	1	0	0	0.0828025477707006	0	1	0	0	0	0	0	0	0	0	0	0	0	0	1	0	0	0	0	0.588235294117647	0	0	0	0	0	0	0	0	0	0	0	0	0	0	0	0	0	0	0	0	0	0	0	0	0	0	0.00505050505050505	0	1	0	0.105769230769231	0	0	0	0	0.0188679245283019	0	0	0	1	0	0	0.00896860986547085	0	0	0	0	0	0	0	0	0	0.00546448087431694	0	1	175.39
SRR5354076	1	1	0	0	0.777777777777778	0	1	0	0	0	0.0119047619047619	0	0	0	0	0	0	0	0	1	0	0	0	0	0.0192307692307692	0	0	0	0.787878787878788	0	0.00763358778625954	0	0	0	0	0	0	0	0	0	0	0	0	0	0	0	0	0	0	0	0.019047619047619	0	0	1	0	0	0	0	0	0	0	0	0	0	1	0	0	0	0	0	0	0	0	0	0	0	0	0	0	1	83.76
SRR5354077	1	1	0	0.0204081632653061	0.0149253731343284	0	1	0	0	0	0	0	0	0	0.264705882352941	0	0	0.0294117647058824	0	1	0	0	0	0	0	0	0	0	0	0	0	0	0	0	0	0	0	0	0	0	0	0	0	0	0	0	0	0	0	0	0	0	0	1	0	0	0	0	0	0	0	0	0.0121951219512195	0	1	0	0.0140845070422535	0	0	0	0	0	0	0	0	0	0	0	0	1	70.45
SRR5354078	1	1	0	0	0	0	1	0	0	0	0	0	0	0	0	0	0	0	0	1	0	0	0	0	0	0	0	0	0.0535714285714286	0	0	0	0	0	0	0	0.00689655172413793	0	0	0	0	0	0	0	0	0	0	0	0	0	0	0	0	1	0	0	0	0	0	0	0.00806451612903226	0	0	0	1	0.145631067961165	0	0	0	0	0	0	0	0	0	0	0	0	0	1	113.12
SRR5354079	1	1	0	0	0	0	1	0	0	0	0.136094674556213	0.00632911392405063	0	0	0.00485436893203883	0	0	0	0	1	0	0	0	0	0	0	0	0	0	0	0.00390625	0	0	0	0	0	0	0	0	0	0	0	0	0	0	0	0	0	0	0	0	0	0	0.99644128113879	0	0	0	0	0	0	0	0	0	0	1	0	0	0	0	0	0	0	0	0	0	0	0	0	0	1	200.69
SRR5354080	1	1	0	0	0.385869565217391	0	1	0	0	0.134920634920635	0	0.00561797752808989	0	0	0	0	0	0	0	1	0	0	0	0	0	0	0	0	0	0	0	0.00591715976331361	0	0	0	0	0	0	0	0	0	0	0	0	0	0	0	0	0	0	0	0.0045662100456621	0	1	0	0	0	0	0	0	0.00505050505050505	0	0	0	1	0	0	0	0	0	0	0	0	0	0	0	0	0	0	1	214.66
SRR5354081	1	1	0	0	0.0445859872611465	0	1	0	0	0	0	0.00609756097560976	0	0	0	0	0	0	0	1	0	0	0	0	0.0204081632653061	0	0	0	0	0	0	0	0	0	0	0	0	0	0	0	0	0	0	0.00657894736842105	0	0	0	0	0	0	0	0	0	1	0	0	0	0	0	0	0.166666666666667	0	0.00476190476190476	0	1	0	0	0	0	0	0	0	0	0	0	0	0	0	0	1	168.24
SRR5354082	1	1	0	0	0.0149253731343284	0	1	0	0	0	0	0	0	0	0	0	0	0	0	1	0	0	0	0	0	0	0	0	0	0	0	0	0	0	0	0	0.00934579439252336	0	0	0	0	0	0	0	0	0	0	0	0	0	0	0	0	1	0	0	0	0	0	0	0	0	0	0	1	0	0	0	0	0	0.0114942528735632	0	0	0	0	0	0	0	0	1	69.86
SRR5354083	1	1	0	0.0140845070422535	0.00478468899521531	0	1	0	0.107569721115538	0	0	0.005	0	0	0	0	0	0	0.0911854103343465	1	0	0	0	0	0.0105263157894737	0	0	0	0	0	0	0	0	0	0.19774011299435	0	0	0	0.00611620795107034	0	0	0	0.130081300813008	0	0	0	0	0	0	0	0	0	0.221884498480243	1	0	0	0	0	0	0	0	0	0	0	1	0	0	0	0	0	0	0	0	0	0	0	0	0	0	1	237.85
SRR5354084	1	1	0	0	0.830882352941177	0.00763358778625954	1	0	0	0	0	0.00775193798449612	0	0	0	0	0	0	0	1	0	0	0	0	0	0	0	0	0	0	0	0	0	0	0	0	0	0	0	0	0	0	0	0	0	0	0	0	0.00666666666666667	0	0	0	0	1	0	0	0	0	0	0	0	0	0	0	1	0	0	0	0	0	0	0	0	0	0	0	0	0	0	1	131.39
SRR5354085	1	1	0	0	0	0	1	0	0	0	0	0	0	0	0	0	0	0	0	1	0	0	0	0	0.0465116279069767	0.106194690265487	0	0	0	0	0	0	0	0	0	0	0	0	0	0	0	0	0	0	0	0	0	0	0	0	0.0140845070422535	0	0	1	0	0	0	0	0	0	0	0	0	0	1	0	0	0	0	0	0	0	0	0	0	0	0	0	0	1	101.32
SRR5354086	1	1	0	0	0	0	1	0	0	0	0	0	0	0	0	0	0	0	0	1	0	0	0	0	0	0	0	0	0	0	0	0	0	0	0	0	0	0	0	0	0	0	0	0	0	0	0	0	0	0	0	0	0	1	0	0	0	0	0	0	0	0	0	0	1	0	0	0	0	0	0	0	0	0	0	0	0	0	0	1	30.32
SRR5354087	1	1	0	0	0	0	1	0	0	0	0	0	0.709677419354839	0	0	0	0.00746268656716418	0	0	1	0	0	0	0	0.02	0	0	0	0	0	0	0	0	0	0.0072463768115942	0	0.0106382978723404	0	0	0	0	0	0	0	0	0	0	0	0	0	0	0	0	1	0	0	0	0	0	0	0	0	0	0	1	0	0	0	0	0	0	0	0	0	0	0	0	0	0	1	103.65
SRR5354088	1	1	0	0	0.266375545851528	0	1	0	0	0	0	0	0	0	0	0	0	0	0	1	0	0	0	0	0	0	0	0	0	0	0	0	0	0	0	0	0	0.0130293159609121	0	0	0	0	0.00387596899224806	0	0	0	0	0	0	0	0	0	0	1	0	0	0	0	0	0	0	0	0	0	1	0	0.531034482758621	0	0	0.003584229390681	0	0	0	0	0	0	0	0	0	1	226.47
SRR5354089	1	1	0	0	0.387931034482759	0	1	0	0	0	0	0.0205479452054795	0	0	0	0	0	0	0	1	0	0	0	0	0	0	0	0	0.0149253731343284	0	0	0	0	0	0.00446428571428571	0	0	0	0	0	0	0	0	0	0	0	0	0	0	0	0	0	0	0.990049751243781	0	0	0	0	0	0	0	0	0	0	1	0	0	0	0	0	0	0	0	0	0	0	0	0	0	1	145
SRR5354090	1	1	0	0	0.0217391304347826	0	1	0	0	0	0	0	0	0	0	0	0	0	0	1	0	0	0	0	0.0298507462686567	0	0	0	0.027027027027027	0	0	0	0	0	0	0	0	0	0	0	0	0	0	0	0	0	0	0.133802816901408	0	0	0.393548387096774	0	0	1	0	0	0	0	0	0	0	0	0	0	0.991452991452991	0	0	0	0	0	0	0	0	0	0	0	0	0	0.00746268656716418	1	120.03
SRR5354091	1	1	0	0	0	0	1	0	0	0	0	0	0	0	0	0	0	0	0	1	0	0	0	0	0.0909090909090909	0	0	0	0	0	0.0909090909090909	0	0	0	0	0	0	0	0	0	0	0	0	0	0	0	0	0	0	0	0	0	0	1	0	0	0	0	0	0	0	0	0	0	1	0	0	0	0	0	0	0	0	0	0	0	0	0	0	1	9.51
SRR5354092	1	1	0	0	0	0	1	0	0	0	0	0	0	0	0	0	0	0	0	1	0	0	0	0	0	0	0	0	0	0	0	0	0	0	0	0	0.0526315789473684	0	0	0	0	0	0	0	0	0	0	0	0	0	0	0	0.0333333333333333	1	0	0	0	0	0	0	0.136363636363636	0	0	0	1	0	0	0	0	0	0	0	0	0	0	0	0	0	0	1	17.78
SRR5354093	1	1	0	0.0425531914893617	0	0	1	0	0	0	0	0	0	0	0	0	0	0	0	1	0	0	0	0	0	0	0	0	0	0	0	0	0	0	0	0	0	0	0	0	0	0	0	0	0	0	0	0	0	0	0	0	0	1	0	0	0	0	0	0	0	0	0	0	0.989473684210526	0	0	0	0	0	0	0	0	0	0	0	0	0	0	1	99.69
SRR5354094	1	1	0.11864406779661	0	0.0416666666666667	0	1	0	0	0	0.027027027027027	0.0169491525423729	0	0	0	0	0	0	0	1	0	0	0	0	0	0	0	0	0	0	0	0	0	0	0	0	0	0	0	0	0	0	0	0	0	0	0	0	0	0	0	0	0	1	0	0	0	0	0	0	0	0	0	0	1	0.0285714285714286	0.0138888888888889	0	0	0	0	0	0	0	0	0	0	0	0	1	55.55
SRR5354095	1	1	0	0	0	0	1	0	0	0	0	0	0	0	0	0	0	0.102564102564103	0	1	0	0	0	0	0	0	0	0	0	0	0.0120481927710843	0	0	0	0	0	0	0	0	0	0	0	0	0	0	0	0	0.0120481927710843	0	0	0	0	0	1	0	0	0	0	0	0	0	0	0	0	1	0	0	0	0	0	0	0	0	0	0	0	0	0	0	1	65.29
SRR5354096	1	1	0	0	0	0	1	0	0	0	0	0	0	0	0	0	0	0	0	1	0	0	0	0	0	0	0	0	0	0	0.0384615384615385	0	0	0	0	0	0	0	0	0	0	0	0	0	0	0	0	0	0	0	0.0212765957446809	0	0	1	0	0	0	0	0	0	0	0	0	0.162162162162162	0.944444444444444	0	0	0	0	0	0.0303030303030303	0	0	0.357142857142857	0	0	0	0	0	1	25.31
SRR5354097	1	1	0	0	0	0	1	0	0	0	0	0	0	0	0	0	0	0	0	1	0	0	0	0	0	0	0	0	0	0	0	0	0	0	0	0	0	0	0	0	0	0	0	0	0	0	0	0	0	0	0	0	0	1	0	0	0	0	0	0	0	0	0	0	1	0	0	0	0	0	0	0	0	0	0	0	0	0	0	1	133.46
SRR5354098	1	1	0	0	0	0	1	0	0	0	0	0.00651465798045603	0	0	0	0	0	0	0	1	0	0	0	0	0	0	0	0	0	0	0	0	0	0	0	0.690265486725664	0	0	0	0	0	0	0	0	0	0	0	0	0	0	0	0	0	1	0	0	0	0	0	0.414814814814815	0.00353356890459364	0	0	0	1	0	0	0	0	0	0	0	0	0	0	0	0	0	0	1	318.4
SRR5354099	1	1	0	0.105769230769231	0	0	0.978723404255319	0	0	0	0	0	0	0	0	0	0	0	0	1	0	0	0	0	0	0	0	0	0	0.254385964912281	0	0	0	0	0	0	0	0	0	0	0	0	0	0	0	0	0	0	0	0	0	0	0	1	0	0	0	0	0	0	0	0	0	0	1	0	0.00245098039215686	0.00265957446808511	0	0	0	0	0	0	0	0	0	0	0	1	311.89
SRR5354100	1	1	0	0.0133333333333333	0	0	1	0.687150837988827	0	0	0	0	0	0	0	0	0	0	0	1	0	0	0	0	0.0526315789473684	0	0	0	0	0	0	0	0	0	0	0	0	0	0	0	0	0	0	0	0	0	0	0	0	0	0	0	0	1	0	0	0	0	0	0	0	0	0	0	1	0	0	0	0	0	0.00584795321637427	0	0	0	0	0	0	0	0	1	136.45
SRR5354101	1	1	0	0	0	0	1	0	0	0	0	0	0	0	0	0	0	0	0	1	0	0	0	0	0	0	0	0	0	0	0	0	0	0	0	0	0	0	0	0	0	0	0	0	0	0	0	0	0	0	0	0	0.1	1	0	0	0	0	0	0	0	0	0	0	1	0	0.1	0	0	0	0	0	0	0	0	0	0	0	0	1	6.83
SRR5354102	1	1	0	0	0.049800796812749	0	0.990990990990991	0	0	0	0	0	0	0.00164473684210526	0	0.00179533213644524	0	0	0	1	0	0	0	0	0	0	0	0	0	0.00216450216450216	0	0	0	0	0	0	0.00157232704402516	0	0	0	0	0.00139082058414465	0	0	0	0	0	0	0	0	0	0	0	1	0	0	0	0	0	0	0	0	0	0	1	0	0	0	0	0	0	0	0	0	0	0	0	0	0.0328407224958949	1	552.06
SRR5354103	1	1	0	0	0.00952380952380952	0	1	0	0	0	0	0	0	0	0	0	0	0	0	1	0	0	0	0	0	0	0	0	0	0	0	0	0	0	0	0	0	0	0	0	0	0	0	0	0	0	0	0	0	0	0	0	0	1	0	0	0	0	0	0	0	0	0	0	1	0	0	0	0	0	0	0	0	0	0	0	0	0	0	1	112.03
SRR5354104	1	1	0	0	0	0	1	0	0	0	0	0	0	0	0	0	0	0	0.00675675675675676	1	0	0	0.967948717948718	0	0	0	0	0	0	0	0.00662251655629139	0	0	0	0	0	0	0	0.00606060606060606	0	0	0	0	0	0.901639344262295	0	0	0	0	0	0	0	0	1	0	0	0	0	0	0	0	0	0	0	1	0	0	0	0	0	0	0	0	0	0	0	0.634615384615385	0	0	1	114.51
SRR5354105	1	1	0	0	0	0	1	0	0	0	0	0	0	0	0	0	0	0	0	1	0	0	0	0	0	0	0	0	0	0	0.00568181818181818	0	0	0	0	0	0	0	0	0	0.331168831168831	0	0.00555555555555556	0	0	0	0.147239263803681	0	0	0	0	0	0	1	0	0	0	0	0	0	0.00609756097560976	0	0	0	1	0	0	0	0	0	0	0	0	0	0	0	0	0	0.0105263157894737	1	157.33
SRR5354106	1	1	0	0	0.0636042402826855	0	1	0	0	0	0	0	0	0	0	0	0	0	0	1	0	0	0	0	0.00520833333333333	0	0	0.00408163265306122	0.00793650793650794	0	0	0	0	0	0	0	0	0	0	0	0	0	0.00311526479750779	0	0	0	0	0	0	0	0	0	0	1	0	0	0	0	0	0	0	0	0	0	0.996805111821086	0	0	0	0	0	0	0	0	0	0	0	0	0	0.00340136054421769	1	299.51
SRR5354107	1	1	0	0	0.0119047619047619	0	1	0	0	0	0	0	0	0	0	0	0	0	0.0122448979591837	1	0	0	0	0	0	0	0	0	0	0	0	0	0	0	0	0	0	0	0	0	0	0	0	0	0	0	0	0	0	0	0	0	0.00354609929078014	1	0	0	0	0	0	0	0	0	0	0	1	0	0	0	0	0	0	0	0	0	0	0	0	0	0	1	182.96
SRR5354108	1	1	0	0	0.00446428571428571	0	1	0	0	0	0	0.908653846153846	0	0	0	0	0	0	0	1	0	0	0	0	0	0	0	0	0	0	0	0	0	0	0	0	0	0	0	0	0	0	0	0	0	0	0	0	0	0	0	0	0	1	0	0	0	0	0	0	0	0.00357142857142857	0.00423728813559322	0	1	0	0	0	0	0	0	0	0	0	0	0	0	0	0	0.98876404494382	220.88
SRR5354109	1	1	0	0	0	0	1	0	0	0	0	0	0	0	0	0	0	0	0	1	0	0	0	0	0.0909090909090909	0	0	0	0	0	0	0	0	0	0	0	0	0	0	0	0	0	0	0	0	0	0	0	0	0	0	0	0	1	0	0	0	0.2	0	0	0	0	0	0	1	0	0	0	0	0	0	0	0	0	0	0	0	0	0	1	16.64
SRR5354110	1	1	0	0	0	0	1	0	0	0	0	0	0	0	0	0	0	0	0	1	0	0	0	0	0	0	0	0	0	0	0	0	0	0	0	0	0	0	0	0.223684210526316	0	0	0	0	0	0	0	0	0	0	0	0	0	1	0	0	0	0	0	0	0	0	0	0	1	0	0	0	0	0	0	0	0	0	0	0	0	0	0	1	90.59
SRR5354111	1	1	0	0	0	0	1	0	0	0	0	0	0	0	0	0	0	0	0	1	0	0	0	0	0	0	0	0	0	0	0	0	0	0	0	0	0	0	0	0	0	0	0	0	0	0	0	0	0	0	0	0	0	1	0	0	0	0	0	0	0.467153284671533	0	0	0	1	0	0	0	0	0	0	0	0	0	0	0	0	0	0	1	146.24
SRR5354112	1	1	0	0	0	0	1	0	0	0	0	0	0	0	0	0	0	0	0	1	0	0	0	0.00462962962962963	0.0194174757281553	0	0	0	0	0	0.758620689655172	0	0	0	0	0	0.00568181818181818	0	0	0	0	0	0	0	0	0	0	0	0	0	0.004739336492891	0	0	1	0	0	0	0	0	0	0	0	0.234972677595628	0	1	0	0.00490196078431373	0	0	0	0	0	0	0	0	0	0	0	0	1	160.38
SRR5354113	1	1	0	0	0.00413223140495868	0	1	0	0	0	0	0	0	0	0	0	0	0	0	1	0	0	0	0	0.86159169550173	0	0	0	0	0	0.00290697674418605	0	0	0	0	0	0.171014492753623	0	0	0	0	0	0.00364963503649635	0	0	0	0	0	0	0	0	0	0	1	0	0	0	0	0	0	0	0	0.00313479623824451	0	1	0	0.00305810397553517	0	0	0	0	0.00623052959501558	0.0027027027027027	0	0	0	0	0	0	1	263.39
SRR5354114	1	0.98876404494382	0	0	0	0	1	0	0	0	0	0	0	0	0	0	0	0	0	1	0	0	0	0	0.0405405405405405	0	0	0	0.0175438596491228	0	0	0	0.0120481927710843	0	0	0	0	0	0	0	0	0	0	0	0	0	0	0	0	0	0	0	0	1	0	0	0	0	0	0	0	0	0	0	1	0	0	0	0	0	0	0.0048780487804878	0	0	0	0	0	0	0	1	138.49
SRR5354115	1	1	0	0	0	0.0357142857142857	1	0	0	0	0	0	0	0	0	0	0	0	0.0119047619047619	1	0	0	0	0	0	0	0	0	0.032258064516129	0	0	0	0	0	0	0	0	0	0	0	0	0	0	0	0	0	0	0	0	0	0	0	0	1	0	0	0	0	0	0	0	0	0	0	1	0	0	0	0	0	0	0	0	0	0	0	0	0	0	1	51.82
SRR5354116	1	1	0	0	0	0	1	0	0	0	0	0	0	0	0	0	0	0	0	1	0	0	0	0	0	0	0	0	0	0	0	0	0	0	0	0	0	0	0	0	0	0	0	0	0	0	0	0	0	0	0	0	0	1	0	0	0	0	0	0	0	0.2	0	0	0	0.333333333333333	0	0	0	0	0	0	0	0	0	0	0	0	0	1	4.65
SRR5354117	1	1	0	0	0	0	1	0	0	0	0	0	0	0	0	0	0	0	0	1	0	0	0	0	0	0	0	0	0	0	0	0	0	0	0	0	0	0.845238095238095	0.147058823529412	0	0	0	0	0	0	0	0	0	0	0	0	0	0	1	0.659574468085106	0	0	0	0	0	0	0	0	0	1	0	0	0	0	0	0	0	0	0	0	0	0	0	0	1	113.56
SRR5354118	1	1	0	0	0	0	1	0	0	0	0	0	0	0	0	0.420512820512821	0	0	0	1	0	0	0	0	0	0	0	0	0	0	0	0	0	0	0	0	0	0	0	0	0	0	0	0	0	0	0	0	0	0	0	0	0	1	0	0	0	0	0	0	0	0	0	0	1	0	0	0	0	0	0.239709443099274	0	0	0	0	0	0	0	0	1	342.37
SRR5354119	1	1	0	0	0	0	1	0	0	0	0	0	0	0	0	0	0	0	0	1	0	0	0	0	0	0.025	0	0	0	0	0	0	0	0	0	0	0	0	0	0	0	0	0	0	0	0	0	0	0	0	0	0	0	1	0	0	0	0	0	0	0	0	0	0	1	0	0.0166666666666667	0	0	0	0	0	0	0	0	0	0	0	0	1	34.9
SRR5354120	1	1	0	0	0	0	1	0	0	0	0	0	0	0	0	0	0	0	0	0.990909090909091	0	0	0	0	0	0	0	0	0	0	0	0	0	0	0	0	0	0	0	0	0	0	0	0	0	0	0	0	0	0	0	0	0	1	0	0	0	0	0	0	0	0	0.0173913043478261	0	0.988095238095238	0	0	0	0	0	0	0	0	0	0	0	0	0	0	1	82.84
SRR5354121	1	1	0	0	0	0	1	0	0	0	0	0	0	0	0	0	0	0	0	1	0	0	0	0	0	0	0	0	0	0	0	0	0	0	0	0	0	0	0	0	0	0	0	0	0	0	0	0	0	0	0	0	0.0119047619047619	1	0	0	0	0	0	0	0	0.0102040816326531	0	0	1	0	0.0111111111111111	0	0	0	0	0	0	0	0	0	0	0	0	1	73.55
SRR5354122	1	1	0	0	0	0	1	0	0	0	0	0	0	0	0	0	0	0	0.2	1	0	0	0	0	0.0833333333333333	0	0	0	0	0	0	0	0	0	0	0	0	0	0	0	0	0	0	0	0	0	0	0	0	0	0.0909090909090909	0	0	1	0	0	0	0	0	0	0	0	0	0	1	0	0	0	0	0	0	0	0	0	0	0	0	0	0	1	12.96
SRR5354123	1	1	0	0	0	0	1	0	0	0	0	0	0	0	0	0	0	0	0	1	0	0	0	0	0	0	0	0	0	0	0.00680272108843537	0	0	0	0	0	0.0062111801242236	0	0	0	0	0	0	0	0	0	0	0	0	0	0	0	0	1	0	0	0.00636942675159236	0	0	0.0152671755725191	0	0	0	0	1	0	0.00746268656716418	0	0	0	0	0	0	0	0	0	0	0	0	1	119.26
SRR5354124	1	1	0	0	0	0	1	0	0	0	0	0	0	0	0	0	0	0	0	1	0	0	0	0	0	0	0	0	0	0	0	0	0	0	0	0	0	0.00429184549356223	0	0	0	0	0	0	0	0	0	0	0	0	0	0	0	1	0	0	0	0	0	0	0	0	0	0	1	0	0	0	0	0	0	0	0	0	0	0	0	0	0.95364238410596	1	147.09
SRR5354125	0.941176470588235	1	0	0	0	0	1	0	0	0	0	0	0	0	0	0	0	0	0	1	0	0	0	0	0	0	0.162162162162162	0	0	0	0	0	0	0	0	0	0	0	0	0	0	0	0	0	0	0	0	0	0	0	0	0	0	1	0	0	0	0	0	0	0	0	0	0	1	0	0	0	0	0	0	0	0	0	0	0	0	0.295081967213115	0	1	56.35
SRR5354126	1	1	0	0	0.00719424460431655	0	1	0	0	0	0.00900900900900901	0	0	0.00757575757575758	0	0	0	0	0	1	0	0	0	0	0	0	0	0	0	0	0	0	0	0	0	0	0	0	0	0	0	0	0	0	0	0	0	0	0	0	0	0	0	1	0	0	0	0	0	0	0	0	0	0	1	0	0	0	0	0	0	0	0	0	0	0	0	0	0	1	150.6
SRR5354127	1	1	0	0	0.0625	0	1	0	0	0	0	0	0	0	0	0	0	0	0	1	0	0	0	0	0	0	0	0	0	0	0	0	0	0	0	0	0	0	0	0	0	0	0	0	0	0	0	0	0	0	0	0	0	1	0	0	0	0	0	0	0.0909090909090909	0	0	0	1	0	0	0	0	0	0	0	0	0	0	0	0	0	0	1	12.98
SRR5354128	1	1	0	0	0	0	1	0	0	0	0	0	0	0.254545454545455	0	0	0	0	0	1	0	0	0	0	0.0204081632653061	0	0	0	0	0	0	0	0	0	0	0	0	0	0	0	0	0	0	0	0	0	0	0	0	0	0	0	0	1	0	0	0	0	0	0	0	0	0	0	1	0	0	0	0	0	0	0	0	0	0	0	0	0	0	1	106.92
SRR5354129	1	1	0	0	0	0	1	0	0	0	0	0	0	0	0	0	0	0	0	1	0	0	0	0	0	0	0.00892857142857143	0	0	0	0	0	0	0	0	0	0	0	0	0	0	0	0	0	0	0	0	0	0	0	0	0	0	1	0	0	0	0	0	0	0	0	0	0	1	0	0	0	0	0	0	0	0	0	0	0	0	0	0	1	174.53
SRR5354130	1	1	0	0	0	0	1	0	0	0	0	0	0	0	0	0	0	0.00440528634361234	0	1	0	0	0	0	0	0	0	0	0	0	0	0	0	0	0	0	0	0	0	0	0	0	0	0	0	0	0	0	0	0	0	0	0	1	0	0	0	0	0	0	0	0	0	0	1	0.641891891891892	0	0	0	0	0	0	0	0	0	0	0	0	0	1	230.73
SRR5354131	1	1	0	0	0	0	1	0	0	0	0	0	0	0	0	0	0	0	0	1	0	0	0	0	0	0	0	0	0	0	0	0	0	0	0	0	0	0	0	0	0	0	0	0	0	0	0	0	0	0	0	0	0	1	0	0	0	0	0	0	0	0	0	0	1	0	0	0	0	0	0	0	0	0	0.14859437751004	0.152709359605911	0	0	0	1	212.43
SRR5354132	1	1	0	0	0	0	1	0	0	0	0	0	0	0	0	0	0.0128205128205128	0	0	1	0	0	0	0	0	0	0	0	0	0	0	0	0	0	0	0	0	0	0	0	0	0	0	0	0	0	0	0	0	0	0	0	0	1	0	0	0	0	0	0	0	0.00884955752212389	0	0.0232558139534884	1	0	0.0121951219512195	0	0	0	0	0	0	0	0	0	0	0	0	1	82.66
SRR5354133	1	1	0	0	0.121794871794872	0	1	0	0	0	0	0	0	0	0	0	0	0	0	1	0	0	0	0	0.0087719298245614	0	0	0	0	0	0	0	0	0	0	0	0.005	0	0	0	0	0	0	0	0	0	0	0	0	0	0	0	0	1	0	0	0	0	0	0.00427350427350427	0.113095238095238	0	0	0	1	0	0	0	0	0	0	0	0	0	0	0	0	0	0	1	178.69
SRR5354134	1	1	0	0	0	0	1	0	0	0	0	0	0	0	0	0	0	0	0	1	0	0	0	0	0	0	0	0.309090909090909	0	0	0	0	0	0	0	0	0	0	0	0	0	0	0	0	0	0	0	0	0	0	0.00869565217391304	0	0	1	0	0	0	0	0	0	0	0	0	0	1	0	0	0	0	0	0	0	0	0	0	0	0	0	0	1	79.55
SRR5354135	1	1	0	0	0	0	1	0	0	0	0	0	0	0	0	0	0.00432900432900433	0	0	1	0	0	0	0	0	0	0.0373134328358209	0	0	0	0	0	0	0	0	0	0	0	0	0	0	0	0	0	0	0	0	0	0.00892857142857143	0	0	0	0	1	0	0	0	0	0	0	0	0	0	0	1	0	0	0	0	0	0	0	0	0	0	0	0	0	0	1	208.14
SRR5354136	1	1	0	0	0.0558659217877095	0	1	0	0	0	0	0	0	0	0.00512820512820513	0	0.191709844559585	0	0	1	0	0	0	0	0	0	0	0	0	0	0	0	0	0	0	0	0	0	0	0	0	0	0	0	0	0	0	0	0	0	0	0	0	1	0	0	0	0	0	0	0	0	0	0	1	0	0	0	0	0	0	0	0	0	0	0	0	0	0	1	196.28
SRR5354137	1	1	0	0	0	0	1	0	0	0	0	0	0	0	0	0	0	0	0	1	0	0	0	0	0	0	0	0	0	0	0	0	0	0	0	0	0	0	0	0	0	0	0	0	0	0	0	0	0	0	0	0	0	1	0	0	0.347402597402597	0	0	0	0	0	0	0	1	0	0	0	0	0	0	0	0.396296296296296	0	0	0	0	0	0	1	197.54
SRR5354138	1	1	0	0	0.041025641025641	0	1	0	0	0	0	0	0	0	0	0	0	0	0	1	0	0	0	0	0	0	0	0	0	0	0.00452488687782805	0	0	0	0	0	0	0	0	0	0	0	0	0	0.00549450549450549	0	0	0	0	0	0	0	0	1	0	0	0	0	0	0	0.15028901734104	0	0	0	1	0	0.0045662100456621	0	0	0	0	0	0	0	0	0	0.00641025641025641	0	0	1	171.36
SRR5354139	1	1	0	0	0	0	1	0	0	0	0	0	0	0	0	0	0	0	0	1	0	0	0	0	0	0	0	0	0.125	0	0	0	0.111111111111111	0	0	0	0	0	0	0	0	0	0	0	0	0	0	0	0	0	0	0	0	1	0	0	0	0	0	0	0	0	0	0	1	0	0	0	0	0	0	0	0	0	0	0	0	0	0	1	14.94
SRR5354140	1	0.987730061349693	0	0	0	0	1	0	0	0	0	0	0	0.00352112676056338	0	0	0	0	0	1	0	0	0	0	0	0	0	0	0	0	0.00260416666666667	0	0	0	0	0	0	0	0	0	0	0	0	0	0	0	0	0	0	0	0	0	0	1	0	0	0	0	0	0	0	0	0	0	1	0	0	0	0	0	0	0	0	0	0	0	0	0	0	1	285.5
SRR5354141	0	1	0	0	0	0	0	0	0	0	0	0	0	0	0	0	0	0	0	1	0	0	0	0	0	0	0	0	0	0	0	0	0	0	0	0	0	0	0	0	0	0	0	0	0	0	0	0	0	0	0	0	0	1	0	0	0	0	0	0	0	0	0	0	1	0	0	0	0	0	0	0	0	0	0	0	0	0	0	1	2.93
SRR5354142	1	1	0	0	0.123893805309735	0	1	0	0	0	0	0	0	0	0	0	0	0	0	1	0	0	0	0	0	0	0	0	0	0	0	0.142857142857143	0	0	0	0	0	0	0	0	0	0	0	0	0	0	0	0	0	0	0	0	0	1	0	0	0	0	0	0	0	0	0	0	1	0	0	0.284023668639053	0	0	0.00476190476190476	0.00495049504950495	0	0	0	0	0	0	0	1	135.66
SRR5354143	1	1	0	0	0	0	1	0	0	0	0	0	0	0	0	0	0	0	0	1	0	0	0	0	0	0.00555555555555556	0	0	0	0	0	0	0	0	0	0	0	0	0	0	0	0	0	0.295081967213115	0	0	0	0	0.193370165745856	0	0	0	0	1	0	0	0	0	0	0.005	0	0	0	0	1	0	0	0	0	0	0	0	0	0	0	0	0	0	0	1	154.56
SRR5354144	1	1	0	0	0	0	1	0	0	0	0	0.028169014084507	0	0	0	0	0	0	0	1	0	0	0	0	0	0	0	0	0	0	0	0.0142857142857143	0	0	0	0	0.00884955752212389	0	0	0	0	0.23469387755102	0	0	0	0	0	0	0	0	0	0	0	1	0	0	0	0	0	0	0	0	0	0	1	0	0	0	0	0	0	0.6	0	0	0	0	0	0	0	1	87.07
