cells	chrMT.150.C.T	chrMT.199.T.C	chrMT.260.G.A	chrMT.437.C.T	chrMT.497.C.T	chrMT.889.G.A	chrMT.1283.A.G	chrMT.1811.A.G	chrMT.2056.G.A	chrMT.3316.G.A	chrMT.3480.A.G	chrMT.4047.T.C	chrMT.4733.T.C	chrMT.5442.T.C	chrMT.5849.G.A	chrMT.6267.G.A	chrMT.6305.G.A	chrMT.8147.C.T	chrMT.8200.T.C	chrMT.8584.G.A	chrMT.9055.G.A	chrMT.9156.A.G	chrMT.9242.A.G	chrMT.9938.T.C	chrMT.10398.A.G	chrMT.10550.A.G	chrMT.11299.T.C	chrMT.11467.A.G	chrMT.11735.C.T	chrMT.12308.A.G	chrMT.12372.G.A	chrMT.12477.T.C	chrMT.12714.T.C	chrMT.13037.C.G	chrMT.13038.C.T	chrMT.13933.A.G	chrMT.14167.C.T	chrMT.14605.A.T	chrMT.15055.T.C	chrMT.15140.G.A	chrMT.15487.A.G	chrMT.15723.G.A	chrMT.16129.G.A	chrMT.16134.C.T	chrMT.16209.T.C	chrMT.16224.T.C	chrMT.16256.C.T	chrMT.16311.T.C	depth
SRR6358159	0	0	0	0	0.076923077	0	0	0	0	0	0	0	0	0	0	0	0	0	0	0	0	0	0	0	0	0	0	0	0	0	0	0	0	0.121212121	0	0	0	0.047619048	0	0	0.068965517	0	0	0	0	0	0	0	50
SRR6358166	0.852941176	0.571428571	0	0	0.772727273	0	0	0.647058824	0	0	0.756756757	0.0625	0	0	0	0	0.144578313	0	0	0	0.666666667	0.088235294	0	0.852941176	0.740740741	0.758064516	0.727272727	0.797297297	0	0.692307692	0.8	0.896551724	0	0	0	0	0.680851064	0.75	0.014925373	0	0.138461538	0.171428571	0.714285714	0.08	0	0.9	0	0.746031746	50
SRR6358179	0	0	0	0	0	0	0	0	0	0	0	0	0	0	0	0	0.023809524	0	0	0	0	0	0	0	0	0	0	0	0	0	0	0	0	0	0	0	0	0	0	0	0	0	0	0	0	0	0	0	50
SRR6358192	0	0	0	0.1	0	1	0	0	0	0	0	0	0	0	0	0	0	0.034482759	0	0	0	0	0	0	0	0	0	0	0	0	0	0	0.015384615	0	0	0	0	0	0	0	0	0	0	0	0	0	0	0	50
SRR6358210	0.014563107	0.076923077	0	0	0.083333333	0	0	0.12	0	0	0	0	0	0	0	0	0	0	0.975609756	0	0	0	0	0.25	0.107142857	0.157894737	0.113636364	0	0	0.03030303	0.057142857	0	0	0	0	0	0.045454545	0	0	0	0	0	0	0	0	0.043478261	0	0.041666667	50
SRR6358211	0	0	0	0	0.024390244	0	0	0	0	0	0	0	0	0	0	0	0	0.114285714	0	0	0	0	0	0	0	0	0	0	0	0	0	0	0	0	0	0	0	0	0	0	0	0	0	0	0	0	0	0	50
SRR6358221	0.057692308	0.119047619	0	0	0.082474227	0	0	0	0.803571429	0.845360825	0.030120482	0.726495726	0.961538462	0.883495146	0	0	0.062111801	0	0.007142857	0.87755102	0.09	0.81372549	0.901840491	0.033333333	0.04950495	0.081967213	0.023622047	0.056818182	0.858585859	0.076271186	0.035714286	0.024691358	0.909090909	0	0	0.826086957	0.060869565	0.077922078	0.845528455	0	0.041666667	0.006666667	0.073170732	0.48	0.925531915	0.061403509	0.869918699	0.098765432	50
SRR6358224	0	0	0	0	0	0	0	0.068965517	0	0	0	0	0	0	0	0	0	0	0	0	0	0	0	0	0.020833333	0	0	0.036363636	0	0.039215686	0.044444444	0	0	0	0	0	0	0.035714286	0.01754386	0	0	0	0	0	0	0	0	0.025	50
SRR6358255	0	0	1	0	0	0	0	0	0	0	0	0	0	0	0	0	0	0	0	0	0	0	0	0	0	0	0	0	0	0	0	0	0	0	0	0	0	0	0	0	0	0	0	0	0	0	0	0	50
SRR6358275	0	0	1	0	0	0	0	0	0	0	0	0	0	0	0	0	0	0	0	0	0	0	0	0	0	0	0	0	0	0	0	0	0	0	0	0	0	0	0	0	0	0	0	0	0	0	0	0	50
SRR6358280	0.458333333	0.266666667	0	0	0	0	0	0.03030303	0	0	0.14	0	0	0	0	0	0	0	0	0	0.139534884	0	0	0.026315789	0	0.177777778	0.076923077	0.173913043	0	0.205882353	0.083333333	0.033333333	0	0	0	0.151515152	0.083333333	0	0	0	0	0	0	0	0.222222222	0	0	0.175	50
SRR6358306	0	0.142857143	0	0	0	0	0	0.104166667	0	0	0.095890411	0	0	0	0.913043478	0	0	0	0	0	0.088235294	0	0	0	0.017857143	0.014084507	0.056338028	0.0625	0	0.107692308	0.137254902	0.024390244	0	0	0	0	0.041666667	0	0	0	0	0	0	0	0	0	0	0.059701493	50
SRR6358320	0.102040816	0.095238095	0.92	0	0	0	0	0.130434783	0	0	0.111111111	0	0	0	0	0.024096386	0	0	0	0	0.053333333	0	0	0	0.096774194	0.088607595	0.025316456	0.044444444	0	0.076923077	0.206896552	0.142857143	0	0	0	0	0.055555556	0	0	0	0	0	0	0	0.108108108	0	0	0.15625	50
SRR6358327	0	0	0	0	0	0	0	0	0	0	0	0	0	0	0	0	0	0	0	0	0	0	0	0	0	0	0	0	0	0	0	0	0	0	0.035087719	0	0	0	0	0	0	0	0	0	0.064516129	0	0	0	50
SRR6358328	0.004545455	0	1	0	0	0	0	0	0	0	0	0	0	0	0.052631579	0	0	0	0	0	0	0	0	0	0	0	0	0	0	0	0	0	0	0	0	0	0	0	0	0	0	0	0	0	0	0	0	0	50
SRR6358331	0.115384615	0	0	0	0	0	0	0.066666667	0	0	0.147058824	0	0	0	0	0	0	0	0	0	0.095238095	0	0	0.090909091	0.083333333	0.170731707	0.086956522	0.047619048	0	0.095238095	0.083333333	0.1875	0	0	0	0	0.117647059	0	0	0.216216216	0	0	0	0	0.1	0	0	0.177777778	50
SRR6358333	0.117647059	0.055555556	0.888888889	0	0	0	0	0.16	0	0	0.275862069	0	0	0	0	0.055555556	0	0	0	0	0.264705882	0	0	0.181818182	0.161290323	0.088235294	0.3	0.233333333	0	0.136363636	0.375	0.157894737	0	0	0	0	0.083333333	0	0	0	0	0	0	0	0.421052632	0	0	0.434782609	50
SRR6358334	0	0	1	0	0	0	0	0	0	0	0	0	0	0	0	0	0	0	0	0	0	0	0	0	0	0	0	0	0	0	0	0	0	0	0	0	0	0	0	0	0	0	0	0	0	0	0	0	50
SRR6358338	0	0	0	0	0	0	1	0	0	0	0	0	0	0	0	0	0	0	0	0	0	0	0	0	0	0	0	0	0	0	0	0	0	0	0	0	0	0	0	0	0	0	0	0	0	0	0	0	50
SRR6358343	0	0	1	0	0	0	0	0	0	0	0	0	0	0	0	0	0	0	0	0	0	0	0	0	0	0	0	0	0	0	0	0	0	0	0.027777778	0	0	0	0	0	0	0	0	0	0	0	0	0	50
