cells	chrMT:73:A/G	chrMT:143:G/A	chrMT:146:T/C	chrMT:622:G/A	chrMT:642:T/C	chrMT:809:G/A	chrMT:865:A/G	chrMT:874:G/A	chrMT:1401:G/A	chrMT:1606:G/A	chrMT:1731:A/G	chrMT:2033:A/G	chrMT:2483:T/C	chrMT:2620:G/A	chrMT:2652:G/A	chrMT:2673:G/A	chrMT:2730:A/G	chrMT:2943:G/A	chrMT:3022:G/A	chrMT:3244:G/A	chrMT:3344:T/C	chrMT:3749:T/C	chrMT:4069:T/C	chrMT:4482:G/A	chrMT:4719:T/C	chrMT:4969:G/A	chrMT:5925:T/C	chrMT:6016:G/A	chrMT:6253:T/C	chrMT:6868:G/A	chrMT:9055:G/A	chrMT:9117:T/C	chrMT:9133:G/A	chrMT:9838:G/A	chrMT:9850:T/C	chrMT:10320:G/A	chrMT:10372:A/G	chrMT:10408:T/C	chrMT:11150:G/A	chrMT:11423:G/A	chrMT:11585:T/C	chrMT:11840:C/T	chrMT:12308:A/G	chrMT:12476:G/A	chrMT:12733:A/G	chrMT:12878:G/A	chrMT:12908:T/C	chrMT:13269:A/G	chrMT:13412:T/C	chrMT:13434:A/G	chrMT:13487:C/T	chrMT:13604:G/A	chrMT:14070:A/G	chrMT:14798:T/C	chrMT:14869:G/A	chrMT:16311:T/C	depth
SRR5353953	1	0	1	0	0.03125	0	0	0	0	0	0	0	0	0	0	0.102564102564103	0	0	0	0	0	0	0	0	0	0.0487804878048781	0	0	0.888888888888889	0	1	0	0	0	0	0	0	0	0	0	0	1	1	0	0	0	0	0	0	0	0	0	0	1	0	1	30.25
SRR5353954	1	0	1	0	0.202020202020202	0	0	0	0.186567164179104	0	0	0	0	0	0	0	0	0	0	0	0	0	0	0	0	0	0	0	0	0	0.992700729927007	0	0	0	0	0	0	0.00869565217391304	0	0	0	1	1	0	0.223529411764706	0	0	0	0	0	0	0	0	1	0	1	101.71
SRR5353955	1	0	1	0	0.288888888888889	0	0	0	0	0	0	0	0	0	0	0	0	0	0	0	0	0	0	0	0	0	0.348837209302326	0	0	0	1	0	0	0	0	0	0	0	0	0	0	1	1	0	0	0	0	0	0	0	0	0	0	1	0	1	186.43
SRR5353956	1	0	1	0	0	0	0	0	0	0	0	0	0	0.811965811965812	0	0	0	0	0	0	0	0	0	0	0	0	0	0	0	0	1	0	0	0	0	0	0	0	0	0	0	1	1	0	0	0	0	0	0	0	0.0294117647058824	0	0	1	0	1	93.21
SRR5353957	1	0	1	0	0.288590604026846	0	0.00793650793650794	0	0	0	0	0	0	0	0	0	0	0	0	0	0	0	0	0	0	0	0.0227272727272727	0	0	0	1	0	0	0	0	0	0	0	0	0	0.00636942675159236	1	1	0	0	0	0	0.00806451612903226	0	0	0	0	0	1	0	1	124.81
SRR5353958	1	0	1	0	0.0175438596491228	0	0	0	0	0	0	0	0	0	0	0	0	0	0	0	0	0	0	0	0	0	0.037037037037037	0	0	0	1	0	0	0	0	0	0	0.0161290322580645	0	0	0	1	1	0	0.0350877192982456	0	0	0	0	0	0.00649350649350649	0	0	1	0	1	114.54
SRR5353959	1	0	1	0.0129032258064516	0	0	0	0	0	0	0	0	0	0	0	0	0	0	0	0	0	0	0	0	0	0	0	0	0	0	1	0	0	0	0	0	0	0.837209302325581	0	0	0	1	1	0	0	0	0	0	0	0	0	0	0	1	0	1	154.95
SRR5353960	1	0	1	0.0078740157480315	0.641221374045801	0	0	0	0	0	0	0	0	0	0	0	0	0	0	0	0	0	0	0	0	0.0116959064327485	0	0	0	0.0222222222222222	1	0	0	0	0	0	0	0	0	0	0	1	1	0	0	0	0	0	0	0	0	0	0	1	0	1	124.85
SRR5353961	1	0	1	0	0	0	0	0	0	0	0	0	0	0	0	0	0	0	0	0	0	0	0	0	0	0	0	0	0	0	0.994623655913978	0	0	0	0	0	0	0	0	0	0	1	1	0	0	0	0	0	0	0	0	0	0	1	0	1	130.01
SRR5353962	1	0	1	0	0	0	0	0	0	0	0	0.15028901734104	0	0	0	0	0	0	0.346153846153846	0	0	0	0.00641025641025641	0	0	0	0.219512195121951	0	0	0	0.994652406417112	0	0	0	0.00549450549450549	0	0	0	0	0	0	0.994897959183674	1	0	0	0	0	0	0	0.00561797752808989	0.177142857142857	0	0	1	0	1	167.02
SRR5353963	1	0	1	0	0	0	0	0	0	0	0	0	0	0	0	0	0	0	0	0	0	0	0	0	0	0	0	0	0	0	0.993421052631579	0	0	0	0	0	0	0	0	0	0	1	1	0	0	0	0	0.00719424460431655	0	0	0	0	0	1	0.00699300699300699	1	120.75
SRR5353964	1	0	0.928571428571429	0	0.0869565217391304	0	0	0	0	0	0	0	0	0	0	0	0	0	0	0	0	0	0	0	0	0.0555555555555556	0	0	0	0	1	0	0	0	0	0	0	0	0	0	0	1	1	0	0	0	0	0	0	0	0	0	0	1	0	1	14.06
SRR5353965	1	0	1	0.0119047619047619	0.551470588235294	0	0	0	0	0	0	0	0	0	0	0	0	0	0	0	0	0	0	0	0	0	0	0	0	0	1	0	0	0	0	0	0	0	0	0	0	1	1	0	0	0	0	0	0	0	0	0	0	1	0	1	184.58
SRR5353966	1	0	1	0.0105263157894737	0	0	0	0	0	0	0	0	0	0	0	0	0	0	0	0	0	0	0	0	0	0	0.411764705882353	0	0	0	0.990384615384615	0	0	0	0	0	0	0	0	0	0	1	1	0	0	0	0	0	0	0	0.00900900900900901	0	0	1	0	1	89.78
SRR5353967	1	0	1	0.00649350649350649	0	0	0	0	0	0	0	0	0	0	0	0	0	0	0	0	0	0	0	0	0	0	0	0	0	0	1	0	0	0	0	0	0	0	0	0.00515463917525773	0.0050251256281407	1	1	0	0	0	0	0	0.00602409638554217	0	0	0	0	1	0	1	138.23
SRR5353968	1	0	0.977777777777778	0	0.00769230769230769	0	0.725	0	0	0	0	0	0	0	0	0	0	0	0	0	0	0	0	0	0	0	0.5625	0	0	0	1	0	0	0	0	0	0	0	0	0	0	1	1	0	0	0	0	0.677165354330709	0	0	0.741007194244604	0	0	1	0	1	136.65
SRR5353969	1	0	1	0	0.830645161290323	0	0	0	0	0	0	0	0	0	0	0	0	0	0	0	0	0	0	0	0	0.00476190476190476	0	0	0	0	1	0	0	0	0	0	0	0	0	0	0	1	1	0	0	0	0	0	0	0	0	0	0.00714285714285714	0.990740740740741	0	1	140.08
SRR5353970	1	0	1	0	0.461538461538462	0	0	0	0	0	0	0	0	0	0	0	0	0	0	0	0	0	0	0	0	0	0	0	0	0	1	0	0	0	0	0	0	0	0	0	0	1	1	0	0	0	0	0	0	0	0	0	0	1	0	1	25.72
SRR5353971	1	0	1	0	0	0	0	0	0	0	0	0	0	0	0	0	0.0075187969924812	0	0	0	0	0	0.7734375	0	0	0	0.0303030303030303	0	0	0	1	0	0	0	0	0	0	0	0	0	0	0.994413407821229	1	0	0	0	0.00584795321637427	0	0	0	0	0	0	1	0	1	129.32
SRR5353972	1	0	1	0.0526315789473684	0	0	0	0	0	0	0	0	0	0	0	0	0.0526315789473684	0	0	0	0	0	0	0	0	0	0	0	0	0	1	0	0	0	0	0	0	0	0	0	0	1	1	0	0	0	0	0	0	0	0	0	0	1	0	1	15.9
SRR5353973	1	0	1	0.0121951219512195	0	0	0	0	0	0	0	0	0	0	0	0	0	0	0	0	0	0	0	0	0.162790697674419	0	0	0	0	0	1	0	0	0	0	0	0	0	0	0	0	0.974683544303797	1	0	0	0	0	0	0	0	0	0	0	0.985074626865672	0	1	71.55
SRR5353974	1	0	1	0	0.354838709677419	0	0.032258064516129	0	0	0	0	0	0	0	0	0	0	0	0	0	0	0	0	0	0	0	0.0909090909090909	0	0	0	1	0	0	0	0	0	0	0	0	0	0	1	1	0	0	0	0	0	0	0	0	0	0	1	0	1	27.86
SRR5353975	1	0	1	0	0.15819209039548	0.00440528634361234	0	0	0	0	0	0	0	0	0	0	0	0	0	0	0	0	0	0	0	0.10077519379845	0	0	0	0	1	0	0	0	0.00636942675159236	0	0	0	0	0	0	1	1	0	0	0	0	0	0	0	0	0	0	1	0	1	205.68
SRR5353976	1	0	1	0	0.0555555555555556	0	0	0	0	0	0	0	0	0	0	0	0	0	0	0	0	0	0	0	0	0	0.869565217391304	0	0	0	1	0	0	0	0	0	0	0	0	0	0	0.992592592592593	1	0	0	0	0	0	0	0	0.0291970802919708	0	0	1	0	1	117.03
SRR5353977	1	0	1	0	0.464788732394366	0	0	0	0	0	0	0	0	0	0	0	0.0131578947368421	0	0	0	0	0	0	0	0	0.337662337662338	0	0	0	0	1	0	0	0	0	0	0	0	0	0	0	1	1	0	0	0	0	0	0	0	0	0	0	1	0	1	72.35
SRR5353978	1	0	1	0	0	0	0	0	0	0	0	0	0	0	0	0	0.0104166666666667	0	0	0	0	0	0	0	0	0	0	0	0	0	1	0	0	0	0	0	0	0	0	0	0	1	1	0	0	0	0	0	0	0	0	0	0	1	0	1	96.85
SRR5353979	1	0	1	0	0	0	0	0	0	0	0	0	0	0	0	0	0	0	0	0	0	0	0	0	0	0	0	0	0	0	1	0	0	0	0	0	0	0	0	0	0	1	1	0	0	0	0	0	0	0	0	0	0	1	0	1	124.72
SRR5353980	1	0	1	0	0.5	0	0	0	0	0	0	0	0	0	0	0	0	0	0	0	0	0.0526315789473684	0	0	0	0	0	0	0	0	1	0	0	0	0	0	0	0	0	0	0	1	1	0	0	0	0	0	0	0	0	0	0	1	0	1	20.52
SRR5353981	1	0	1	0	0.0170212765957447	0	0	0	0	0	0	0	0	0	0.143769968051118	0	0	0	0	0.0661764705882353	0.0302114803625378	0.00381679389312977	0	0	0	0	0	0	0	0	1	0	0.101351351351351	0.103286384976526	0	0	0	0	0	0	0	1	1	0	0	0	0	0	0	0	0	0	0	1	0	1	251.04
SRR5353982	1	0	1	0	0.133858267716535	0	0	0	0	0	0	0.00892857142857143	0	0	0	0	0	0	0	0	0	0.0296296296296296	0	0	0	0	0	0	0	0	1	0	0	0	0	0	0	0	0	0	0	1	1	0	0.590909090909091	0	0	0	0	0	0	0	0	1	0	1	124.04
SRR5353983	1	0	1	0	0	0	0	0	0	0	0	0	0	0	0	0	0.00581395348837209	0	0	0	0	0	0	0	0	0	0	0	0	0	1	0	0	0	0.008	0	0	0	0	0	0	0.995215311004785	1	0	0	0	0	0	0	0	0	0	0	1	0	1	157.99
SRR5353984	1	0	1	0	0.234567901234568	0	0	0	0	0	0.666666666666667	0	0	0	0	0	0	0	0	0	0	0	0	0	0	0	0	0	0	0	1	0	0	0	0.0144927536231884	0	0	0	0	0	0	1	1	0	0	0	0	0	0	0	0.0170940170940171	0	0	1	0	1	88.8
SRR5353985	1	0	1	0	0	0	0	0	0	0	0	0	0	0	0	0	0.018957345971564	0	0	0	0	0	0	0.00591715976331361	0	0	0	0	0	0	0.99618320610687	0	0	0.0102040816326531	0.00510204081632653	0	0	0	0	0	0	1	1	0	0	0	0.110687022900763	0	0	0	0	0	0	1	0	1	203.31
SRR5353986	1	0.0333333333333333	1	0	0.0263157894736842	0	0	0	0	0	0	0	0	0	0	0	0	0	0	0	0	0.046875	0	0	0	0	0	0	0	0	1	0.0227272727272727	0	0	0	0	0	0	0	0	0	1	1	0	0	0	0	0	0	0	0	0	0	1	0	1	63.59
SRR5353987	1	0	1	0	0.0260869565217391	0	0	0	0	0	0	0	0	0	0	0	0	0	0	0	0	0.0266666666666667	0	0	0	0	0	0	0	0	1	0.00819672131147541	0	0	0	0	0	0	0	0	0	1	1	0	0	0	0	0	0	0	0	0	0	1	0	1	129.48
SRR5353988	1	0	1	0	0.0384615384615385	0	0	0	0	0	0	0	0	0	0	0	0	0	0	0	0	0.0487804878048781	0	0	0	0.176470588235294	0	0	0	0	1	0.0857142857142857	0	0	0	0	0	0	0.106382978723404	0	0	1	1	0	0	0	0	0	0	0	0	0	0	1	0	1	31.12
SRR5353989	1	0	0.9921875	0	0.338164251207729	0	0	0	0	0	0	0	0	0	0	0	0	0	0	0	0	0	0	0	0	0	0.0869565217391304	0.124137931034483	0.00315457413249211	0	1	0	0	0	0.00483091787439614	0	0	0	0	0	0	1	1	0	0	0	0	0	0	0	0.0347826086956522	0.00363636363636364	0	1	0	1	223.81
SRR5353990	1	0	0.980392156862745	0	0.651162790697674	0	0	0	0	0	0	0	0	0	0	0	0	0	0	0.0102040816326531	0	0	0	0	0	0	0	0	0	0	1	0	0	0	0.00934579439252336	0	0	0	0	0	0	0.986486486486487	1	0	0.179775280898876	0	0	0	0	0	0	0	0	1	0	1	96.29
SRR5353991	1	0	1	0	0	0	0	0	0	0	0	0	0	0	0	0	0	0	0	0	0	0	0	0	0	0	0	0.0105263157894737	0	0	1	0	0	0	0	0	0	0	0	0	0	1	1	0	0	0	0	0	0	0	0	0	0	1	0	0.9921875	141.49
SRR5353992	1	0.108108108108108	1	0	0.950819672131147	0.00602409638554217	0	0	0	0	0	0	0	0	0	0	0	0	0	0	0	0.0188679245283019	0	0	0	0	0	0	0	0	1	0.0410958904109589	0	0	0	0	0	0	0	0	0	1	1	0.121739130434783	0.00704225352112676	0	0	0	0.118421052631579	0	0	0	0	1	0	1	137.6
SRR5353993	1	0	1	0	0	0	0	0	0.0078740157480315	0	0	0	0	0	0	0	0	0	0	0	0	0	0	0	0	0	0	0	0	0	1	0.0238095238095238	0	0	0	0	0	0	0	0	0	1	1	0	0	0	0	0	0	0	0	0	0	1	0	1	99.02
SRR5353994	1	0	1	0	0.64367816091954	0	0	0	0	0	0	0	0	0	0	0	0	0	0	0	0	0	0	0	0	0	0.133333333333333	0	0	0	1	0.0241935483870968	0	0	0	0	0	0	0	0	0	1	1	0	0.0113636363636364	0	0	0	0	0	0.134328358208955	0	0	1	0	1	119.02
SRR5353995	1	0	1	0	0.111111111111111	0	0	0	0	0	0	0	0	0	0	0	0	0	0	0	0	0	0	0	0	0	0	0	0	0	1	0	0	0	0.0666666666666667	0	0	0	0	0	0	1	1	0	0	0	0	0	0	0	0	0.0285714285714286	0	1	0	1	19.2
SRR5353996	1	0	1	0.118055555555556	0.00763358778625954	0	0	0	0	0	0	0	0	0	0	0	0	0	0	0	0	0	0	0	0	0	0	0	0	0	1	0	0	0	0.0099009900990099	0	0	0	0	0	0	1	1	0	0	0	0	0	0	0	0	0	0	1	0	1	128.86
SRR5353997	1	0	1	0	0.0476190476190476	0	0	0	0	0	0	0	0	0	0	0	0	0	0	0	0.015625	0	0	0	0	0	0	0	0	0	1	0	0	0	0.0256410256410256	0	0	0	0	0	0	1	1	0	0	0	0	0	0	0	0	0	0	1	0	1	42.72
SRR5353998	1	0	1	0	0.277777777777778	0	0	0	0	0	0	0	0	0	0	0	0	0	0	0	0	0	0	0	0	0	0	0	0	0	1	0.00826446280991736	0	0	0	0	0	0	0	0	0	1	1	0	0	0	0	0	0	0	0.00552486187845304	0	0	1	0	1	140.43
SRR5353999	1	0	1	0	0	0	0	0	0	0	0	0	0	0	0	0	0	0	0	0	0	0.974789915966387	0	0	0	0	0	0	0	0	1	0	0	0	0	0	0	0	0	0	0	1	1	0	0	0	0	0	0	0.0072463768115942	0	0	0	1	0	1	101.63
SRR5354000	1	0	1	0	0	0	0	0	0	0	0	0	0	0	0	0	0	0	0	0	0	0	0	0	0	0	0.1	0	0	0	1	0	0	0	0	0	0	0	0.142857142857143	0	0	1	1	0	0	0	0	0	0	0	0	0	0	1	0	1	13.21
SRR5354001	1	0	1	0	0.682352941176471	0	0	0	0	0	0	0	0	0	0	0	0	0	0	0	0.00568181818181818	0	0	0	0	0	0	0	0	0	0.993103448275862	0	0	0	0	0	0	0	0	0	0	1	1	0	0	0	0	0.00757575757575758	0	0	0	0	0	1	0	1	117.74
SRR5354002	1	0	1	0	0	0	0	0	0	0	0	0	0	0	0	0	0	0	0	0	0.0285714285714286	0	0	0	0	0	0	0	0	0	1	0	0	0	0	0	0	0	0	0	0	1	1	0	0	0	0	0	0	0	0	0.0140845070422535	0	1	0	1	57.25
SRR5354003	1	0	1	0	0.0238095238095238	0	0	0	0	0	0	0	0.0188679245283019	0	0	0	0.425149700598802	0	0	0	0	0	0	0	0	0	0	0	0	0	1	0	0	0	0.00793650793650794	0	0	0	0	0	0	1	1	0	0	0	0	0	0	0	0	0.00476190476190476	0	1	0	1	159.98
SRR5354004	1	0	1	0	0.0272727272727273	0	0	0.00884955752212389	0	0	0	0	0	0	0	0	0	0.02	0	0	0.00609756097560976	0	0	0	0	0	0.0689655172413793	0	0	0	1	0.0099009900990099	0	0	0	0	0	0	0	0.00555555555555556	0	1	1	0	0.0384615384615385	0	0	0	0	0.0354609929078014	0.134615384615385	0	0	1	0	1	123.03
SRR5354005	1	0	1	0	0.905982905982906	0	0	0	0	0	0	0	0	0	0	0	0	0.00892857142857143	0	0	0.00704225352112676	0	0	0	0	0.135135135135135	0	0	0	0	1	0	0	0	0	0.378378378378378	0	0	0	0	0	1	1	0	0.0111111111111111	0	0	0	0	0.0254237288135593	0	0	0	1	0	1	106.39
SRR5354006	1	0	1	0	0	0	0	0	0	0	0	0	0	0	0	0	0	0.00740740740740741	0	0	0	0	0	0	0	0	0.0588235294117647	0	0	0	1	0.540983606557377	0	0	0	0	0	0	0	0	0	1	1	0	0	0	0	0	0	0.00657894736842105	0	0	0	1	0	1	131.26
SRR5354007	1	0	1	0	0.0319148936170213	0	0	0	0	0	0	0	0.02	0	0	0	0.0113636363636364	0	0	0	0.00934579439252336	0	0	0	0	0	0	0	0	0	1	0	0	0	0	0	0	0	0	0.00684931506849315	0	1	1	0	0	0	0	0	0	0	0	0.00735294117647059	0	1	0	1	95.84
SRR5354008	1	0	1	0	0.133333333333333	0.478260869565217	0.03125	0	0	0	0	0	0	0	0	0	0	0	0	0	0	0	0	0	0	0	0	0	0	0	1	0	0	0	0	0	0	0	0	0	0	1	1	0	0	0	0	0	0	0	0	0	0	1	0	1	25.7
SRR5354009	1	0	1	0	0	0	0	0	0	0	0	0	0.00373134328358209	0	0	0	0	0	0	0	0	0	0	0	0	0	0	0	0	0	0.996644295302013	0	0	0	0.115384615384615	0	0	0	0	0	0	1	1	0	0.00434782608695652	0	0	0	0	0	0	0	0	1	0	1	253.59
SRR5354010	1	0	1	0	0.0625	0	0	0	0	0	0	0	0	0	0	0	0	0	0	0	0.0101010101010101	0	0	0	0	0	0	0	0	0	1	0	0	0	0	0	0	0	0	0	0	1	1	0	0.0119047619047619	0	0	0	0	0.777777777777778	0	0	0	1	0	1	97.91
SRR5354011	1	0	1	0	0.329787234042553	0	0	0	0	0.346153846153846	0	0	0	0	0	0	0	0.0352941176470588	0	0	0	0	0	0	0	0.122302158273381	0	0	0	0	1	0	0	0	0	0	0	0	0	0	0	1	1	0	0.0202020202020202	0	0	0	0	0	0.00884955752212389	0	0	1	0	0.990990990990991	90.15
SRR5354012	1	0	1	0	0.310344827586207	0	0	0	0	0	0	0	0	0	0	0	0	0.125	0	0	0.0303030303030303	0	0	0	0	0	0.0833333333333333	0	0	0	1	0	0	0	0	0	0	0	0	0	0	1	1	0	0.04	0	0	0	0	0.111111111111111	0	0	0	1	0	1	24.44
SRR5354013	1	0	1	0	0.5	0	0	0	0	0	0	0	0.0344827586206897	0	0	0	0	0	0	0	0	0	0	0	0	0	0	0	0	0	1	0	0	0	0.0666666666666667	0	0	0	0	0	0	1	1	0	0	0	0	0	0	0	0	0	0	1	0	1	20.85
SRR5354014	1	0	1	0	0	0	0	0	0	0	0	0	0	0	0	0	0	0	0	0	0.0769230769230769	0	0	0	0	0	0	0	0	0	1	0	0	0	0	0	0	0	0	0	0	1	1	0	0	0.166666666666667	0	0	0	0	0	0	0	1	0	1	5.43
SRR5354015	1	0	1	0	0.638297872340426	0	0	0	0	0	0	0	0.0153846153846154	0	0	0	0	0	0	0	0	0	0	0	0	0	0	0	0	0	0.984	0	0	0	0	0	0	0	0	0	0	1	1	0	0	0	0	0	0	0	0	0	0	1	0	1	107.92
SRR5354016	1	0	1	0	0.0641399416909621	0	0.0551876379690949	0	0	0	0	0	0	0	0	0	0	0	0	0	0	0	0	0	0	0	0.35632183908046	0	0	0	0.9979035639413	0	0	0	0	0	0	0	0	0	0	1	1	0	0.002710027100271	0	0	0	0	0	0.043010752688172	0	0	1	0	1	420.37
SRR5354017	1	0	1	0	0.0854700854700855	0	0	0	0	0.00343642611683849	0	0	0	0	0	0	0	0	0	0	0	0	0	0	0	0	0.0512820512820513	0	0	0	1	0	0	0	0	0	0	0	0	0.206686930091185	0	1	1	0	0	0	0	0	0	0	0	0	0	1	0	1	250.11
SRR5354018	1	0	1	0	0.319767441860465	0	0	0	0	0	0	0	0	0	0	0	0	0.1	0	0	0	0	0.0100502512562814	0	0	0	0	0	0	0	1	0	0	0	0	0	0	0	0	0	0	1	1	0	0.152046783625731	0	0	0	0	0	0.00462962962962963	0	0	1	0	1	194.77
SRR5354019	1	0	1	0	0	0	0	0	0	0	0	0	0	0	0	0	0	0	0	0	0	0	0	0	0	0	0	0	0	0	1	0	0	0	0	0	0	0	0	0	0	1	1	0	0	0	0	0	0	0	0	0	0	1	0	1	15.82
SRR5354020	1	0	1	0	0.43452380952381	0	0	0	0	0	0	0	0	0	0	0	0	0	0	0	0.248062015503876	0	0	0	0	0	0	0	0	0	1	0	0	0	0	0	0	0	0	0	0	1	1	0	0	0	0	0	0	0	0	0.193050193050193	0	1	0	1	197.55
SRR5354021	1	0	1	0	0	0	0	0	0	0	0	0	0.584070796460177	0	0	0	0	0	0	0	0	0	0	0	0	0	0	0	0	0	1	0	0	0	0	0	0	0	0	0	0	1	1	0	0	0	0	0	0	0	0	0	0	1	0	1	124.53
SRR5354022	1	0	1	0	0.0170940170940171	0	0.00684931506849315	0	0	0	0	0	0	0	0	0	0	0	0	0.1	0	0	0	0	0	0	0	0	0	0	1	0	0	0	0	0	0	0	0	0	0	1	1	0	0.00709219858156028	0	0	0	0	0.0130718954248366	0.146341463414634	0	0	1	0	1	144.9
SRR5354023	1	0	1	0	0.248175182481752	0	0	0	0	0	0	0	0	0	0	0	0	0	0	0	0	0	0	0.256410256410256	0	0	0	0	0	0	1	0	0	0	0	0	0	0	0	0	0.00442477876106195	1	1	0	0	0	0	0	0	0	0	0	0	1	0	1	146.77
SRR5354024	0	0	0	0	0	0	0	0	0	0	0	0	0	0	0	0	0	0	0	0	0	0	0	0	0	0	0	0	0	0	0	0	0	0	0	0	0	0	0	0	0	0	0	0	0	0	0	0	0	0	0	0	0	0	0	0	1.24
SRR5354025	1	0	1	0	0.0693069306930693	0	0	0	0	0	0	0	0	0	0	0	0	0	0	0	0	0	0	0	0	0	0	0	0	0	1	0	0	0	0	0	0	0	0	0	0	1	1	0	0	0	0	0	0	0	0	0	0	1	0	1	120.29
SRR5354026	1	0	1	0	0	0	0	0	0	0	0	0	0	0	0	0	0	0	0	0	0	0	0	0	0	0	0	0	0	0	1	0	0	0	0	0	0	0	0	0	0	1	1	0	0	0	0	0	0	0	0	0	0	1	0	1	18.8
SRR5354027	1	0	1	0	0	0	0	0	0	0	0	0	0	0	0	0	0	0	0	0	0	0	0	0	0	0	0	0	0	0	1	0	0	0	0	0	0	0	0	0	0	1	1	0	0	0	0	0	0	0	0	0	0	1	0	1	128.85
SRR5354028	1	0	1	0	0	0	0	0	0	0	0	0	0	0	0	0	0	0	0	0	0	0	0	0	0	0	0	0	0	0	1	0	0	0	0	0	0	0	0	0	0	1	1	0	0	0	0	0	0	0	0	0	0	1	0	1	24.41
SRR5354029	1	0	1	0	0	0	0	0.0625	0	0	0	0	0	0	0	0	0	0	0	0	0	0	0	0	0	0	0	0	0	0	1	0	0	0	0	0	0	0	0	0	0	1	1	0	0	0	0	0	0	0	0	0	0	1	0	1	14.79
SRR5354030	1	0	1	0	0	0	0	0	0	0	0	0.0142857142857143	0	0	0	0	0	0	0	0	0	0	0	0	0	0	0	0	0	0	1	0	0	0	0	0	0	0	0	0	0	1	1	0	0.223684210526316	0	0	0	0	0	0	0	0	1	0	1	89.37
SRR5354031	1	0	1	0	0	0	0	0	0	0	0	0	0	0	0	0	0	0	0	0	0	0	0	0	0	0	0	0	0	0	1	0	0	0	0	0	0	0	0	0	0	1	1	0	0	0	0	0	0	0	0	0	0	1	0	1	98.59
SRR5354032	1	0	1	0	0.695652173913043	0	0	0	0	0	0	0	0	0	0	0	0	0	0	0	0	0	0	0	0	0	0	0	0	0	1	0	0	0	0	0	0	0	0	0	0	1	1	0	0	0	0	0	0	0	0	0	0	1	0	1	96.34
SRR5354033	1	0	1	0	0.285714285714286	0	0	0	0	0	0	0	0	0	0	0	0	0	0	0	0	0	0	0	0	0	0	0	0	0	1	0	0	0	0	0	0	0	0	0	0	1	1	0	0	0	0	0	0	0	0	0	0	1	0	1	92.34
SRR5354034	1	0	1	0	0	0	0	0	0	0	0	0	0	0	0	0	0	0	0	0	0.00699300699300699	0	0	0	0	0	0	0	0	0	1	0	0	0	0	0	0	0	0	0.0072992700729927	0	1	1	0	0	0	0	0	0	0	0	0	0	1	0	1	108.75
SRR5354035	1	0	1	0	0	0	0	0.0208333333333333	0	0	0	0	0	0	0	0	0	0	0	0	0	0	0	0	0	0	0	0	0	0	1	0	0	0	0	0	0	0	0	0	0	1	1	0	0	0	0	0	0	0	0	0	0	1	0	1	87.52
SRR5354036	1	0	1	0	0.0138888888888889	0	0.0222222222222222	0	0	0	0	0	0	0	0	0	0	0	0	0	0	0	0	0	0	0	0	0	0	0.4	1	0	0	0	0	0	0	0	0	0	0.436893203883495	1	1	0	0	0.00892857142857143	0	0.0120481927710843	0	0	0.0128205128205128	0	0	1	0	1	82.76
SRR5354037	1	0	1	0	0	0	0.361538461538462	0	0	0	0	0	0	0	0	0	0	0	0	0.259259259259259	0	0	0	0	0	0	1	0	0	0	1	0	0	0	0	0	0	0	0	0	0	1	1	0	0	0	0	0	0	0	0.37719298245614	0	0	1	0	1	99.63
SRR5354038	1	0	1	0	0	0	0	0	0	0	0	0	0	0	0	0	0	0	0	0	0	0	0	0	0	0	0.0454545454545455	0	0	0	1	0	0	0	0	0	0	0	0	0	0	1	1	0	0	0	0	0	0	0	0	0	0	1	0	1	124.26
SRR5354039	1	0	1	0	0	0	0	0	0	0	0	0	0	0	0	0	0	0	0	0	0	0	0	0.00769230769230769	0	0	0	0.0026246719160105	0	0	1	0	0	0	0	0	0	0	0	0	0	1	1	0	0	0.4	0	0	0	0	0	0.00246305418719212	0	1	0.273838630806846	1	306.55
SRR5354040	1	0	1	0	0	0	0.166666666666667	0	0	0	0	0	0	0	0	0	0	0	0	0	0	0	0	0	0	0	0	0	0	0	1	0	0	0	0	0	0	0	0	0	0	1	1	0	0	0	0	0	0	0	0	0	0	1	0	1	3.76
SRR5354041	1	0	1	0	0.692307692307692	0	0	0	0	0	0	0	0	0	0	0	0	0	0	0	0	0	0	0	0	0	0	0	0	0	1	0	0	0	0	0	0	0	0	0	0	1	1	0	0.166666666666667	0	0	0	0	0	0	0	0	1	0	1	13.73
SRR5354042	1	0	1	0	0	0	0	0.991596638655462	0	0	0	0	0	0	0	0	0	0	0	0	0	0	0	0	0	0	0	0	0	0	1	0	0	0	0	0	0	0	0	0	0	1	1	0	0	0	0	0	0	0	0	0	0	1	0	1	129.58
SRR5354043	1	0	1	0	0	0	0	0	0	0	0	0	0	0	0	0	0	0	0	0	0	0	0	0	0	0	0	0	0	0	1	0	0	0	0	0	0.118279569892473	0	0	0	0	1	1	0	0	0	0	0	0	0	0	0	0.175438596491228	1	0	1	81.73
SRR5354044	1	0	1	0	0	0	0.514563106796116	0	0	0	0	0	0	0	0	0	0	0	0	0	0	0	0	0	0	0	0.62962962962963	0	0	0	1	0	0	0	0	0	0	0	0	0	0	1	1	0	0	0	0	0	0	0	0.505050505050505	0	0	1	0	1	99.24
SRR5354045	1	0	1	0	0	0	0	0	0	0	0	0	0	0	0	0	0	0	0	0	0	0	0	0	0	0	0.96875	0	0	0	1	0	0	0	0	0	0	0	0	0	0	1	1	0	0	0.00609756097560976	0	0	0	0	0	0	0	1	0.00578034682080925	1	132.02
SRR5354046	1	0	0	0.5	0	0	0	0	0	0	0	0	0	0	0	0	0	0	0	0	0	0	0	0	0	0	0	0	0	0	1	0	0	0	0	0	0	0	0	0	0	1	1	0	0	0	0	0	0	0	0	0	0	1	0	1	3.7
SRR5354047	1	0	1	0	0	0	0	0.333333333333333	0	0	0	0	0	0	0	0	0	0	0	0	0	0	0	0	0	0	0	0	0	0	1	0	0	0	0	0	0	0	0	0	0	1	1	0	0	0	0	0	0	0	0	0	0	1	0	1	1.96
SRR5354048	1	0	1	0	0	0	0	0.0129032258064516	0	0	0	0	0	0	0	0	0	0	0	0.024	0	0	0	0	0	0	0	0	0	0	1	0	0	0	0	0	0	0	0	0	0	1	1	0	0	0	0	0	0	0	0	0	0	1	0	1	142.13
