cells	chrMT:73:A/G	chrMT:146:T/C	chrMT:150:C/T	chrMT:234:A/G	chrMT:456:C/T	chrMT:769:G/A	chrMT:1018:G/A	chrMT:1350:G/A	chrMT:1872:T/C	chrMT:2148:A/G	chrMT:2332:C/T	chrMT:2487:A/G	chrMT:2706:A/G	chrMT:2871:T/C	chrMT:2943:G/A	chrMT:3003:A/G	chrMT:3460:G/A	chrMT:3693:G/A	chrMT:3918:G/A	chrMT:4720:G/A	chrMT:5026:A/C	chrMT:5043:G/A	chrMT:5122:T/C	chrMT:5418:T/C	chrMT:6170:C/T	chrMT:6724:T/C	chrMT:6932:A/G	chrMT:7698:T/C	chrMT:8005:T/C	chrMT:8672:T/C	chrMT:8701:A/G	chrMT:9221:A/G	chrMT:9554:G/A	chrMT:9694:T/C	chrMT:9907:G/A	chrMT:10345:T/C	chrMT:10626:T/C	chrMT:10695:G/A	chrMT:10873:T/C	chrMT:11124:T/C	chrMT:11696:G/A	chrMT:11721:T/C	chrMT:12150:T/C	chrMT:12351:T/C	chrMT:12899:G/A	chrMT:13350:A/G	chrMT:13454:T/C	chrMT:13650:C/T	chrMT:13676:A/G	chrMT:13945:A/G	chrMT:13957:G/A	chrMT:14302:T/C	chrMT:14311:T/C	chrMT:14831:G/A	chrMT:15301:G/A	chrMT:15458:T/C	chrMT:15617:G/A	chrMT:15670:T/C	chrMT:15777:G/C	chrMT:16129:G/A	chrMT:16263:T/C	chrMT:16300:A/G	chrMT:16311:T/C	chrMT:16390:G/A	chrMT:16519:T/C	depth
SRR5353857	4	9	10	0	1	8	8	0	0	0	7	0	7	0	0	0	0	1	0	0	0	0	0	0	0	0	0	0	0	0	4	6	0	0	0	0	0	0	1	0	0	0	0	0	0	0	0	5	0	0	0	0	0	0	3	2	0	0	12	4	0	4	0	4	5	4.85
SRR5353858	41	24	24	0	27	72	42	0	0	0	32	1	53	0	0	0	0	53	0	0	0	0	0	0	0	0	0	0	0	0	43	75	21	0	0	0	0	0	33	0	0	0	0	0	0	0	0	65	0	0	0	0	0	0	52	81	0	0	54	23	0	51	0	53	59	53.72
SRR5353859	0	0	0	0	1	0	0	0	0	0	0	0	0	0	0	0	0	0	0	0	0	0	0	0	0	0	0	0	0	0	0	0	0	0	0	0	0	0	0	0	0	0	0	0	0	0	0	0	0	0	0	0	0	0	0	0	0	0	0	0	0	0	0	0	0	1.19
SRR5353860	0	0	0	0	0	0	0	0	0	0	0	0	0	0	0	0	0	0	0	0	0	0	0	0	0	0	0	0	0	0	0	0	0	0	0	0	0	0	0	0	0	0	0	0	0	0	0	0	0	0	0	0	0	0	0	0	0	0	0	0	0	0	0	0	0	1.19
SRR5353861	45	33	36	0	18	53	37	0	0	0	47	0	55	0	0	0	0	44	0	0	0	0	0	0	0	0	0	0	0	0	38	58	34	0	0	0	0	0	35	0	0	0	0	0	12	0	0	75	0	0	0	0	0	0	58	65	0	0	62	28	2	55	0	60	35	53.24
SRR5353862	7	19	20	0	3	16	6	0	0	0	13	0	15	0	0	0	2	10	0	0	0	0	0	0	0	0	0	0	0	0	6	8	4	0	0	0	0	0	7	0	0	0	0	0	0	0	0	13	0	0	0	0	0	0	6	15	0	0	17	8	0	14	7	16	7	3.4421
SRR5353863	39	27	28	0	33	65	39	0	0	0	47	0	84	0	0	0	0	80	0	0	0	0	0	0	0	2	0	0	0	0	43	59	28	0	1	0	0	0	42	0	0	0	0	0	0	0	0	64	0	0	0	0	0	0	65	70	0	0	72	24	0	50	0	81	61	56.43
SRR5353864	28	20	21	0	21	68	31	0	0	0	48	0	70	0	0	0	0	60	0	0	0	0	0	0	0	0	0	0	0	0	34	68	33	0	2	0	0	0	22	0	0	0	0	0	0	0	0	67	0	0	0	0	0	0	74	84	0	0	75	19	0	50	0	66	38	52.09
SRR5353865	67	35	36	0	32	69	40	0	0	0	61	0	75	0	0	2	0	74	0	0	0	0	0	0	0	0	0	0	0	0	46	75	40	0	2	0	0	0	49	0	0	0	0	0	0	0	0	85	0	43	0	0	0	0	71	96	0	0	102	18	0	68	0	79	56	70.01
SRR5353866	46	23	24	0	14	63	25	0	0	0	54	0	60	0	0	0	0	73	0	0	0	0	0	0	0	0	0	0	0	0	43	59	34	0	0	0	0	0	31	0	0	0	0	0	0	0	0	71	0	0	0	0	0	0	58	69	0	0	59	21	0	53	0	70	45	53.25
SRR5353867	45	31	31	0	21	41	46	0	0	10	27	0	53	0	0	0	0	66	0	0	0	0	0	0	0	0	0	0	0	0	27	56	25	0	0	0	0	0	42	0	0	0	0	0	0	0	10	64	0	0	0	0	0	0	49	33	0	0	62	28	0	38	0	72	25	46.58
SRR5353868	1	1	1	0	1	2	1	0	0	0	4	0	1	0	0	0	0	4	0	0	0	0	0	0	0	0	0	0	0	0	2	5	1	0	0	0	0	0	0	0	0	0	0	0	0	0	0	0	0	0	0	0	0	0	6	7	0	0	1	0	0	0	0	4	1	2.92
SRR5353869	103	46	49	0	79	158	111	0	0	0	132	0	157	0	0	0	0	193	0	0	0	0	0	0	0	0	0	0	0	0	108	180	63	0	0	0	0	32	95	0	0	0	0	0	0	0	0	145	0	0	0	0	0	0	167	167	0	0	164	36	0	129	0	159	90	136.27
SRR5353870	19	16	17	0	9	19	13	0	0	0	20	0	30	0	0	0	0	23	0	0	0	0	0	0	0	0	0	0	0	0	18	36	15	0	0	0	0	0	15	0	0	0	0	0	0	0	0	19	0	0	1	0	0	0	32	24	0	0	29	14	0	23	0	28	17	22.81
SRR5353871	12	20	19	0	12	18	17	0	0	0	12	0	20	0	0	0	0	18	0	0	0	0	0	0	0	0	0	0	0	0	11	15	5	0	0	0	0	0	8	0	0	0	0	0	0	0	0	15	0	0	0	0	0	0	21	20	0	0	25	11	0	19	0	16	10	16.57
SRR5353872	27	21	22	0	25	55	33	0	0	0	54	0	59	0	0	0	1	42	0	0	0	0	0	0	0	0	0	0	0	0	23	42	27	0	0	0	0	0	28	0	0	0	1	0	0	0	0	47	0	0	0	0	0	0	77	58	0	0	53	18	0	51	0	55	28	46.99
SRR5353873	42	45	45	0	23	60	33	0	0	0	48	0	75	0	0	0	0	68	0	0	0	0	0	0	0	0	0	0	0	0	48	57	42	0	0	0	0	0	34	0	0	0	0	0	0	0	0	56	0	0	0	0	0	0	88	75	0	0	72	25	0	55	0	82	47	56.26
SRR5353874	255	175	176	0	137	327	189	0	0	0	249	0	335	0	0	0	0	342	0	0	0	0	0	0	0	1	0	0	0	0	190	357	122	0	0	0	0	0	199	0	0	0	84	0	0	0	1	320	0	0	0	0	0	0	354	354	0	0	350	114	0	297	0	364	239	291.85
SRR5353875	48	54	56	0	29	51	39	0	0	0	44	0	69	0	0	0	0	80	0	19	0	0	0	0	0	0	0	0	0	0	51	78	28	0	0	0	0	0	31	0	16	0	0	0	0	0	0	71	0	0	0	0	0	0	84	84	0	0	86	28	0	68	0	74	46	63.44
SRR5353876	60	33	33	0	46	98	54	0	0	0	63	0	88	0	0	0	0	96	0	0	0	0	0	0	0	0	0	0	0	0	50	99	43	0	0	0	0	0	48	0	0	0	0	0	0	0	0	104	0	0	0	0	0	0	101	124	0	0	136	32	0	79	0	107	48	83.76
SRR5353877	109	46	44	0	62	131	75	0	0	0	99	0	101	0	0	0	100	121	0	0	0	0	0	0	0	0	0	0	0	1	51	104	44	0	0	0	0	0	85	0	0	0	0	0	0	0	0	108	0	0	0	0	0	0	127	130	0	0	124	26	0	117	0	139	127	101.48
SRR5353878	8	6	5	0	4	3	2	0	0	0	8	0	8	0	0	0	0	4	0	0	0	0	0	0	0	0	0	0	0	0	3	10	2	0	0	0	0	0	3	0	0	0	0	0	0	0	0	8	0	0	0	0	0	0	6	7	0	0	11	4	0	20	0	11	6	7.13
SRR5353879	0	0	0	0	0	0	0	0	0	0	0	0	0	0	0	0	0	0	0	0	0	0	0	0	0	0	0	0	0	0	2	0	0	0	0	0	0	0	0	0	0	0	0	0	0	0	0	0	0	0	0	0	0	0	0	0	0	0	0	0	0	1	0	1	0	1.67
SRR5353880	44	40	41	0	19	53	28	0	0	0	37	0	61	0	0	0	0	58	0	0	0	0	0	0	0	0	0	0	0	0	33	67	22	0	0	0	0	0	20	0	0	0	0	0	0	1	0	52	0	0	0	0	0	0	71	71	0	0	88	27	0	62	0	66	38	47.53
SRR5353881	112	58	58	0	77	164	125	0	0	0	140	0	186	0	0	0	2	148	0	0	0	0	0	0	0	0	0	0	0	0	91	162	60	0	0	0	0	0	106	0	0	0	0	0	0	0	0	150	0	0	0	0	0	0	180	188	0	0	204	41	1	152	0	173	122	135.82
SRR5353882	92	64	67	0	45	92	50	0	0	0	80	0	96	1	0	1	0	99	109	0	0	0	0	0	0	0	0	0	35	0	54	94	37	0	0	0	0	0	31	0	0	72	0	0	0	0	0	103	0	0	0	0	0	0	132	137	0	0	142	43	0	89	0	118	73	87.26
SRR5353883	50	40	42	0	20	69	33	0	0	0	42	0	68	0	0	0	0	75	0	0	0	0	5	0	0	0	0	0	0	0	42	67	16	0	0	0	0	0	34	0	0	0	0	0	0	0	0	62	0	0	0	0	0	0	79	74	0	23	78	18	0	53	0	69	41	52.96
SRR5353884	58	37	38	0	22	72	59	0	0	0	80	0	59	0	0	38	0	76	0	0	0	0	0	0	0	0	0	0	0	0	51	88	23	0	0	0	0	0	40	0	0	0	0	0	0	0	0	103	0	0	0	0	0	0	86	71	0	0	83	28	0	84	0	98	68	66.19
SRR5353885	1	1	1	0	0	4	0	0	0	0	0	0	4	0	0	0	0	0	0	0	0	0	0	0	0	0	0	0	0	0	0	2	1	0	0	0	0	0	0	0	0	0	0	0	0	0	0	1	0	0	0	0	0	0	0	1	0	0	1	0	0	0	0	1	2	1.84
SRR5353886	103	61	65	0	48	115	105	0	2	0	114	0	128	0	0	0	0	131	0	0	0	0	0	0	0	0	0	0	0	0	78	117	49	0	0	0	0	0	64	0	0	0	0	0	0	18	0	124	0	0	0	0	0	0	129	124	0	0	147	35	0	111	0	143	73	105.11
SRR5353887	77	41	40	0	48	97	62	0	0	0	80	0	137	0	0	0	0	125	0	0	0	0	0	0	0	0	0	14	0	0	65	109	59	0	1	0	0	0	66	0	0	0	0	0	0	0	0	116	0	0	0	0	0	0	141	129	0	0	111	22	0	98	0	130	60	98.83
SRR5353888	54	60	58	0	47	113	58	0	0	0	75	0	84	0	0	0	0	112	0	0	0	0	0	0	0	0	0	0	0	0	62	120	34	0	0	0	0	0	64	0	0	0	0	0	0	0	0	102	0	0	0	0	0	0	92	105	0	0	130	18	10	71	0	99	56	89.55
SRR5353889	3	2	2	0	3	1	1	0	0	0	1	0	5	1	0	0	0	2	0	0	0	0	0	1	0	0	0	0	0	0	1	1	2	0	0	0	0	0	0	0	0	0	0	0	0	0	0	1	0	0	0	0	0	0	1	0	0	0	2	1	0	2	0	0	0	2.44
SRR5353890	6	2	2	0	5	5	2	0	0	0	6	0	7	0	0	0	0	9	0	0	0	0	0	0	0	0	0	0	0	0	4	2	1	0	0	0	0	0	8	0	0	0	0	0	0	0	0	2	0	0	0	0	0	0	9	10	0	0	7	2	0	1	0	5	4	5.87
SRR5353891	120	71	68	0	61	132	96	0	0	0	129	0	155	0	0	0	0	143	0	0	0	0	0	0	0	0	0	0	0	0	68	142	53	0	0	0	0	0	66	0	0	0	0	0	0	0	0	152	0	0	0	0	0	0	172	150	0	0	170	46	0	108	0	149	75	119.46
SRR5353892	26	13	13	0	8	24	10	0	0	0	22	0	30	0	0	0	0	26	0	0	0	2	0	0	0	0	0	0	0	0	26	31	7	0	0	0	0	0	12	0	0	0	0	0	0	0	0	24	0	0	0	0	0	0	27	31	0	0	30	14	0	24	0	33	23	24.72
SRR5353893	75	54	51	0	48	87	75	0	0	0	95	0	110	0	0	0	0	131	0	0	0	0	0	0	0	0	0	0	0	0	61	106	58	0	0	0	0	0	43	0	0	0	0	0	0	0	0	104	0	0	0	0	0	0	113	110	0	0	96	46	0	74	0	116	65	88.5
SRR5353894	12	10	11	0	7	5	11	1	0	0	13	0	17	0	0	0	0	11	0	0	0	0	0	0	0	0	0	0	0	0	12	31	11	0	0	0	0	0	10	0	0	0	0	0	0	0	0	17	0	0	0	0	0	0	23	17	0	0	20	10	0	25	0	21	14	15.77
SRR5353895	35	23	24	0	11	47	36	0	0	0	38	0	71	0	0	0	0	68	0	0	0	0	0	0	0	0	0	0	0	0	24	42	22	0	0	0	0	0	25	0	0	0	0	0	0	0	0	48	0	0	0	0	0	0	66	65	0	0	58	12	0	40	0	43	32	46.58
SRR5353896	96	70	73	0	55	114	76	0	0	0	103	0	171	0	0	0	0	163	0	0	0	0	0	0	0	0	0	0	0	0	76	145	58	0	0	0	0	0	69	0	0	0	0	0	0	0	0	149	0	0	0	0	0	0	153	132	0	1	166	51	0	118	0	154	65	124.36
SRR5353897	11	10	10	0	10	16	13	0	0	0	10	0	19	0	0	0	0	21	0	0	0	0	0	0	0	0	0	0	0	0	17	29	9	0	0	0	0	0	8	0	0	0	2	0	0	0	0	26	0	0	0	0	0	0	18	37	0	0	31	13	0	25	0	15	16	20.37
SRR5353898	83	63	64	0	48	131	61	0	0	0	101	0	133	0	0	0	0	127	0	0	0	0	0	0	0	0	0	0	0	0	53	105	52	0	0	0	0	0	61	0	0	0	0	0	0	0	0	114	0	0	0	0	0	0	126	130	2	0	150	39	0	91	0	135	84	96.06
SRR5353899	25	15	17	0	22	23	18	0	0	0	20	0	39	0	0	0	0	13	0	0	0	0	0	0	0	0	29	0	0	0	17	42	15	0	0	0	0	0	13	0	0	0	0	0	0	0	0	39	0	0	0	0	0	0	30	50	0	0	28	9	0	25	0	23	17	26.44
SRR5353900	5	5	5	0	0	6	3	0	0	0	4	0	4	0	0	0	0	3	0	0	0	0	0	0	0	0	0	0	0	0	3	4	0	0	0	0	0	0	2	0	0	0	0	0	0	0	0	3	0	0	0	0	0	0	4	2	0	0	4	4	0	6	0	0	1	3.61
SRR5353901	33	24	24	0	21	42	44	0	0	0	41	0	54	0	0	0	0	67	0	0	0	0	0	0	0	0	0	0	0	0	35	59	21	0	23	0	0	0	38	0	0	0	0	0	0	0	0	49	0	0	0	0	0	0	78	61	0	0	78	23	0	65	0	66	30	50.54
SRR5353902	2	0	5	0	2	11	8	0	0	0	7	0	5	0	0	0	0	12	0	0	0	0	0	0	0	0	0	0	0	0	5	7	4	0	0	0	0	0	3	0	0	0	0	0	0	0	0	9	0	0	0	0	0	0	4	8	0	0	7	0	0	1	0	3	3	5.92
SRR5353903	45	32	31	0	39	55	45	0	0	0	54	0	59	0	0	0	2	66	0	0	0	0	0	0	0	0	0	0	0	0	37	70	20	0	0	0	0	0	49	0	0	0	0	0	0	0	0	65	0	0	0	0	0	0	91	78	0	0	78	20	0	61	0	72	59	61.61
SRR5353904	61	48	46	0	14	33	41	1	0	0	29	0	54	0	0	0	0	42	0	0	0	0	0	0	0	0	0	0	0	0	32	53	24	0	0	0	0	0	19	0	0	0	0	0	0	0	0	42	0	0	0	0	0	0	59	78	0	0	65	15	0	47	0	53	31	44.68
SRR5353905	33	16	18	0	18	50	25	0	0	0	40	0	57	0	0	0	0	72	0	0	0	0	0	0	0	0	0	0	0	0	31	42	28	0	0	0	0	0	39	0	0	0	0	0	0	0	0	57	0	0	0	0	0	0	61	72	0	0	47	26	0	47	0	47	45	44.47
SRR5353906	30	20	20	0	12	15	19	0	0	0	20	0	34	0	0	0	0	25	0	0	0	0	0	0	0	0	0	0	0	0	20	24	12	0	0	0	0	0	11	0	0	0	0	0	0	0	0	29	0	0	0	0	0	0	33	27	0	0	28	13	0	20	0	24	14	23.61
SRR5353907	79	56	58	0	35	123	62	0	0	1	91	0	146	0	0	0	0	129	0	0	0	0	0	0	0	0	0	0	0	0	67	116	36	0	0	0	0	0	49	50	0	0	0	0	0	0	0	92	0	0	0	0	0	0	115	119	0	0	120	32	0	102	0	107	63	95.73
SRR5353908	78	47	48	0	31	81	50	0	0	0	62	0	93	0	0	0	0	78	0	0	0	0	0	0	0	0	0	0	0	0	69	119	44	0	0	0	0	0	53	0	0	0	0	0	0	0	0	78	0	0	0	0	0	0	101	110	0	0	108	32	0	91	0	103	75	76.25
SRR5353909	0	1	1	0	1	4	2	0	0	0	2	0	8	0	0	0	0	3	0	0	0	0	0	0	0	0	0	0	0	0	0	0	1	0	0	0	0	0	2	0	0	0	0	0	0	0	0	3	0	0	0	0	0	0	4	3	0	0	5	0	0	2	0	4	6	3.75
SRR5353910	67	45	43	0	72	100	70	2	0	0	104	0	188	0	0	0	0	131	0	0	0	0	0	49	0	0	0	0	0	0	73	128	54	0	1	15	0	0	69	0	0	0	0	0	0	0	0	136	0	0	0	0	0	0	127	129	0	0	148	28	0	108	0	118	70	107.08
SRR5353911	33	23	24	0	19	30	15	0	0	0	17	0	32	0	0	0	0	33	0	0	0	0	0	0	0	0	0	0	0	0	5	24	8	0	0	0	0	0	22	0	0	0	0	0	0	0	0	23	0	0	14	0	0	0	34	26	0	0	28	13	0	32	0	51	23	28.47
SRR5353912	161	130	129	0	123	229	171	0	0	0	183	0	280	32	40	0	0	270	0	0	0	0	0	12	0	0	0	0	0	0	155	275	113	0	0	0	0	0	138	0	0	0	0	0	0	0	0	249	0	0	1	0	0	0	257	301	0	0	294	90	0	236	0	284	182	219.8
SRR5353913	72	65	65	0	40	68	74	0	0	0	70	0	103	0	0	0	0	96	0	0	0	0	0	0	0	0	0	0	0	0	67	107	47	0	0	0	0	0	57	0	0	0	0	0	0	0	0	100	0	0	0	0	0	0	106	155	0	0	148	37	0	99	0	108	72	87.75
SRR5353914	17	24	22	0	14	22	13	0	0	0	10	0	26	0	0	0	0	15	0	0	0	0	0	0	0	0	0	0	0	0	11	28	12	0	0	0	0	0	9	0	0	0	0	0	0	0	0	23	0	0	0	0	0	0	34	37	0	0	23	13	0	21	0	29	30	20.26
SRR5353915	86	73	76	14	63	105	66	0	0	0	82	0	122	0	0	0	0	131	0	0	0	0	0	0	0	0	0	0	0	0	65	92	44	0	0	0	0	0	86	0	0	0	0	0	0	0	0	96	61	0	0	0	0	0	120	112	0	0	114	54	0	100	0	121	62	94.78
SRR5353916	0	0	0	0	0	2	0	0	0	0	1	0	6	0	0	0	0	2	0	0	0	0	0	0	0	0	0	0	0	0	0	2	0	0	0	0	0	0	0	0	0	0	0	0	0	0	0	2	0	0	0	0	0	0	1	2	0	0	7	1	0	4	0	3	0	2.15
SRR5353917	124	78	79	0	56	145	111	0	0	0	142	0	177	0	0	0	0	158	0	0	0	0	0	0	0	0	0	0	0	0	100	148	67	0	0	0	0	0	77	0	0	0	0	0	0	0	0	152	0	0	0	0	0	0	172	175	0	0	184	61	0	121	0	154	77	132.97
SRR5353918	7	9	8	0	2	14	5	0	0	0	8	0	14	0	0	0	0	11	0	0	0	0	0	0	0	1	0	0	0	0	10	8	4	0	0	0	0	0	3	0	0	0	0	0	0	0	0	4	0	0	0	0	0	0	6	7	0	0	14	7	0	11	0	8	9	7.69
SRR5353919	85	63	64	0	46	101	66	0	0	0	81	0	106	0	0	0	0	103	0	0	0	0	0	0	0	0	0	0	0	0	67	112	34	0	0	0	0	0	52	0	0	0	1	16	0	0	0	89	0	0	0	0	0	0	116	125	0	0	141	41	0	92	0	131	72	89.1
SRR5353920	72	53	57	0	60	113	74	0	0	0	103	0	122	0	0	0	0	107	0	0	0	0	0	0	11	0	0	0	0	0	76	134	60	0	0	0	0	0	79	0	0	0	0	0	0	0	0	127	0	0	0	0	0	0	152	125	0	0	126	55	0	95	0	124	71	103.37
SRR5353921	29	26	26	0	9	38	18	0	0	0	24	0	37	0	0	0	0	42	0	0	0	0	0	0	0	0	0	0	0	0	26	43	14	0	0	0	0	0	24	0	0	0	0	0	0	0	0	37	0	0	0	0	0	0	52	60	0	0	44	8	0	35	0	31	29	35.68
SRR5353922	112	82	82	0	83	155	71	0	0	0	136	0	146	0	0	0	0	157	0	0	0	0	0	0	0	0	0	0	0	0	82	162	62	0	0	0	0	0	95	0	0	0	0	0	0	0	0	154	0	0	0	0	0	0	178	172	0	0	156	50	0	128	0	175	112	135.8
SRR5353923	156	106	106	0	132	223	117	0	0	0	167	0	223	0	0	0	0	243	0	0	0	0	0	1	0	0	0	0	0	0	116	184	82	0	0	0	53	0	114	0	0	0	0	0	0	0	1	209	0	0	0	0	0	0	233	238	0	0	222	73	0	194	0	203	171	182.79
SRR5353924	120	91	93	0	57	145	86	0	0	1	122	0	144	0	0	0	0	173	0	0	0	0	0	0	0	0	0	0	0	0	86	155	43	0	0	0	0	0	98	0	0	0	0	0	0	0	0	180	0	0	0	0	0	0	188	167	0	0	154	56	0	119	0	153	110	133.31
SRR5353925	45	26	27	0	60	81	76	0	0	0	68	0	92	0	0	0	0	111	0	0	0	0	0	0	0	0	0	0	0	0	44	105	33	0	0	0	0	0	50	0	0	0	0	0	0	0	0	81	0	0	0	0	0	0	102	122	0	0	97	25	0	96	0	115	72	84.97
SRR5353926	75	44	49	0	63	126	89	0	0	0	93	0	138	0	0	0	0	133	0	0	0	0	0	0	0	0	0	0	0	0	71	120	56	0	0	0	0	0	78	0	0	0	0	0	0	0	0	135	0	0	0	1	0	0	172	154	0	0	164	38	0	110	0	173	108	117.4
SRR5353927	94	82	83	0	52	93	57	0	0	0	79	0	132	0	0	0	0	110	0	0	0	0	0	0	0	0	0	0	0	0	83	101	38	20	0	0	0	0	75	0	0	0	0	0	0	0	0	100	0	0	0	0	0	0	99	103	0	0	146	42	0	81	0	92	88	92.37
SRR5353928	65	50	53	0	28	50	38	0	0	0	44	0	74	0	0	0	0	95	0	0	0	0	0	0	0	0	0	0	0	0	43	82	20	0	0	0	0	0	39	0	0	0	0	0	1	0	0	74	0	1	0	10	0	0	89	74	0	0	105	33	0	51	0	75	61	66.72
SRR5353929	37	28	25	0	27	51	35	36	0	0	46	0	57	0	0	0	0	54	0	0	0	0	0	0	0	0	0	0	0	0	37	69	25	0	0	0	0	0	40	0	0	0	0	0	0	0	0	75	0	0	0	0	0	0	60	81	0	0	72	11	0	48	0	60	44	53.26
SRR5353930	70	60	64	0	45	88	59	0	29	0	75	0	94	0	0	0	0	85	0	0	19	0	0	0	0	0	0	0	0	0	54	95	57	0	0	0	0	0	54	0	0	0	0	0	0	0	0	84	0	0	0	0	0	0	110	103	0	0	134	43	0	82	0	98	51	79.83
SRR5353931	5	3	3	0	3	3	4	0	0	0	4	0	3	0	0	0	0	3	0	0	0	0	0	0	0	0	0	0	0	0	2	8	1	0	0	0	0	0	5	0	0	0	0	0	0	0	0	6	0	0	0	0	0	0	6	11	0	0	8	4	0	3	0	4	5	4.91
SRR5353932	144	116	116	0	108	168	132	0	0	0	157	0	193	0	0	0	0	183	0	0	0	0	0	0	0	1	0	0	0	0	95	183	90	0	0	0	0	0	110	2	0	0	0	0	0	0	0	183	0	0	0	0	0	19	200	245	0	0	232	106	0	154	0	211	152	166.35
SRR5353933	1	4	3	0	2	2	6	0	0	0	4	0	12	0	0	0	0	4	0	0	0	0	0	0	0	0	0	0	0	0	4	3	4	0	0	0	0	0	0	0	0	0	0	0	0	0	0	9	0	0	0	0	0	0	11	4	0	0	1	1	0	6	0	6	5	4.84
SRR5353934	142	80	92	0	82	165	101	0	0	0	132	0	163	0	0	0	0	190	1	0	0	0	0	0	0	0	0	0	0	0	110	151	66	0	0	0	0	0	117	0	0	0	0	0	0	0	0	151	0	0	0	0	0	0	182	192	0	0	192	52	0	132	0	144	109	141.96
SRR5353935	40	18	19	0	24	43	37	0	0	0	33	0	44	0	0	0	0	47	0	0	0	0	0	0	0	24	0	0	0	0	27	44	19	0	0	0	0	0	20	0	0	0	0	0	0	0	0	42	0	0	0	0	1	0	43	46	0	0	54	9	0	47	0	44	30	38.51
SRR5353936	44	24	26	0	24	53	44	0	0	0	43	0	54	0	0	0	0	49	0	0	0	0	0	0	0	0	0	0	0	0	39	55	20	0	0	0	0	0	39	0	0	0	0	0	0	0	0	65	0	0	0	0	0	0	60	57	0	0	78	24	0	48	0	63	27	51.16
SRR5353937	182	136	138	0	80	234	128	0	0	0	177	0	253	0	0	0	1	263	0	0	0	0	0	0	0	0	0	0	0	46	146	218	109	0	0	0	0	0	148	0	0	0	0	0	0	0	0	225	0	0	0	0	0	0	223	262	2	0	254	105	0	191	0	227	148	194.96
SRR5353938	38	32	34	0	13	25	27	0	0	0	26	0	37	0	0	0	0	38	0	0	0	0	0	0	0	0	0	0	0	0	19	40	29	0	0	0	0	0	21	0	0	0	0	0	0	0	0	38	0	0	0	0	0	0	42	40	0	0	55	12	0	29	0	36	31	33.9
SRR5353939	3	5	5	0	2	1	6	0	0	0	8	0	10	0	0	0	0	8	0	0	0	0	0	0	0	0	0	0	0	0	4	8	6	0	0	0	0	0	0	0	0	0	0	0	0	0	0	7	0	0	0	0	0	0	7	4	0	0	8	5	0	11	0	12	4	6.25
SRR5353940	4	5	6	0	0	4	3	0	0	0	1	0	3	0	0	0	0	4	0	0	0	0	0	0	0	0	0	0	0	0	1	8	0	0	0	0	0	0	3	0	0	0	0	0	0	0	0	6	0	0	0	0	0	0	1	3	0	0	7	1	0	3	0	3	1	3.92
SRR5353941	186	145	141	0	138	259	188	0	0	0	245	0	278	0	0	0	0	303	0	0	0	41	0	0	0	0	1	0	0	0	177	258	137	0	0	0	0	0	178	0	0	0	0	0	0	0	0	291	0	0	0	0	46	1	275	311	0	0	370	99	0	257	0	321	196	246.56
SRR5353942	32	43	46	0	22	73	42	0	0	0	33	28	67	0	0	0	0	55	0	0	0	0	0	36	0	0	0	0	0	0	39	43	27	0	0	0	0	0	24	0	0	0	0	0	0	0	0	45	0	0	0	0	0	0	68	79	0	0	89	28	0	43	0	56	48	51.43
SRR5353943	0	0	0	0	2	3	1	0	0	0	1	0	5	0	0	0	0	1	0	0	0	0	0	1	0	0	0	0	0	0	0	1	2	0	0	0	0	0	4	0	0	0	0	0	0	0	0	4	0	0	0	0	0	0	1	4	0	0	1	2	0	1	0	0	1	2.76
SRR5353944	80	56	55	0	45	89	86	0	0	0	86	1	111	0	0	0	0	124	0	0	0	0	0	0	0	0	0	0	0	0	54	112	58	0	0	0	0	0	60	0	0	0	0	0	0	0	0	73	0	0	0	0	0	0	91	98	0	0	115	45	0	85	0	102	77	88.6
SRR5353945	0	6	6	0	3	6	3	0	0	0	4	0	2	0	0	0	0	1	0	0	0	0	0	0	0	0	0	0	0	0	3	12	1	0	0	0	0	0	3	0	0	0	0	0	0	0	0	8	0	0	0	0	0	0	3	7	0	0	11	4	0	8	0	8	6	5.47
SRR5353946	27	21	20	0	14	23	13	0	0	0	34	0	38	0	0	0	0	31	0	0	0	0	0	0	0	0	0	0	0	0	21	35	20	0	0	0	0	0	20	0	0	0	0	0	0	0	0	20	0	0	0	0	0	0	41	56	0	0	51	18	0	37	0	48	21	31.69
SRR5353947	29	34	37	0	35	44	46	0	0	0	48	0	65	0	0	0	0	40	0	0	0	0	0	0	0	0	0	0	0	0	42	67	29	0	0	0	0	0	25	0	0	0	0	0	0	0	0	47	0	0	0	0	0	0	52	63	0	0	72	12	0	66	0	68	34	54.36
SRR5353948	94	59	60	0	65	113	72	1	0	0	105	0	141	1	0	0	0	127	0	0	0	0	0	0	0	0	0	0	0	0	58	124	49	0	0	0	0	0	77	0	0	0	0	0	0	0	0	137	0	0	0	0	0	0	116	133	110	0	144	45	0	127	0	99	108	106.05
SRR5353949	203	142	145	0	145	261	201	0	0	0	221	0	310	0	0	0	0	305	0	0	0	0	0	0	0	0	0	0	0	0	192	265	123	0	0	0	0	0	142	0	0	0	0	1	0	0	0	289	0	0	0	0	0	0	336	310	0	0	363	137	0	263	0	324	201	252.24
SRR5353950	209	155	158	0	150	320	220	2	0	0	213	0	361	0	0	0	0	345	0	0	0	0	0	0	0	0	0	0	0	0	192	345	156	0	0	0	0	0	170	0	0	0	0	0	0	0	0	311	0	0	0	0	0	0	357	384	0	0	333	128	0	338	0	357	241	286.04
SRR5353951	33	28	27	0	26	53	31	0	0	0	54	0	66	0	0	0	0	46	0	0	0	0	0	0	0	0	0	0	0	0	37	61	38	0	0	0	0	0	35	0	0	0	0	0	0	0	0	57	0	0	0	0	0	0	62	81	0	0	70	20	0	46	0	54	32	54.86
SRR5353952	13	18	18	0	19	19	22	0	0	0	21	0	43	0	0	0	0	30	0	0	0	0	0	0	0	0	0	0	0	0	23	40	18	0	0	0	0	0	8	0	0	0	0	0	0	0	0	17	0	0	0	0	0	0	38	37	0	0	41	12	0	30	0	36	30	32.04
