cells	chrMT:73:A/G	chrMT:143:G/A	chrMT:146:T/C	chrMT:622:G/A	chrMT:642:T/C	chrMT:809:G/A	chrMT:865:A/G	chrMT:874:G/A	chrMT:1401:G/A	chrMT:1606:G/A	chrMT:1731:A/G	chrMT:2033:A/G	chrMT:2483:T/C	chrMT:2620:G/A	chrMT:2652:G/A	chrMT:2673:G/A	chrMT:2730:A/G	chrMT:2943:G/A	chrMT:3022:G/A	chrMT:3244:G/A	chrMT:3344:T/C	chrMT:3749:T/C	chrMT:4069:T/C	chrMT:4482:G/A	chrMT:4719:T/C	chrMT:4969:G/A	chrMT:5925:T/C	chrMT:6016:G/A	chrMT:6253:T/C	chrMT:6868:G/A	chrMT:9055:G/A	chrMT:9117:T/C	chrMT:9133:G/A	chrMT:9838:G/A	chrMT:9850:T/C	chrMT:10320:G/A	chrMT:10372:A/G	chrMT:10408:T/C	chrMT:11150:G/A	chrMT:11423:G/A	chrMT:11585:T/C	chrMT:11840:C/T	chrMT:12308:A/G	chrMT:12476:G/A	chrMT:12733:A/G	chrMT:12878:G/A	chrMT:12908:T/C	chrMT:13269:A/G	chrMT:13412:T/C	chrMT:13434:A/G	chrMT:13487:C/T	chrMT:13604:G/A	chrMT:14070:A/G	chrMT:14798:T/C	chrMT:14869:G/A	chrMT:16311:T/C	depth
SRR5353953	28	0	16	0	1	0	0	0	0	0	0	0	0	0	0	4	0	0	0	0	0	0	0	0	0	2	0	0	32	0	43	0	0	0	0	0	0	0	0	0	0	36	38	0	0	0	0	0	0	0	0	0	0	29	0	28	30.25
SRR5353954	77	0	60	0	20	0	0	0	25	0	0	0	0	0	0	0	0	0	0	0	0	0	0	0	0	0	0	0	0	0	136	0	0	0	0	0	0	1	0	0	0	127	113	0	19	0	0	0	0	0	0	0	0	75	0	125	101.71
SRR5353955	113	0	98	0	52	0	0	0	0	0	0	0	0	0	0	0	0	0	0	0	0	0	0	0	0	0	15	0	0	0	226	0	0	0	0	0	0	0	0	0	0	231	178	0	0	0	0	0	0	0	0	0	0	142	0	213	186.43
SRR5353956	51	0	58	0	0	0	0	0	0	0	0	0	0	95	0	0	0	0	0	0	0	0	0	0	0	0	0	0	0	0	103	0	0	0	0	0	0	0	0	0	0	106	92	0	0	0	0	0	0	0	3	0	0	84	0	84	93.21
SRR5353957	83	0	78	0	43	0	1	0	0	0	0	0	0	0	0	0	0	0	0	0	0	0	0	0	0	0	1	0	0	0	158	0	0	0	0	0	0	0	0	0	1	148	139	0	0	0	0	1	0	0	0	0	0	90	0	134	124.81
SRR5353958	81	0	62	0	2	0	0	0	0	0	0	0	0	0	0	0	0	0	0	0	0	0	0	0	0	0	1	0	0	0	123	0	0	0	0	0	0	2	0	0	0	149	129	0	4	0	0	0	0	0	1	0	0	71	0	126	114.54
SRR5353959	112	0	92	2	0	0	0	0	0	0	0	0	0	0	0	0	0	0	0	0	0	0	0	0	0	0	0	0	0	0	184	0	0	0	0	0	0	108	0	0	0	211	173	0	0	0	0	0	0	0	0	0	0	124	0	159	154.95
SRR5353960	98	0	76	1	84	0	0	0	0	0	0	0	0	0	0	0	0	0	0	0	0	0	0	0	0	2	0	0	0	1	142	0	0	0	0	0	0	0	0	0	0	164	146	0	0	0	0	0	0	0	0	0	0	85	0	148	124.85
SRR5353961	97	0	88	0	0	0	0	0	0	0	0	0	0	0	0	0	0	0	0	0	0	0	0	0	0	0	0	0	0	0	185	0	0	0	0	0	0	0	0	0	0	162	163	0	0	0	0	0	0	0	0	0	0	84	0	138	130.01
SRR5353962	153	0	86	0	0	0	0	0	0	0	0	26	0	0	0	0	0	0	63	0	0	0	1	0	0	0	9	0	0	0	186	0	0	0	1	0	0	0	0	0	0	195	194	0	0	0	0	0	0	1	31	0	0	125	0	184	167.02
SRR5353963	77	0	68	0	0	0	0	0	0	0	0	0	0	0	0	0	0	0	0	0	0	0	0	0	0	0	0	0	0	0	151	0	0	0	0	0	0	0	0	0	0	144	150	0	0	0	0	1	0	0	0	0	0	88	1	135	120.75
SRR5353964	12	0	13	0	2	0	0	0	0	0	0	0	0	0	0	0	0	0	0	0	0	0	0	0	0	1	0	0	0	0	15	0	0	0	0	0	0	0	0	0	0	12	14	0	0	0	0	0	0	0	0	0	0	15	0	17	14.06
SRR5353965	152	0	88	2	75	0	0	0	0	0	0	0	0	0	0	0	0	0	0	0	0	0	0	0	0	0	0	0	0	0	242	0	0	0	0	0	0	0	0	0	0	242	193	0	0	0	0	0	0	0	0	0	0	153	0	175	184.58
SRR5353966	76	0	58	1	0	0	0	0	0	0	0	0	0	0	0	0	0	0	0	0	0	0	0	0	0	0	7	0	0	0	103	0	0	0	0	0	0	0	0	0	0	103	96	0	0	0	0	0	0	0	1	0	0	53	0	90	89.78
SRR5353967	155	0	85	1	0	0	0	0	0	0	0	0	0	0	0	0	0	0	0	0	0	0	0	0	0	0	0	0	0	0	145	0	0	0	0	0	0	0	0	1	1	162	164	0	0	0	0	0	1	0	0	0	0	118	0	138	138.23
SRR5353968	95	0	44	0	1	0	116	0	0	0	0	0	0	0	0	0	0	0	0	0	0	0	0	0	0	0	18	0	0	0	141	0	0	0	0	0	0	0	0	0	0	173	153	0	0	0	0	86	0	0	103	0	0	124	0	152	136.65
SRR5353969	124	0	72	0	103	0	0	0	0	0	0	0	0	0	0	0	0	0	0	0	0	0	0	0	0	1	0	0	0	0	180	0	0	0	0	0	0	0	0	0	0	199	148	0	0	0	0	0	0	0	0	0	1	107	0	170	140.08
SRR5353970	22	0	26	0	12	0	0	0	0	0	0	0	0	0	0	0	0	0	0	0	0	0	0	0	0	0	0	0	0	0	22	0	0	0	0	0	0	0	0	0	0	24	31	0	0	0	0	0	0	0	0	0	0	11	0	32	25.72
SRR5353971	97	0	75	0	0	0	0	0	0	0	0	0	0	0	0	0	1	0	0	0	0	0	99	0	0	0	1	0	0	0	149	0	0	0	0	0	0	0	0	0	0	178	147	0	0	0	1	0	0	0	0	0	0	123	0	156	129.32
SRR5353972	15	0	20	1	0	0	0	0	0	0	0	0	0	0	0	0	1	0	0	0	0	0	0	0	0	0	0	0	0	0	11	0	0	0	0	0	0	0	0	0	0	19	14	0	0	0	0	0	0	0	0	0	0	18	0	16	15.9
SRR5353973	65	0	67	1	0	0	0	0	0	0	0	0	0	0	0	0	0	0	0	0	0	0	0	0	7	0	0	0	0	0	65	0	0	0	0	0	0	0	0	0	0	77	92	0	0	0	0	0	0	0	0	0	0	66	0	80	71.55
SRR5353974	9	0	22	0	11	0	1	0	0	0	0	0	0	0	0	0	0	0	0	0	0	0	0	0	0	0	1	0	0	0	28	0	0	0	0	0	0	0	0	0	0	28	16	0	0	0	0	0	0	0	0	0	0	23	0	31	27.86
SRR5353975	122	0	82	0	28	1	0	0	0	0	0	0	0	0	0	0	0	0	0	0	0	0	0	0	0	26	0	0	0	0	272	0	0	0	1	0	0	0	0	0	0	285	219	0	0	0	0	0	0	0	0	0	0	181	0	242	205.68
SRR5353976	59	0	62	0	7	0	0	0	0	0	0	0	0	0	0	0	0	0	0	0	0	0	0	0	0	0	20	0	0	0	116	0	0	0	0	0	0	0	0	0	0	134	120	0	0	0	0	0	0	0	4	0	0	115	0	116	117.03
SRR5353977	59	0	43	0	33	0	0	0	0	0	0	0	0	0	0	0	1	0	0	0	0	0	0	0	0	26	0	0	0	0	93	0	0	0	0	0	0	0	0	0	0	95	86	0	0	0	0	0	0	0	0	0	0	64	0	94	72.35
SRR5353978	58	0	56	0	0	0	0	0	0	0	0	0	0	0	0	0	1	0	0	0	0	0	0	0	0	0	0	0	0	0	115	0	0	0	0	0	0	0	0	0	0	115	126	0	0	0	0	0	0	0	0	0	0	61	0	101	96.85
SRR5353979	89	0	69	0	0	0	0	0	0	0	0	0	0	0	0	0	0	0	0	0	0	0	0	0	0	0	0	0	0	0	127	0	0	0	0	0	0	0	0	0	0	174	134	0	0	0	0	0	0	0	0	0	0	112	0	137	124.72
SRR5353980	18	0	24	0	4	0	0	0	0	0	0	0	0	0	0	0	0	0	0	0	0	1	0	0	0	0	0	0	0	0	15	0	0	0	0	0	0	0	0	0	0	19	21	0	0	0	0	0	0	0	0	0	0	12	0	23	20.52
SRR5353981	172	0	159	0	4	0	0	0	0	0	0	0	0	0	45	0	0	0	0	18	10	1	0	0	0	0	0	0	0	0	295	0	30	22	0	0	0	0	0	0	0	293	253	0	0	0	0	0	0	0	0	0	0	172	0	302	251.04
SRR5353982	104	0	75	0	17	0	0	0	0	0	0	1	0	0	0	0	0	0	0	0	0	4	0	0	0	0	0	0	0	0	132	0	0	0	0	0	0	0	0	0	0	167	134	0	65	0	0	0	0	0	0	0	0	86	0	151	124.04
SRR5353983	103	0	111	0	0	0	0	0	0	0	0	0	0	0	0	0	1	0	0	0	0	0	0	0	0	0	0	0	0	0	165	0	0	0	1	0	0	0	0	0	0	208	189	0	0	0	0	0	0	0	0	0	0	139	0	174	157.99
SRR5353984	50	0	48	0	19	0	0	0	0	0	64	0	0	0	0	0	0	0	0	0	0	0	0	0	0	0	0	0	0	0	98	0	0	0	1	0	0	0	0	0	0	134	134	0	0	0	0	0	0	0	2	0	0	59	0	92	88.8
SRR5353985	160	0	118	0	0	0	0	0	0	0	0	0	0	0	0	0	4	0	0	0	0	0	0	1	0	0	0	0	0	0	261	0	0	2	1	0	0	0	0	0	0	244	226	0	0	0	29	0	0	0	0	0	0	164	0	185	203.31
SRR5353986	57	2	45	0	2	0	0	0	0	0	0	0	0	0	0	0	0	0	0	0	0	3	0	0	0	0	0	0	0	0	83	2	0	0	0	0	0	0	0	0	0	76	67	0	0	0	0	0	0	0	0	0	0	38	0	49	63.59
SRR5353987	82	0	66	0	3	0	0	0	0	0	0	0	0	0	0	0	0	0	0	0	0	4	0	0	0	0	0	0	0	0	174	1	0	0	0	0	0	0	0	0	0	179	119	0	0	0	0	0	0	0	0	0	0	121	0	141	129.48
SRR5353988	18	0	22	0	1	0	0	0	0	0	0	0	0	0	0	0	0	0	0	0	0	2	0	0	0	6	0	0	0	0	39	3	0	0	0	0	0	0	5	0	0	48	30	0	0	0	0	0	0	0	0	0	0	20	0	21	31.12
SRR5353989	170	0	127	0	70	0	0	0	0	0	0	0	0	0	0	0	0	0	0	0	0	0	0	0	0	0	4	36	1	0	285	0	0	0	1	0	0	0	0	0	0	293	274	0	0	0	0	0	0	0	8	1	0	181	0	234	223.81
SRR5353990	63	0	50	0	56	0	0	0	0	0	0	0	0	0	0	0	0	0	0	1	0	0	0	0	0	0	0	0	0	0	98	0	0	0	1	0	0	0	0	0	0	146	104	0	16	0	0	0	0	0	0	0	0	58	0	110	96.29
SRR5353991	79	0	71	0	0	0	0	0	0	0	0	0	0	0	0	0	0	0	0	0	0	0	0	0	0	0	0	2	0	0	167	0	0	0	0	0	0	0	0	0	0	190	164	0	0	0	0	0	0	0	0	0	0	110	0	127	141.49
SRR5353992	98	8	66	0	116	1	0	0	0	0	0	0	0	0	0	0	0	0	0	0	0	3	0	0	0	0	0	0	0	0	181	6	0	0	0	0	0	0	0	0	0	160	136	14	1	0	0	0	18	0	0	0	0	110	0	166	137.6
SRR5353993	80	0	61	0	0	0	0	0	1	0	0	0	0	0	0	0	0	0	0	0	0	0	0	0	0	0	0	0	0	0	105	2	0	0	0	0	0	0	0	0	0	151	115	0	0	0	0	0	0	0	0	0	0	86	0	116	99.02
SRR5353994	65	0	62	0	56	0	0	0	0	0	0	0	0	0	0	0	0	0	0	0	0	0	0	0	0	0	4	0	0	0	157	3	0	0	0	0	0	0	0	0	0	146	169	0	1	0	0	0	0	0	18	0	0	88	0	107	119.02
SRR5353995	16	0	18	0	2	0	0	0	0	0	0	0	0	0	0	0	0	0	0	0	0	0	0	0	0	0	0	0	0	0	23	0	0	0	1	0	0	0	0	0	0	19	29	0	0	0	0	0	0	0	0	1	0	16	0	23	19.2
SRR5353996	95	0	66	17	1	0	0	0	0	0	0	0	0	0	0	0	0	0	0	0	0	0	0	0	0	0	0	0	0	0	134	0	0	0	1	0	0	0	0	0	0	161	159	0	0	0	0	0	0	0	0	0	0	98	0	122	128.86
SRR5353997	39	0	28	0	2	0	0	0	0	0	0	0	0	0	0	0	0	0	0	0	1	0	0	0	0	0	0	0	0	0	59	0	0	0	1	0	0	0	0	0	0	49	53	0	0	0	0	0	0	0	0	0	0	20	0	43	42.72
SRR5353998	109	0	94	0	35	0	0	0	0	0	0	0	0	0	0	0	0	0	0	0	0	0	0	0	0	0	0	0	0	0	181	1	0	0	0	0	0	0	0	0	0	168	162	0	0	0	0	0	0	0	1	0	0	98	0	146	140.43
SRR5353999	56	0	60	0	0	0	0	0	0	0	0	0	0	0	0	0	0	0	0	0	0	116	0	0	0	0	0	0	0	0	132	0	0	0	0	0	0	0	0	0	0	150	102	0	0	0	0	0	0	1	0	0	0	88	0	105	101.63
SRR5354000	6	0	14	0	0	0	0	0	0	0	0	0	0	0	0	0	0	0	0	0	0	0	0	0	0	0	1	0	0	0	12	0	0	0	0	0	0	0	2	0	0	24	13	0	0	0	0	0	0	0	0	0	0	11	0	17	13.21
SRR5354001	67	0	71	0	58	0	0	0	0	0	0	0	0	0	0	0	0	0	0	0	1	0	0	0	0	0	0	0	0	0	144	0	0	0	0	0	0	0	0	0	0	157	112	0	0	0	0	1	0	0	0	0	0	100	0	114	117.74
SRR5354002	42	0	40	0	0	0	0	0	0	0	0	0	0	0	0	0	0	0	0	0	2	0	0	0	0	0	0	0	0	0	80	0	0	0	0	0	0	0	0	0	0	78	74	0	0	0	0	0	0	0	0	1	0	41	0	65	57.25
SRR5354003	95	0	97	0	3	0	0	0	0	0	0	0	3	0	0	0	71	0	0	0	0	0	0	0	0	0	0	0	0	0	176	0	0	0	1	0	0	0	0	0	0	220	153	0	0	0	0	0	0	0	0	1	0	130	0	145	159.98
SRR5354004	89	0	57	0	3	0	0	1	0	0	0	0	0	0	0	0	0	3	0	0	1	0	0	0	0	0	2	0	0	0	124	1	0	0	0	0	0	0	0	1	0	153	133	0	4	0	0	0	0	5	21	0	0	96	0	106	123.03
SRR5354005	87	0	82	0	106	0	0	0	0	0	0	0	0	0	0	0	0	1	0	0	1	0	0	0	0	20	0	0	0	0	127	0	0	0	0	42	0	0	0	0	0	154	123	0	1	0	0	0	0	3	0	0	0	55	0	132	106.39
SRR5354006	115	0	111	0	0	0	0	0	0	0	0	0	0	0	0	0	0	1	0	0	0	0	0	0	0	0	1	0	0	0	158	66	0	0	0	0	0	0	0	0	0	182	140	0	0	0	0	0	0	1	0	0	0	131	0	156	131.26
SRR5354007	51	0	51	0	3	0	0	0	0	0	0	0	2	0	0	0	1	0	0	0	1	0	0	0	0	0	0	0	0	0	137	0	0	0	0	0	0	0	0	1	0	141	98	0	0	0	0	0	0	0	0	1	0	73	0	99	95.84
SRR5354008	23	0	15	0	2	11	1	0	0	0	0	0	0	0	0	0	0	0	0	0	0	0	0	0	0	0	0	0	0	0	17	0	0	0	0	0	0	0	0	0	0	35	30	0	0	0	0	0	0	0	0	0	0	19	0	30	25.7
SRR5354009	149	0	136	0	0	0	0	0	0	0	0	0	1	0	0	0	0	0	0	0	0	0	0	0	0	0	0	0	0	0	297	0	0	0	30	0	0	0	0	0	0	317	273	0	1	0	0	0	0	0	0	0	0	208	0	225	253.59
SRR5354010	74	0	69	0	5	0	0	0	0	0	0	0	0	0	0	0	0	0	0	0	1	0	0	0	0	0	0	0	0	0	93	0	0	0	0	0	0	0	0	0	0	144	110	0	1	0	0	0	0	77	0	0	0	79	0	94	97.91
SRR5354011	71	0	78	0	31	0	0	0	0	27	0	0	0	0	0	0	0	3	0	0	0	0	0	0	0	17	0	0	0	0	115	0	0	0	0	0	0	0	0	0	0	127	93	0	2	0	0	0	0	0	1	0	0	74	0	110	90.15
SRR5354012	23	0	29	0	9	0	0	0	0	0	0	0	0	0	0	0	0	3	0	0	1	0	0	0	0	0	1	0	0	0	25	0	0	0	0	0	0	0	0	0	0	32	31	0	1	0	0	0	0	3	0	0	0	11	0	33	24.44
SRR5354013	19	0	10	0	6	0	0	0	0	0	0	0	1	0	0	0	0	0	0	0	0	0	0	0	0	0	0	0	0	0	17	0	0	0	1	0	0	0	0	0	0	32	24	0	0	0	0	0	0	0	0	0	0	16	0	18	20.85
SRR5354014	2	0	3	0	0	0	0	0	0	0	0	0	0	0	0	0	0	0	0	0	1	0	0	0	0	0	0	0	0	0	5	0	0	0	0	0	0	0	0	0	0	9	8	0	0	1	0	0	0	0	0	0	0	7	0	5	5.43
SRR5354015	81	0	52	0	60	0	0	0	0	0	0	0	2	0	0	0	0	0	0	0	0	0	0	0	0	0	0	0	0	0	123	0	0	0	0	0	0	0	0	0	0	152	130	0	0	0	0	0	0	0	0	0	0	84	0	129	107.92
SRR5354016	335	0	243	0	22	0	25	0	0	0	0	0	0	0	0	0	0	0	0	0	0	0	0	0	0	0	31	0	0	0	476	0	0	0	0	0	0	0	0	0	0	515	490	0	1	0	0	0	0	0	20	0	0	376	0	494	420.37
SRR5354017	192	0	173	0	20	0	0	0	0	1	0	0	0	0	0	0	0	0	0	0	0	0	0	0	0	0	4	0	0	0	284	0	0	0	0	0	0	0	0	68	0	303	277	0	0	0	0	0	0	0	0	0	0	213	0	276	250.11
SRR5354018	149	0	141	0	55	0	0	0	0	0	0	0	0	0	0	0	0	21	0	0	0	0	2	0	0	0	0	0	0	0	199	0	0	0	0	0	0	0	0	0	0	267	194	0	26	0	0	0	0	0	1	0	0	141	0	207	194.77
SRR5354019	14	0	16	0	0	0	0	0	0	0	0	0	0	0	0	0	0	0	0	0	0	0	0	0	0	0	0	0	0	0	17	0	0	0	0	0	0	0	0	0	0	29	17	0	0	0	0	0	0	0	0	0	0	8	0	17	15.82
SRR5354020	143	0	100	0	73	0	0	0	0	0	0	0	0	0	0	0	0	0	0	0	64	0	0	0	0	0	0	0	0	0	249	0	0	0	0	0	0	0	0	0	0	279	217	0	0	0	0	0	0	0	0	50	0	132	0	211	197.55
SRR5354021	86	0	64	0	0	0	0	0	0	0	0	0	66	0	0	0	0	0	0	0	0	0	0	0	0	0	0	0	0	0	154	0	0	0	0	0	0	0	0	0	0	180	158	0	0	0	0	0	0	0	0	0	0	111	0	126	124.53
SRR5354022	72	0	64	0	2	0	1	0	0	0	0	0	0	0	0	0	0	0	0	16	0	0	0	0	0	0	0	0	0	0	180	0	0	0	0	0	0	0	0	0	0	177	177	0	1	0	0	0	0	2	24	0	0	100	0	168	144.9
SRR5354023	111	0	97	0	34	0	0	0	0	0	0	0	0	0	0	0	0	0	0	0	0	0	0	30	0	0	0	0	0	0	170	0	0	0	0	0	0	0	0	0	1	208	155	0	0	0	0	0	0	0	0	0	0	116	0	175	146.77
SRR5354024	0	0	0	0	0	0	0	0	0	0	0	0	0	0	0	0	0	0	0	0	0	0	0	0	0	0	0	0	0	0	0	0	0	0	0	0	0	0	0	0	0	0	0	0	0	0	0	0	0	0	0	0	0	0	0	0	1.24
SRR5354025	104	0	70	0	7	0	0	0	0	0	0	0	0	0	0	0	0	0	0	0	0	0	0	0	0	0	0	0	0	0	156	0	0	0	0	0	0	0	0	0	0	153	140	0	0	0	0	0	0	0	0	0	0	92	0	106	120.29
SRR5354026	10	0	15	0	0	0	0	0	0	0	0	0	0	0	0	0	0	0	0	0	0	0	0	0	0	0	0	0	0	0	16	0	0	0	0	0	0	0	0	0	0	30	26	0	0	0	0	0	0	0	0	0	0	14	0	16	18.8
SRR5354027	105	0	85	0	0	0	0	0	0	0	0	0	0	0	0	0	0	0	0	0	0	0	0	0	0	0	0	0	0	0	138	0	0	0	0	0	0	0	0	0	0	155	116	0	0	0	0	0	0	0	0	0	0	112	0	126	128.85
SRR5354028	26	0	16	0	0	0	0	0	0	0	0	0	0	0	0	0	0	0	0	0	0	0	0	0	0	0	0	0	0	0	29	0	0	0	0	0	0	0	0	0	0	25	34	0	0	0	0	0	0	0	0	0	0	24	0	26	24.41
SRR5354029	17	0	20	0	0	0	0	1	0	0	0	0	0	0	0	0	0	0	0	0	0	0	0	0	0	0	0	0	0	0	23	0	0	0	0	0	0	0	0	0	0	23	11	0	0	0	0	0	0	0	0	0	0	20	0	13	14.79
SRR5354030	59	0	47	0	0	0	0	0	0	0	0	1	0	0	0	0	0	0	0	0	0	0	0	0	0	0	0	0	0	0	93	0	0	0	0	0	0	0	0	0	0	116	116	0	17	0	0	0	0	0	0	0	0	77	0	96	89.37
SRR5354031	78	0	70	0	0	0	0	0	0	0	0	0	0	0	0	0	0	0	0	0	0	0	0	0	0	0	0	0	0	0	125	0	0	0	0	0	0	0	0	0	0	128	120	0	0	0	0	0	0	0	0	0	0	75	0	122	98.59
SRR5354032	84	0	74	0	48	0	0	0	0	0	0	0	0	0	0	0	0	0	0	0	0	0	0	0	0	0	0	0	0	0	88	0	0	0	0	0	0	0	0	0	0	114	136	0	0	0	0	0	0	0	0	0	0	74	0	106	96.34
SRR5354033	48	0	50	0	22	0	0	0	0	0	0	0	0	0	0	0	0	0	0	0	0	0	0	0	0	0	0	0	0	0	104	0	0	0	0	0	0	0	0	0	0	112	119	0	0	0	0	0	0	0	0	0	0	70	0	90	92.34
SRR5354034	67	0	42	0	0	0	0	0	0	0	0	0	0	0	0	0	0	0	0	0	1	0	0	0	0	0	0	0	0	0	135	0	0	0	0	0	0	0	0	1	0	165	131	0	0	0	0	0	0	0	0	0	0	96	0	109	108.75
SRR5354035	64	0	68	0	0	0	0	2	0	0	0	0	0	0	0	0	0	0	0	0	0	0	0	0	0	0	0	0	0	0	92	0	0	0	0	0	0	0	0	0	0	132	102	0	0	0	0	0	0	0	0	0	0	78	0	100	87.52
SRR5354036	62	0	52	0	1	0	2	0	0	0	0	0	0	0	0	0	0	0	0	0	0	0	0	0	0	0	0	0	0	14	93	0	0	0	0	0	0	0	0	0	45	102	113	0	0	1	0	1	0	0	1	0	0	65	0	82	82.76
SRR5354037	85	0	95	0	0	0	47	0	0	0	0	0	0	0	0	0	0	0	0	28	0	0	0	0	0	0	19	0	0	0	111	0	0	0	0	0	0	0	0	0	0	132	110	0	0	0	0	0	0	0	43	0	0	86	0	108	99.63
SRR5354038	90	0	68	0	0	0	0	0	0	0	0	0	0	0	0	0	0	0	0	0	0	0	0	0	0	0	1	0	0	0	114	0	0	0	0	0	0	0	0	0	0	166	152	0	0	0	0	0	0	0	0	0	0	130	0	152	124.26
SRR5354039	252	0	147	0	0	0	0	0	0	0	0	0	0	0	0	0	0	0	0	0	0	0	0	2	0	0	0	1	0	0	388	0	0	0	0	0	0	0	0	0	0	391	321	0	0	142	0	0	0	0	0	1	0	277	112	336	306.55
SRR5354040	5	0	2	0	0	0	1	0	0	0	0	0	0	0	0	0	0	0	0	0	0	0	0	0	0	0	0	0	0	0	3	0	0	0	0	0	0	0	0	0	0	4	2	0	0	0	0	0	0	0	0	0	0	1	0	2	3.76
SRR5354041	7	0	7	0	9	0	0	0	0	0	0	0	0	0	0	0	0	0	0	0	0	0	0	0	0	0	0	0	0	0	14	0	0	0	0	0	0	0	0	0	0	16	8	0	1	0	0	0	0	0	0	0	0	6	0	25	13.73
SRR5354042	91	0	57	0	0	0	0	118	0	0	0	0	0	0	0	0	0	0	0	0	0	0	0	0	0	0	0	0	0	0	152	0	0	0	0	0	0	0	0	0	0	168	162	0	0	0	0	0	0	0	0	0	0	105	0	127	129.58
SRR5354043	44	0	36	0	0	0	0	0	0	0	0	0	0	0	0	0	0	0	0	0	0	0	0	0	0	0	0	0	0	0	88	0	0	0	0	0	11	0	0	0	0	92	100	0	0	0	0	0	0	0	0	0	10	70	0	88	81.73
SRR5354044	65	0	45	0	0	0	53	0	0	0	0	0	0	0	0	0	0	0	0	0	0	0	0	0	0	0	17	0	0	0	111	0	0	0	0	0	0	0	0	0	0	123	114	0	0	0	0	0	0	0	50	0	0	69	0	96	99.24
SRR5354045	93	0	67	0	0	0	0	0	0	0	0	0	0	0	0	0	0	0	0	0	0	0	0	0	0	0	31	0	0	0	174	0	0	0	0	0	0	0	0	0	0	175	133	0	0	1	0	0	0	0	0	0	0	108	1	152	132.02
SRR5354046	3	0	0	2	0	0	0	0	0	0	0	0	0	0	0	0	0	0	0	0	0	0	0	0	0	0	0	0	0	0	2	0	0	0	0	0	0	0	0	0	0	2	1	0	0	0	0	0	0	0	0	0	0	3	0	4	3.7
SRR5354047	2	0	2	0	0	0	0	1	0	0	0	0	0	0	0	0	0	0	0	0	0	0	0	0	0	0	0	0	0	0	4	0	0	0	0	0	0	0	0	0	0	2	1	0	0	0	0	0	0	0	0	0	0	1	0	2	1.96
SRR5354048	109	0	81	0	0	0	0	2	0	0	0	0	0	0	0	0	0	0	0	3	0	0	0	0	0	0	0	0	0	0	156	0	0	0	0	0	0	0	0	0	0	192	196	0	0	0	0	0	0	0	0	0	0	110	0	147	142.13
