cells	chrMT:73:A/G	chrMT:146:T/C	chrMT:150:C/T	chrMT:234:A/G	chrMT:456:C/T	chrMT:769:G/A	chrMT:1018:G/A	chrMT:1350:G/A	chrMT:1872:T/C	chrMT:2148:A/G	chrMT:2332:C/T	chrMT:2487:A/G	chrMT:2706:A/G	chrMT:2871:T/C	chrMT:2943:G/A	chrMT:3003:A/G	chrMT:3460:G/A	chrMT:3693:G/A	chrMT:3918:G/A	chrMT:4720:G/A	chrMT:5026:A/C	chrMT:5043:G/A	chrMT:5122:T/C	chrMT:5418:T/C	chrMT:6170:C/T	chrMT:6724:T/C	chrMT:6932:A/G	chrMT:7698:T/C	chrMT:8005:T/C	chrMT:8672:T/C	chrMT:8701:A/G	chrMT:9221:A/G	chrMT:9554:G/A	chrMT:9694:T/C	chrMT:9907:G/A	chrMT:10345:T/C	chrMT:10626:T/C	chrMT:10695:G/A	chrMT:10873:T/C	chrMT:11124:T/C	chrMT:11696:G/A	chrMT:11721:T/C	chrMT:12150:T/C	chrMT:12351:T/C	chrMT:12899:G/A	chrMT:13350:A/G	chrMT:13454:T/C	chrMT:13650:C/T	chrMT:13676:A/G	chrMT:13945:A/G	chrMT:13957:G/A	chrMT:14302:T/C	chrMT:14311:T/C	chrMT:14831:G/A	chrMT:15301:G/A	chrMT:15458:T/C	chrMT:15617:G/A	chrMT:15670:T/C	chrMT:15777:G/C	chrMT:16129:G/A	chrMT:16263:T/C	chrMT:16300:A/G	chrMT:16311:T/C	chrMT:16390:G/A	chrMT:16519:T/C	depth
SRR5353857	1	1	1	0	1	1	1	0	0	0	1	0	1	0	0	0	0	1	0	0	0	0	0	0	0	0	0	0	0	0	1	1	0	0	0	0	0	0	1	0	0	0	0	0	0	0	0	1	0	0	0	0	0	0	1	1	0	0	1	1	0	1	0	1	1	4.85
SRR5353858	1	1	1	0	1	1	1	0	0	0	1	0.015625	1	0	0	0	0	1	0	0	0	0	0	0	0	0	0	0	0	0	1	1	1	0	0	0	0	0	1	0	0	0	0	0	0	0	0	1	0	0	0	0	0	0	0.981132075471698	1	0	0	1	1	0	1	0	1	1	53.72
SRR5353859	0	0	0	0	1	0	0	0	0	0	0	0	0	0	0	0	0	0	0	0	0	0	0	0	0	0	0	0	0	0	0	0	0	0	0	0	0	0	0	0	0	0	0	0	0	0	0	0	0	0	0	0	0	0	0	0	0	0	0	0	0	0	0	0	0	1.19
SRR5353860	0	0	0	0	0	0	0	0	0	0	0	0	0	0	0	0	0	0	0	0	0	0	0	0	0	0	0	0	0	0	0	0	0	0	0	0	0	0	0	0	0	0	0	0	0	0	0	0	0	0	0	0	0	0	0	0	0	0	0	0	0	0	0	0	0	1.19
SRR5353861	1	1	1	0	1	1	1	0	0	0	1	0	1	0	0	0	0	1	0	0	0	0	0	0	0	0	0	0	0	0	1	1	1	0	0	0	0	0	1	0	0	0	0	0	0.155844155844156	0	0	1	0	0	0	0	0	0	1	1	0	0	1	1	0.0363636363636364	1	0	1	1	53.24
SRR5353862	1	1	1	0	1	1	1	0	0	0	1	0	1	0	0	0	0.105263157894737	1	0	0	0	0	0	0	0	0	0	0	0	0	1	1	1	0	0	0	0	0	1	0	0	0	0	0	0	0	0	1	0	0	0	0	0	0	1	1	0	0	1	1	0	1	0.333333333333333	1	1	3.4421
SRR5353863	1	1	1	0	1	1	1	0	0	0	1	0	1	0	0	0	0	1	0	0	0	0	0	0	0	0.0444444444444444	0	0	0	0	1	1	1	0	0.0196078431372549	0	0	0	1	0	0	0	0	0	0	0	0	1	0	0	0	0	0	0	1	1	0	0	1	0.96	0	1	0	1	1	56.43
SRR5353864	1	1	1	0	1	1	1	0	0	0	1	0	1	0	0	0	0	1	0	0	0	0	0	0	0	0	0	0	0	0	1	1	1	0	0.0444444444444444	0	0	0	1	0	0	0	0	0	0	0	0	1	0	0	0	0	0	0	1	1	0	0	1	1	0	1	0	0.985074626865672	1	52.09
SRR5353865	1	1	1	0	1	1	1	0	0	0	1	0	1	0	0	0.0217391304347826	0	1	0	0	0	0	0	0	0	0	0	0	0	0	1	1	1	0	0.0307692307692308	0	0	0	1	0	0	0	0	0	0	0	0	1	0	0.565789473684211	0	0	0	0	0.986111111111111	1	0	0	1	1	0	0.985507246376812	0	1	1	70.01
SRR5353866	1	1	1	0	1	1	1	0	0	0	1	0	1	0	0	0	0	1	0	0	0	0	0	0	0	0	0	0	0	0	1	1	1	0	0	0	0	0	1	0	0	0	0	0	0	0	0	1	0	0	0	0	0	0	1	1	0	0	1	1	0	1	0	1	1	53.25
SRR5353867	1	1	1	0	1	1	1	0	0	0.227272727272727	1	0	1	0	0	0	0	1	0	0	0	0	0	0	0	0	0	0	0	0	1	1	1	0	0	0	0	0	1	0	0	0	0	0	0	0	0.217391304347826	1	0	0	0	0	0	0	1	1	0	0	1	1	0	1	0	1	1	46.58
SRR5353868	1	1	1	0	1	1	1	0	0	0	1	0	1	0	0	0	0	1	0	0	0	0	0	0	0	0	0	0	0	0	1	1	1	0	0	0	0	0	0	0	0	0	0	0	0	0	0	0	0	0	0	0	0	0	1	1	0	0	1	0	0	0	0	1	1	2.92
SRR5353869	1	1	1	0	1	1	1	0	0	0	1	0	1	0	0	0	0	1	0	0	0	0	0	0	0	0	0	0	0	0	1	1	0.954545454545455	0	0	0	0	0.150943396226415	1	0	0	0	0	0	0	0	0	0.993150684931507	0	0	0	0	0	0	0.994047619047619	1	0	0	1	0.972972972972973	0	1	0	1	1	136.27
SRR5353870	1	1	1	0	1	1	1	0	0	0	1	0	1	0	0	0	0	1	0	0	0	0	0	0	0	0	0	0	0	0	1	1	1	0	0	0	0	0	1	0	0	0	0	0	0	0	0	1	0	0	0.0476190476190476	0	0	0	1	1	0	0	1	1	0	1	0	1	1	22.81
SRR5353871	1	1	1	0	1	1	1	0	0	0	1	0	1	0	0	0	0	1	0	0	0	0	0	0	0	0	0	0	0	0	1	1	1	0	0	0	0	0	1	0	0	0	0	0	0	0	0	1	0	0	0	0	0	0	1	1	0	0	1	1	0	1	0	1	1	16.57
SRR5353872	1	1	1	0	1	1	1	0	0	0	0.981818181818182	0	1	0	0	0	0.0119047619047619	1	0	0	0	0	0	0	0	0	0	0	0	0	1	1	1	0	0	0	0	0	1	0	0	0	0.0192307692307692	0	0	0	0	0.979166666666667	0	0	0	0	0	0	0.974683544303797	1	0	0	1	1	0	1	0	1	1	46.99
SRR5353873	1	1	1	0	1	1	1	0	0	0	1	0	1	0	0	0	0	1	0	0	0	0	0	0	0	0	0	0	0	0	1	1	1	0	0	0	0	0	1	0	0	0	0	0	0	0	0	1	0	0	0	0	0	0	1	1	0	0	1	1	0	1	0	1	1	56.26
SRR5353874	1	1	1	0	1	1	1	0	0	0	1	0	1	0	0	0	0	1	0	0	0	0	0	0	0	0.004149377593361	0	0	0	0	0.994764397905759	1	0.983870967741935	0	0	0	0	0	1	0	0	0	0.259259259259259	0	0	0	0.00255754475703325	1	0	0	0	0	0	0	1	1	0	0	1	1	0	1	0	1	1	291.85
SRR5353875	1	1	1	0	1	1	1	0	0	0	1	0	1	0	0	0	0	1	0	0.703703703703704	0	0	0	0	0	0	0	0	0	0	1	1	1	0	0	0	0	0	1	0	0.25	0	0	0	0	0	0	1	0	0	0	0	0	0	1	1	0	0	1	1	0	1	0	1	1	63.44
SRR5353876	1	1	1	0	1	1	1	0	0	0	1	0	1	0	0	0	0	1	0	0	0	0	0	0	0	0	0	0	0	0	1	1	1	0	0	0	0	0	1	0	0	0	0	0	0	0	0	1	0	0	0	0	0	0	1	1	0	0	1	1	0	1	0	1	1	83.76
SRR5353877	1	1	1	0	0.984126984126984	1	1	0	0	0	1	0	1	0	0	0	0.735294117647059	1	0	0	0	0	0	0	0	0	0	0	0	0.010989010989011	1	1	1	0	0	0	0	0	1	0	0	0	0	0	0	0	0	0.981818181818182	0	0	0	0	0	0	0.9921875	1	0	0	1	1	0	1	0	1	1	101.48
SRR5353878	1	1	1	0	1	1	1	0	0	0	1	0	1	0	0	0	0	1	0	0	0	0	0	0	0	0	0	0	0	0	1	1	1	0	0	0	0	0	1	0	0	0	0	0	0	0	0	1	0	0	0	0	0	0	1	1	0	0	1	1	0	1	0	1	1	7.13
SRR5353879	0	0	0	0	0	0	0	0	0	0	0	0	0	0	0	0	0	0	0	0	0	0	0	0	0	0	0	0	0	0	1	0	0	0	0	0	0	0	0	0	0	0	0	0	0	0	0	0	0	0	0	0	0	0	0	0	0	0	0	0	0	1	0	1	0	1.67
SRR5353880	1	1	1	0	1	1	1	0	0	0	1	0	1	0	0	0	0	1	0	0	0	0	0	0	0	0	0	0	0	0	1	1	1	0	0	0	0	0	1	0	0	0	0	0	0	0.0158730158730159	0	1	0	0	0	0	0	0	1	1	0	0	1	1	0	1	0	1	1	47.53
SRR5353881	1	1	1	0	1	1	1	0	0	0	1	0	0.994652406417112	0	0	0	0.0103092783505155	1	0	0	0	0	0	0	0	0	0	0	0	0	1	1	0.983606557377049	0	0	0	0	0	1	0	0	0	0	0	0	0	0	1	0	0	0	0	0	0	0.994475138121547	1	0	0	1	1	0.00680272108843537	1	0	0.994252873563218	1	135.82
SRR5353882	1	1	1	0	0.978260869565217	1	1	0	0	0	1	0	1	0.00704225352112676	0	0.00900900900900901	0	1	0.981981981981982	0	0	0	0	0	0	0	0	0	0.625	0	1	1	1	0	0	0	0	0	1	0	0	1	0	0	0	0	0	1	0	0	0	0	0	0	1	1	0	0	1	1	0	1	0	0.991596638655462	1	87.26
SRR5353883	1	1	1	0	1	1	1	0	0	0	1	0	1	0	0	0	0	1	0	0	0	0	0.125	0	0	0	0	0	0	0	1	1	1	0	0	0	0	0	1	0	0	0	0	0	0	0	0	1	0	0	0	0	0	0	0.9875	1	0	0.302631578947368	1	1	0	1	0	1	1	52.96
SRR5353884	1	1	1	0	1	1	1	0	0	0	1	0	1	0	0	0.513513513513513	0	1	0	0	0	0	0	0	0	0	0	0	0	0	1	1	1	0	0	0	0	0	1	0	0	0	0	0	0	0	0	1	0	0	0	0	0	0	0.977272727272727	1	0	0	1	1	0	1	0	1	1	66.19
SRR5353885	1	1	1	0	0	1	0	0	0	0	0	0	1	0	0	0	0	0	0	0	0	0	0	0	0	0	0	0	0	0	0	1	1	0	0	0	0	0	0	0	0	0	0	0	0	0	0	1	0	0	0	0	0	0	0	1	0	0	1	0	0	0	0	1	1	1.84
SRR5353886	1	1	1	0	1	1	1	0	0.0169491525423729	0	1	0	1	0	0	0	0	1	0	0	0	0	0	0	0	0	0	0	0	0	1	1	1	0	0	0	0	0	1	0	0	0	0	0	0	0.124137931034483	0	1	0	0	0	0	0	0	1	1	0	0	1	1	0	1	0	1	1	105.11
SRR5353887	1	1	1	0	1	1	1	0	0	0	1	0	1	0	0	0	0	1	0	0	0	0	0	0	0	0	0	0.141414141414141	0	0	1	1	1	0	0.0121951219512195	0	0	0	1	0	0	0	0	0	0	0	0	1	0	0	0	0	0	0	1	1	0	0	1	1	0	1	0	1	1	98.83
SRR5353888	1	1	1	0	1	1	1	0	0	0	1	0	1	0	0	0	0	1	0	0	0	0	0	0	0	0	0	0	0	0	1	1	0.971428571428571	0	0	0	0	0	1	0	0	0	0	0	0	0	0	1	0	0	0	0	0	0	1	0.990566037735849	0	0	1	1	0.161290322580645	1	0	1	1	89.55
SRR5353889	1	1	1	0	1	1	1	0	0	0	1	0	1	0.142857142857143	0	0	0	1	0	0	0	0	0	0.5	0	0	0	0	0	0	1	1	1	0	0	0	0	0	0	0	0	0	0	0	0	0	0	1	0	0	0	0	0	0	1	0	0	0	1	1	0	1	0	0	0	2.44
SRR5353890	1	1	1	0	1	1	1	0	0	0	1	0	1	0	0	0	0	1	0	0	0	0	0	0	0	0	0	0	0	0	1	1	1	0	0	0	0	0	1	0	0	0	0	0	0	0	0	1	0	0	0	0	0	0	1	1	0	0	1	1	0	1	0	1	1	5.87
SRR5353891	1	1	1	0	1	0.985074626865672	1	0	0	0	1	0	1	0	0	0	0	0.993055555555556	0	0	0	0	0	0	0	0	0	0	0	0	1	1	1	0	0	0	0	0	1	0	0	0	0	0	0	0	0	1	0	0	0	0	0	0	0.994219653179191	1	0	0	1	1	0	1	0	0.993333333333333	1	119.46
SRR5353892	1	1	1	0	1	1	1	0	0	0	1	0	1	0	0	0	0	1	0	0	0	0.0487804878048781	0	0	0	0	0	0	0	0	1	1	1	0	0	0	0	0	1	0	0	0	0	0	0	0	0	1	0	0	0	0	0	0	1	1	0	0	1	1	0	1	0	1	1	24.72
SRR5353893	1	1	1	0	1	0.988636363636364	1	0	0	0	1	0	0.990990990990991	0	0	0	0	1	0	0	0	0	0	0	0	0	0	0	0	0	1	1	1	0	0	0	0	0	1	0	0	0	0	0	0	0	0	1	0	0	0	0	0	0	0.982608695652174	1	0	0	0.989690721649485	1	0	1	0	0.991452991452991	1	88.5
SRR5353894	1	1	1	0	1	1	1	0.0555555555555556	0	0	1	0	1	0	0	0	0	1	0	0	0	0	0	0	0	0	0	0	0	0	1	1	1	0	0	0	0	0	1	0	0	0	0	0	0	0	0	1	0	0	0	0	0	0	1	1	0	0	1	1	0	1	0	1	1	15.77
SRR5353895	1	1	1	0	1	1	1	0	0	0	1	0	1	0	0	0	0	1	0	0	0	0	0	0	0	0	0	0	0	0	1	1	1	0	0	0	0	0	1	0	0	0	0	0	0	0	0	1	0	0	0	0	0	0	1	1	0	0	1	1	0	1	0	1	1	46.58
SRR5353896	1	1	1	0	1	1	1	0	0	0	0.990384615384615	0	0.994186046511628	0	0	0	0	1	0	0	0	0	0	0	0	0	0	0	0	0	1	1	1	0	0	0	0	0	1	0	0	0	0	0	0	0	0	1	0	0	0	0	0	0	0.993506493506494	1	0	0.00460829493087558	1	1	0	1	0	1	1	124.36
SRR5353897	1	1	1	0	1	1	1	0	0	0	1	0	1	0	0	0	0	1	0	0	0	0	0	0	0	0	0	0	0	0	1	1	1	0	0	0	0	0	1	0	0	0	0.08	0	0	0	0	1	0	0	0	0	0	0	1	1	0	0	1	1	0	1	0	1	1	20.37
SRR5353898	1	1	1	0	1	1	1	0	0	0	1	0	1	0	0	0	0	1	0	0	0	0	0	0	0	0	0	0	0	0	1	1	1	0	0	0	0	0	1	0	0	0	0	0	0	0	0	1	0	0	0	0	0	0	1	1	0.018348623853211	0	1	1	0	1	0	0.992647058823529	1	96.06
SRR5353899	1	1	1	0	1	1	1	0	0	0	1	0	1	0	0	0	0	1	0	0	0	0	0	0	0	0	0.935483870967742	0	0	0	1	1	1	0	0	0	0	0	1	0	0	0	0	0	0	0	0	1	0	0	0	0	0	0	1	1	0	0	1	1	0	1	0	0.958333333333333	1	26.44
SRR5353900	1	1	1	0	0	1	1	0	0	0	1	0	1	0	0	0	0	1	0	0	0	0	0	0	0	0	0	0	0	0	1	1	0	0	0	0	0	0	1	0	0	0	0	0	0	0	0	1	0	0	0	0	0	0	1	1	0	0	1	1	0	1	0	0	1	3.61
SRR5353901	1	1	1	0	1	1	1	0	0	0	1	0	1	0	0	0	0	1	0	0	0	0	0	0	0	0	0	0	0	0	1	1	1	0	0.58974358974359	0	0	0	1	0	0	0	0	0	0	0	0	0.98	0	0	0	0	0	0	1	1	0	0	1	1	0	1	0	1	1	50.54
SRR5353902	1	0	1	0	1	1	1	0	0	0	1	0	1	0	0	0	0	1	0	0	0	0	0	0	0	0	0	0	0	0	1	1	1	0	0	0	0	0	1	0	0	0	0	0	0	0	0	1	0	0	0	0	0	0	1	1	0	0	1	0	0	1	0	1	1	5.92
SRR5353903	1	1	1	0	0.975	1	1	0	0	0	1	0	1	0	0	0	0.0240963855421687	1	0	0	0	0	0	0	0	0	0	0	0	0	1	1	1	0	0	0	0	0	1	0	0	0	0	0	0	0	0	1	0	0	0	0	0	0	0.989130434782609	1	0	0	1	1	0	1	0	1	1	61.61
SRR5353904	1	1	1	0	1	0.970588235294118	1	0.015625	0	0	1	0	1	0	0	0	0	1	0	0	0	0	0	0	0	0	0	0	0	0	1	1	1	0	0	0	0	0	1	0	0	0	0	0	0	0	0	1	0	0	0	0	0	0	1	1	0	0	1	1	0	1	0	1	1	44.68
SRR5353905	1	1	1	0	1	1	1	0	0	0	1	0	1	0	0	0	0	1	0	0	0	0	0	0	0	0	0	0	0	0	1	1	1	0	0	0	0	0	1	0	0	0	0	0	0	0	0	1	0	0	0	0	0	0	1	1	0	0	1	1	0	1	0	1	1	44.47
SRR5353906	1	1	1	0	1	1	1	0	0	0	1	0	1	0	0	0	0	1	0	0	0	0	0	0	0	0	0	0	0	0	1	1	1	0	0	0	0	0	1	0	0	0	0	0	0	0	0	1	0	0	0	0	0	0	1	1	0	0	1	1	0	1	0	1	1	23.61
SRR5353907	1	1	1	0	1	1	1	0	0	0.0175438596491228	1	0	1	0	0	0	0	1	0	0	0	0	0	0	0	0	0	0	0	0	1	1	1	0	0	0	0	0	1	0.45045045045045	0	0	0	0	0	0	0	1	0	0	0	0	0	0	1	1	0	0	1	1	0	1	0	1	1	95.73
SRR5353908	1	1	1	0	1	1	1	0	0	0	1	0	1	0	0	0	0	1	0	0	0	0	0	0	0	0	0	0	0	0	1	1	1	0	0	0	0	0	1	0	0	0	0	0	0	0	0	1	0	0	0	0	0	0	1	1	0	0	1	0.96969696969697	0	1	0	1	1	76.25
SRR5353909	0	1	1	0	1	1	1	0	0	0	0.666666666666667	0	1	0	0	0	0	1	0	0	0	0	0	0	0	0	0	0	0	0	0	0	1	0	0	0	0	0	1	0	0	0	0	0	0	0	0	1	0	0	0	0	0	0	1	1	0	0	1	0	0	1	0	1	1	3.75
SRR5353910	1	1	0.977272727272727	0	1	1	1	0.0185185185185185	0	0	1	0	1	0	0	0	0	1	0	0	0	0	0	0.304347826086957	0	0	0	0	0	0	1	1	1	0	0.010752688172043	0.113636363636364	0	0	1	0	0	0	0	0	0	0	0	1	0	0	0	0	0	0	0.984496124031008	1	0	0	1	1	0	1	0	1	1	107.08
SRR5353911	1	1	1	0	1	1	1	0	0	0	1	0	1	0	0	0	0	1	0	0	0	0	0	0	0	0	0	0	0	0	1	1	1	0	0	0	0	0	1	0	0	0	0	0	0	0	0	1	0	0	0.378378378378378	0	0	0	1	1	0	0	1	1	0	1	0	1	1	28.47
SRR5353912	1	1	1	0	0.991935483870968	1	1	0	0	0	1	0	1	0.111888111888112	0.170212765957447	0	0	1	0	0	0	0	0	0.0463320463320463	0	0	0	0	0	0	1	1	1	0	0	0	0	0	1	0	0	0	0	0	0	0	0	1	0	0	0.0040650406504065	0	0	0	1	1	0	0	1	0.989010989010989	0	1	0	1	1	219.8
SRR5353913	1	1	1	0	1	1	1	0	0	0	0.972222222222222	0	1	0	0	0	0	1	0	0	0	0	0	0	0	0	0	0	0	0	1	1	1	0	0	0	0	0	1	0	0	0	0	0	0	0	0	1	0	0	0	0	0	0	1	1	0	0	1	1	0	1	0	1	1	87.75
SRR5353914	1	1	1	0	0.933333333333333	1	1	0	0	0	1	0	1	0	0	0	0	1	0	0	0	0	0	0	0	0	0	0	0	0	1	1	0.923076923076923	0	0	0	0	0	1	0	0	0	0	0	0	0	0	1	0	0	0	0	0	0	1	1	0	0	1	1	0	1	0	1	1	20.26
SRR5353915	1	1	1	0.291666666666667	1	1	1	0	0	0	1	0	1	0	0	0	0	1	0	0	0	0	0	0	0	0	0	0	0	0	1	1	1	0	0	0	0	0	1	0	0	0	0	0	0	0	0	1	0.709302325581395	0	0	0	0	0	1	1	0	0	1	1	0	1	0	0.991803278688525	1	94.78
SRR5353916	0	0	0	0	0	1	0	0	0	0	1	0	1	0	0	0	0	1	0	0	0	0	0	0	0	0	0	0	0	0	0	1	0	0	0	0	0	0	0	0	0	0	0	0	0	0	0	1	0	0	0	0	0	0	1	1	0	0	1	1	0	1	0	1	0	2.15
SRR5353917	1	1	1	0	1	1	1	0	0	0	1	0	1	0	0	0	0	1	0	0	0	0	0	0	0	0	0	0	0	0	1	1	1	0	0	0	0	0	1	0	0	0	0	0	0	0	0	1	0	0	0	0	0	0	0.994219653179191	1	0	0	1	1	0	1	0	1	1	132.97
SRR5353918	1	1	1	0	1	1	1	0	0	0	1	0	1	0	0	0	0	1	0	0	0	0	0	0	0	0.125	0	0	0	0	1	1	1	0	0	0	0	0	1	0	0	0	0	0	0	0	0	1	0	0	0	0	0	0	1	1	0	0	1	1	0	1	0	1	1	7.69
SRR5353919	1	1	1	0	1	1	1	0	0	0	1	0	1	0	0	0	0	1	0	0	0	0	0	0	0	0	0	0	0	0	1	1	1	0	0	0	0	0	1	0	0	0	0.00925925925925926	0.161616161616162	0	0	0	1	0	0	0	0	0	0	1	1	0	0	1	1	0	1	0	1	1	89.1
SRR5353920	1	1	1	0	1	1	1	0	0	0	1	0	1	0	0	0	0	1	0	0	0	0	0	0	0.115789473684211	0	0	0	0	0	1	1	1	0	0	0	0	0	1	0	0	0	0	0	0	0	0	1	0	0	0	0	0	0	1	1	0	0	0.992125984251969	1	0	0.989583333333333	0	1	1	103.37
SRR5353921	1	1	1	0	1	1	1	0	0	0	1	0	1	0	0	0	0	1	0	0	0	0	0	0	0	0	0	0	0	0	1	1	1	0	0	0	0	0	1	0	0	0	0	0	0	0	0	1	0	0	0	0	0	0	1	1	0	0	1	1	0	1	0	1	1	35.68
SRR5353922	1	1	1	0	0.976470588235294	0.993589743589744	1	0	0	0	1	0	1	0	0	0	0	1	0	0	0	0	0	0	0	0	0	0	0	0	1	1	1	0	0	0	0	0	1	0	0	0	0	0	0	0	0	1	0	0	0	0	0	0	0.994413407821229	1	0	0	1	1	0	1	0	1	1	135.8
SRR5353923	1	1	1	0	1	1	1	0	0	0	1	0	1	0	0	0	0	1	0	0	0	0	0	0.00469483568075117	0	0	0	0	0	0	1	1	0.987951807228916	0	0	0	0.198501872659176	0	1	0	0	0	0	0	0	0	0.0036101083032491	0.995238095238095	0	0	0	0	0	0	1	1	0	0	1	1	0	1	0	1	1	182.79
SRR5353924	1	1	1	0	1	1	1	0	0	0.0114942528735632	1	0	1	0	0	0	0	1	0	0	0	0	0	0	0	0	0	0	0	0	1	0.993589743589744	1	0	0	0	0	0	1	0	0	0	0	0	0	0	0	1	0	0	0	0	0	0	1	1	0	0	1	0.982456140350877	0	1	0	0.993506493506494	1	133.31
SRR5353925	1	1	1	0	1	1	1	0	0	0	1	0	1	0	0	0	0	0.991071428571429	0	0	0	0	0	0	0	0	0	0	0	0	1	1	1	0	0	0	0	0	1	0	0	0	0	0	0	0	0	1	0	0	0	0	0	0	1	1	0	0	0.989795918367347	1	0	0.989690721649485	0	1	1	84.97
SRR5353926	1	1	1	0	1	1	1	0	0	0	1	0	1	0	0	0	0	1	0	0	0	0	0	0	0	0	0	0	0	0	1	1	0.982456140350877	0	0	0	0	0	1	0	0	0	0	0	0	0	0	1	0	0	0	0.00793650793650794	0	0	1	1	0	0	1	1	0	1	0	1	1	117.4
SRR5353927	1	1	1	0	1	1	1	0	0	0	1	0	1	0	0	0	0	1	0	0	0	0	0	0	0	0	0	0	0	0	1	1	1	0.408163265306122	0	0	0	0	1	0	0	0	0	0	0	0	0	1	0	0	0	0	0	0	1	1	0	0	1	1	0	1	0	1	1	92.37
SRR5353928	1	1	1	0	1	1	1	0	0	0	0.977777777777778	0	1	0	0	0	0	1	0	0	0	0	0	0	0	0	0	0	0	0	1	1	1	0	0	0	0	0	1	0	0	0	0	0	0.01	0	0	1	0	0.027027027027027	0	0.153846153846154	0	0	1	1	0	0	1	1	0	1	0	1	1	66.72
SRR5353929	1	1	1	0	1	1	1	0.642857142857143	0	0	0.978723404255319	0	1	0	0	0	0	1	0	0	0	0	0	0	0	0	0	0	0	0	1	1	1	0	0	0	0	0	1	0	0	0	0	0	0	0	0	1	0	0	0	0	0	0	1	1	0	0	1	1	0	1	0	1	1	53.26
SRR5353930	1	1	1	0	1	1	1	0	0.329545454545455	0	1	0	1	0	0	0	0	1	0	0	0.208791208791209	0	0	0	0	0	0	0	0	0	1	1	1	0	0	0	0	0	1	0	0	0	0	0	0	0	0	1	0	0	0	0	0	0	1	1	0	0	1	1	0	1	0	1	1	79.83
SRR5353931	1	1	1	0	1	1	1	0	0	0	1	0	1	0	0	0	0	1	0	0	0	0	0	0	0	0	0	0	0	0	1	1	1	0	0	0	0	0	1	0	0	0	0	0	0	0	0	1	0	0	0	0	0	0	1	1	0	0	1	1	0	1	0	1	1	4.91
SRR5353932	1	1	1	0	1	1	1	0	0	0	0.993670886075949	0	1	0	0	0	0	1	0	0	0	0	0	0	0	0.00684931506849315	0	0	0	0	1	1	1	0	0	0	0	0	1	0.0132450331125828	0	0	0	0	0	0	0	0.994565217391304	0	0	0	0	0	0.111111111111111	1	1	0	0	1	1	0	1	0	1	1	166.35
SRR5353933	1	1	1	0	1	1	1	0	0	0	1	0	1	0	0	0	0	1	0	0	0	0	0	0	0	0	0	0	0	0	1	1	1	0	0	0	0	0	0	0	0	0	0	0	0	0	0	1	0	0	0	0	0	0	1	1	0	0	1	1	0	1	0	1	1	4.84
SRR5353934	1	1	1	0	1	1	1	0	0	0	1	0	1	0	0	0	0	1	0.00568181818181818	0	0	0	0	0	0	0	0	0	0	0	1	1	1	0	0	0	0	0	1	0	0	0	0	0	0	0	0	1	0	0	0	0	0	0	1	1	0	0	1	1	0	1	0	1	1	141.96
SRR5353935	1	1	1	0	1	1	1	0	0	0	1	0	1	0	0	0	0	1	0	0	0	0	0	0	0	0.96	0	0	0	0	1	1	1	0	0	0	0	0	1	0	0	0	0	0	0	0	0	1	0	0	0	0	0.0222222222222222	0	1	1	0	0	1	1	0	1	0	1	1	38.51
SRR5353936	1	1	1	0	1	0.981481481481482	1	0	0	0	1	0	1	0	0	0	0	0.98	0	0	0	0	0	0	0	0	0	0	0	0	1	1	1	0	0	0	0	0	1	0	0	0	0	0	0	0	0	1	0	0	0	0	0	0	0.983606557377049	1	0	0	1	1	0	1	0	1	1	51.16
SRR5353937	1	1	1	0	0.987654320987654	1	0.992248062015504	0	0	0	1	0	1	0	0	0	0.0033112582781457	1	0	0	0	0	0	0	0	0	0	0	0	0.219047619047619	1	1	1	0	0	0	0	0	1	0	0	0	0	0	0	0	0	1	0	0	0	0	0	0	0.995535714285714	1	0.00813008130081301	0	1	1	0	1	0	1	1	194.96
SRR5353938	1	1	1	0	1	1	1	0	0	0	1	0	1	0	0	0	0	1	0	0	0	0	0	0	0	0	0	0	0	0	1	1	1	0	0	0	0	0	1	0	0	0	0	0	0	0	0	1	0	0	0	0	0	0	1	1	0	0	1	1	0	1	0	1	1	33.9
SRR5353939	1	1	1	0	1	1	1	0	0	0	1	0	1	0	0	0	0	1	0	0	0	0	0	0	0	0	0	0	0	0	1	1	1	0	0	0	0	0	0	0	0	0	0	0	0	0	0	1	0	0	0	0	0	0	1	1	0	0	1	1	0	1	0	1	1	6.25
SRR5353940	1	1	1	0	0	1	1	0	0	0	1	0	1	0	0	0	0	1	0	0	0	0	0	0	0	0	0	0	0	0	1	1	0	0	0	0	0	0	1	0	0	0	0	0	0	0	0	1	0	0	0	0	0	0	1	1	0	0	1	1	0	1	0	1	1	3.92
SRR5353941	1	1	1	0	1	1	1	0	0	0	1	0	1	0	0	0	0	0.996710526315789	0	0	0	0.133550488599349	0	0	0	0	0.003125	0	0	0	1	1	0.985611510791367	0	0	0	0	0	1	0	0	0	0	0	0	0	0	1	0	0	0	0	0.160278745644599	0.00421940928270042	0.996376811594203	1	0	0	1	1	0	1	0	0.996894409937888	1	246.56
SRR5353942	1	1	1	0	1	1	1	0	0	0	1	0.518518518518518	1	0	0	0	0	1	0	0	0	0	0	0.493150684931507	0	0	0	0	0	0	1	1	1	0	0	0	0	0	1	0	0	0	0	0	0	0	0	1	0	0	0	0	0	0	1	1	0	0	1	1	0	0.977272727272727	0	1	0.979591836734694	51.43
SRR5353943	0	0	0	0	1	1	1	0	0	0	1	0	1	0	0	0	0	1	0	0	0	0	0	0.25	0	0	0	0	0	0	0	1	1	0	0	0	0	0	1	0	0	0	0	0	0	0	0	1	0	0	0	0	0	0	1	1	0	0	1	1	0	1	0	0	1	2.76
SRR5353944	1	1	1	0	1	1	1	0	0	0	1	0.0103092783505155	1	0	0	0	0	1	0	0	0	0	0	0	0	0	0	0	0	0	1	1	0.983050847457627	0	0	0	0	0	1	0	0	0	0	0	0	0	0	1	0	0	0	0	0	0	1	1	0	0	1	1	0	1	0	1	1	88.6
SRR5353945	0	1	1	0	1	1	1	0	0	0	1	0	1	0	0	0	0	1	0	0	0	0	0	0	0	0	0	0	0	0	1	1	1	0	0	0	0	0	1	0	0	0	0	0	0	0	0	1	0	0	0	0	0	0	1	1	0	0	1	1	0	1	0	1	1	5.47
SRR5353946	1	1	1	0	1	1	1	0	0	0	1	0	1	0	0	0	0	1	0	0	0	0	0	0	0	0	0	0	0	0	1	1	0.952380952380952	0	0	0	0	0	1	0	0	0	0	0	0	0	0	1	0	0	0	0	0	0	1	1	0	0	1	1	0	1	0	1	1	31.69
SRR5353947	1	1	1	0	1	1	1	0	0	0	0.979591836734694	0	1	0	0	0	0	1	0	0	0	0	0	0	0	0	0	0	0	0	1	1	1	0	0	0	0	0	1	0	0	0	0	0	0	0	0	1	0	0	0	0	0	0	1	1	0	0	1	1	0	1	0	1	1	54.36
SRR5353948	1	1	1	0	1	1	1	0.0078125	0	0	1	0	1	0.0078125	0	0	0	1	0	0	0	0	0	0	0	0	0	0	0	0	1	1	1	0	0	0	0	0	1	0	0	0	0	0	0	0	0	1	0	0	0	0	0	0	1	1	1	0	1	1	0	1	0	1	1	106.05
SRR5353949	1	1	1	0	1	1	1	0	0	0	1	0	1	0	0	0	0	1	0	0	0	0	0	0	0	0	0	0	0	0	1	1	1	0	0	0	0	0	1	0	0	0	0	0.00326797385620915	0	0	0	1	0	0	0	0	0	0	1	1	0	0	1	1	0	1	0	1	1	252.24
SRR5353950	1	0.974842767295597	1	0	1	1	1	0.00552486187845304	0	0	1	0	1	0	0	0	0	1	0	0	0	0	0	0	0	0	0	0	0	0	1	1	0.993630573248408	0	0	0	0	0	1	0	0	0	0	0	0	0	0	1	0	0	0	0	0	0	1	1	0	0	1	0.977099236641221	0	1	0	1	1	286.04
SRR5353951	1	1	1	0	1	1	1	0	0	0	0.981818181818182	0	1	0	0	0	0	1	0	0	0	0	0	0	0	0	0	0	0	0	1	1	1	0	0	0	0	0	1	0	0	0	0	0	0	0	0	1	0	0	0	0	0	0	1	1	0	0	1	1	0	1	0	1	1	54.86
SRR5353952	1	1	1	0	1	1	1	0	0	0	1	0	1	0	0	0	0	1	0	0	0	0	0	0	0	0	0	0	0	0	1	1	1	0	0	0	0	0	1	0	0	0	0	0	0	0	0	1	0	0	0	0	0	0	1	1	0	0	1	1	0	1	0	1	1	32.04
