cells	chrMT:73:A/G	chrMT:899:G/A	chrMT:1339:G/A	chrMT:1443:T/C	chrMT:1551:G/A	chrMT:1886:G/A	chrMT:1906:G/A	chrMT:1918:G/A	chrMT:2041:T/C	chrMT:2058:C/T	chrMT:2259:C/T	chrMT:2407:T/C	chrMT:2421:G/A	chrMT:2621:G/A	chrMT:2706:A/G	chrMT:2707:A/G	chrMT:2887:T/C	chrMT:2976:G/A	chrMT:3022:G/A	chrMT:3243:A/G	chrMT:3358:G/A	chrMT:3608:G/A	chrMT:3624:A/G	chrMT:3866:T/C	chrMT:4118:T/C	chrMT:4125:T/C	chrMT:4769:A/G	chrMT:5152:T/C	chrMT:6168:G/C	chrMT:7649:A/G	chrMT:7746:A/G	chrMT:7759:T/C	chrMT:8636:T/C	chrMT:9276:G/A	chrMT:9655:G/A	chrMT:10360:G/A	chrMT:10635:G/A	chrMT:10680:G/A	chrMT:10801:G/A	chrMT:11163:G/A	chrMT:11410:T/C	chrMT:11579:T/C	chrMT:11711:G/A	chrMT:11893:A/G	chrMT:12203:T/C	chrMT:12291:T/C	chrMT:12372:G/A	chrMT:12391:A/T	chrMT:12451:A/G	chrMT:12599:T/C	chrMT:13309:G/A	chrMT:13810:G/A	chrMT:13823:T/C	chrMT:14120:T/C	chrMT:14793:A/G	chrMT:15096:T/C	chrMT:15218:A/G	chrMT:16221:C/T	chrMT:16399:A/G	depth
SRR6358732	88	0	0	0	0	0	0	0	0	0	0	0	0	0	41	0	0	0	0	0	0	0	0	0	0	0	5	0	0	0	0	0	0	0	0	0	0	0	0	0	0	0	0	59	0	0	43	0	0	0	0	0	0	0	31	0	61	0	65	46.45
SRR6358733	78	0	0	0	0	0	0	0	0	0	0	0	0	0	51	0	0	0	0	0	0	0	0	0	0	0	10	0	0	0	0	0	0	0	0	0	0	0	0	0	0	0	0	63	0	0	52	0	0	0	0	0	0	0	41	0	67	0	66	47.31
SRR6358734	0	0	0	0	0	0	0	0	0	0	0	0	0	0	3	0	0	0	0	0	0	0	0	0	0	0	0	0	0	0	0	0	0	0	0	0	0	0	0	0	0	0	0	4	0	0	0	0	0	0	0	0	0	0	2	0	0	0	0	2.12
SRR6358735	286	0	0	0	0	0	0	0	0	0	0	0	0	0	322	0	0	0	0	0	0	0	0	0	0	0	44	0	0	0	26	0	0	0	0	0	0	0	23	0	0	0	0	339	0	0	258	0	0	0	0	0	0	0	217	0	316	2	413	279.83
SRR6358736	81	30	0	0	0	0	0	0	0	0	0	0	0	0	70	30	0	0	0	0	0	0	0	0	0	0	15	0	0	0	0	0	0	0	0	0	0	0	32	0	0	0	0	104	0	0	67	0	0	0	0	0	0	0	63	0	103	0	87	75.4
SRR6358737	8	0	0	0	0	0	0	0	0	0	0	0	0	0	3	0	0	0	0	0	0	0	0	0	0	0	0	0	0	0	0	0	0	0	0	0	0	0	0	0	0	0	0	4	0	0	1	0	0	0	0	0	0	0	6	0	16	0	10	7.65
SRR6358738	3	0	0	0	0	0	0	0	0	0	0	0	0	0	2	0	0	0	0	0	0	0	0	0	0	0	1	0	0	0	0	0	0	0	0	0	0	0	0	0	0	0	0	5	0	0	5	0	0	0	0	0	0	0	3	0	3	0	4	3.87
SRR6358739	133	0	0	0	0	0	0	0	0	0	0	0	0	0	106	0	38	0	0	0	0	0	0	0	0	0	26	0	0	0	0	0	0	15	0	0	0	105	0	0	0	0	0	148	0	0	101	0	0	0	0	0	0	0	81	0	118	0	128	111.12
SRR6358740	26	0	0	0	0	0	0	0	0	0	0	0	0	0	24	0	0	0	0	0	0	0	0	0	0	0	3	0	0	0	0	0	0	0	0	0	0	0	0	0	0	0	0	39	0	0	19	0	0	0	0	0	0	0	17	0	29	0	18	24.71
SRR6358741	22	0	0	0	0	0	0	0	0	0	0	0	0	0	24	0	0	0	0	0	0	0	0	0	0	0	2	0	0	0	0	0	0	0	0	0	0	0	1	0	0	0	0	23	0	0	23	0	0	0	0	0	0	0	20	0	18	0	37	17.98
SRR6358742	11	0	0	0	0	0	0	0	0	0	0	0	0	0	9	0	0	0	0	0	0	0	0	0	0	0	1	0	0	0	0	0	0	0	0	0	0	0	13	0	0	0	0	17	0	0	22	0	0	0	0	0	0	0	6	0	25	0	25	11.33
SRR6358743	49	0	0	0	0	0	0	0	0	0	0	0	0	0	29	0	0	0	0	0	20	0	0	0	0	0	7	0	0	0	0	0	0	0	0	0	0	0	14	0	0	0	0	57	0	0	44	0	0	0	0	0	0	0	23	0	60	0	60	39.7
SRR6358744	171	0	0	0	0	0	0	0	0	0	0	0	0	0	174	0	0	0	0	0	0	0	0	0	0	0	23	0	0	0	0	0	0	0	0	0	43	0	57	0	0	0	0	197	0	0	158	0	0	0	0	0	0	0	89	0	231	0	217	164.86
SRR6358745	183	0	0	0	0	0	0	0	0	0	0	0	0	0	243	0	0	0	0	0	0	0	0	0	0	0	34	0	0	0	0	0	0	0	0	0	0	0	23	2	0	0	0	300	0	0	223	0	0	0	0	0	0	0	176	0	281	0	367	230.18
SRR6358746	21	0	0	0	0	0	8	0	0	0	0	0	0	0	19	0	0	0	0	24	0	0	0	0	0	0	2	0	0	0	0	0	0	0	0	0	0	0	0	0	0	0	0	27	0	0	34	0	0	0	0	0	0	0	16	0	23	0	41	18.91
SRR6358747	3	0	0	0	0	0	0	0	0	0	0	0	0	0	1	0	0	0	0	0	0	0	0	0	0	0	0	0	0	0	0	0	0	0	0	0	0	0	0	0	0	0	0	0	0	0	0	0	0	0	0	0	0	0	0	0	0	0	1	1.62
SRR6358748	27	0	0	0	0	0	0	0	0	0	0	0	0	0	33	0	0	0	0	0	0	0	0	0	0	0	4	0	0	0	0	0	0	0	0	0	0	0	35	0	0	0	0	36	0	0	42	0	0	0	0	0	0	0	28	0	75	0	44	36.92
SRR6358749	56	0	0	36	0	0	0	0	0	0	0	0	0	0	66	0	0	0	0	0	0	0	0	0	0	0	6	0	0	0	0	0	0	0	0	0	0	0	0	0	0	0	0	90	35	0	49	0	0	0	0	0	0	0	42	0	65	0	78	54.72
SRR6358750	0	0	0	0	0	0	0	0	0	0	0	0	0	0	0	0	0	0	0	0	0	0	0	0	0	0	0	0	0	0	0	0	0	0	0	0	0	0	0	0	0	0	0	2	0	0	0	0	0	0	0	0	0	0	0	0	0	0	0	1.38
SRR6358751	0	0	0	0	0	0	0	0	0	0	0	0	0	0	3	0	0	0	0	0	0	0	0	0	0	0	0	0	0	0	0	0	0	0	0	0	0	0	0	0	0	0	0	2	0	0	2	0	0	0	0	0	0	0	2	0	2	0	2	2.4
SRR6358752	0	0	0	0	0	0	0	0	0	0	0	0	0	0	0	0	0	0	0	0	0	0	0	0	0	0	0	0	0	0	0	0	0	0	0	0	0	0	0	0	0	0	0	1	0	0	0	0	0	0	0	0	0	0	3	0	7	0	4	2.95
SRR6358753	27	0	0	0	0	0	0	0	0	0	0	0	0	0	12	0	0	0	0	0	0	0	0	0	0	0	2	0	0	0	0	0	0	0	0	0	0	0	0	0	0	0	0	36	0	0	20	0	0	0	0	0	0	0	13	0	20	0	25	20.45
SRR6358754	195	0	0	0	0	0	0	0	0	0	0	0	0	0	140	0	0	0	0	0	0	0	0	0	0	0	27	0	0	0	0	0	22	0	0	0	0	0	12	0	0	0	0	152	0	0	149	0	0	0	0	0	0	0	78	0	165	0	213	142.4
SRR6358755	67	0	0	0	0	0	0	0	34	0	0	0	0	0	35	0	0	0	0	0	0	0	0	0	0	0	5	0	0	0	0	0	0	0	0	0	0	0	0	0	0	0	0	35	0	0	34	0	0	0	0	0	0	0	31	0	37	0	49	36.94
SRR6358756	0	0	0	0	0	0	0	0	0	0	0	0	0	0	0	0	0	0	0	0	0	0	0	0	0	0	0	0	0	0	0	0	0	0	0	0	0	0	0	0	0	0	0	0	0	0	0	0	0	0	0	0	0	0	0	0	0	0	0	1.25
SRR6358757	3	0	0	0	0	0	0	0	0	0	0	0	0	0	0	0	0	0	0	0	0	0	0	0	0	0	0	0	0	0	0	0	0	0	0	0	0	0	0	0	0	0	0	7	0	0	1	0	0	0	0	0	0	0	2	0	7	0	4	3.47
SRR6358758	70	1	0	0	0	0	0	0	0	0	26	41	0	0	87	0	0	0	0	0	0	0	0	0	45	36	7	0	0	0	0	0	0	0	0	0	0	0	50	0	0	0	0	100	0	0	94	0	0	0	0	0	0	0	64	0	125	1	101	90.24
SRR6358759	129	0	0	0	0	0	0	0	0	0	0	0	0	22	129	0	0	1	0	0	0	0	0	0	0	0	15	0	0	0	0	0	0	0	0	0	0	0	54	0	0	38	0	147	0	0	125	0	0	0	0	0	0	0	96	0	135	0	195	135.81
SRR6358760	59	0	0	0	0	0	0	0	0	0	0	0	0	0	59	0	0	0	0	0	0	0	0	0	0	0	8	0	0	0	0	0	0	0	0	0	0	0	86	0	0	0	0	70	0	0	57	0	0	0	0	0	0	0	47	0	79	0	81	62.96
SRR6358761	301	0	0	0	0	0	0	0	0	0	0	0	0	0	208	0	0	0	0	0	0	0	0	0	0	0	19	0	0	0	1	0	0	0	0	0	0	0	166	0	0	0	1	209	0	0	159	0	0	0	0	0	0	0	168	0	219	125	274	182.06
SRR6358762	28	0	0	0	0	0	0	0	0	0	0	0	0	0	18	0	0	0	0	0	0	0	0	0	0	0	2	0	0	0	0	0	0	0	0	0	0	0	0	0	0	0	0	14	0	0	17	0	0	0	0	0	0	0	9	0	15	0	22	12.54
SRR6358763	1	0	0	0	0	0	0	0	0	0	0	0	0	0	3	0	0	0	0	0	0	0	0	0	0	0	0	0	0	0	0	0	0	0	0	0	0	0	0	0	0	0	0	2	0	0	0	0	0	0	0	0	0	0	1	0	1	0	3	1.98
SRR6358764	3	0	0	0	0	0	0	0	0	0	0	0	0	0	4	0	0	0	0	0	0	0	0	0	0	0	0	0	0	0	0	0	0	0	0	0	0	0	0	0	0	0	0	7	0	0	3	0	0	0	0	0	0	0	1	0	10	0	3	4.84
SRR6358765	26	0	0	0	0	0	0	0	0	0	0	0	0	0	29	0	0	0	0	0	0	0	0	0	0	0	2	0	0	0	0	0	0	0	0	0	0	0	0	0	0	0	0	51	0	0	46	0	0	0	0	0	0	0	31	0	46	0	49	39.31
SRR6358766	21	0	0	0	0	0	0	0	0	0	0	0	0	0	52	0	0	0	0	0	0	0	0	0	0	0	6	0	0	0	0	0	0	0	0	0	0	0	0	0	0	0	0	60	0	0	40	0	0	0	0	0	0	0	46	0	62	0	69	51.93
SRR6358767	143	0	0	0	0	0	0	0	0	0	0	0	0	0	81	0	0	0	0	0	0	0	0	0	0	0	10	0	0	0	0	0	0	0	0	0	0	0	9	0	0	0	0	87	0	0	95	0	0	0	0	0	0	0	66	0	64	0	95	72.59
SRR6358768	4	0	0	0	0	0	0	0	0	0	0	0	0	0	7	0	0	0	0	0	0	0	0	0	0	0	1	0	0	0	0	0	0	0	0	0	0	0	0	0	0	0	0	11	0	0	8	0	0	0	0	0	0	0	0	0	11	0	14	6.6
SRR6358769	22	0	0	0	0	0	0	0	0	0	0	0	0	0	14	0	0	0	0	0	0	0	0	0	0	0	3	0	0	0	0	0	0	0	0	0	0	0	20	0	0	0	0	36	0	0	25	0	0	0	0	0	0	0	16	0	24	0	57	27.32
SRR6358770	111	0	0	0	0	0	0	0	0	0	0	0	0	0	95	0	0	0	0	0	0	0	0	0	0	0	18	0	0	0	0	0	0	0	0	0	0	0	0	0	0	0	0	94	0	0	61	0	0	0	0	0	0	0	53	0	99	0	156	79.46
SRR6358771	15	0	0	0	0	0	0	0	0	0	0	0	0	0	13	0	0	0	0	0	0	0	0	0	0	0	3	0	0	0	0	0	0	0	0	0	0	0	0	0	0	0	0	28	0	0	24	0	0	0	0	0	0	0	18	0	28	0	18	20
SRR6358772	0	0	0	0	0	0	0	0	0	0	0	0	0	0	0	0	0	0	0	0	0	0	0	0	0	0	0	0	0	0	0	0	0	0	0	0	0	0	0	0	0	0	0	0	0	0	0	0	0	0	0	0	0	0	0	0	3	0	0	1.82
SRR6358773	78	0	0	0	0	0	0	0	0	0	0	0	0	0	64	0	0	0	0	0	0	0	0	0	0	0	12	0	0	0	0	0	0	0	0	0	0	0	54	0	0	0	0	69	0	0	45	0	0	0	0	0	0	0	28	0	66	0	63	52.65
SRR6358774	2	0	0	0	0	0	0	0	0	0	0	0	0	0	0	0	0	0	0	0	0	0	0	0	0	0	0	0	0	0	0	0	0	0	0	0	0	0	0	0	0	0	0	1	0	0	0	0	0	0	0	0	0	0	0	0	2	0	0	2.02
SRR6358775	0	0	0	0	0	0	0	0	0	0	0	0	0	0	0	0	0	0	0	0	0	0	0	0	0	0	0	0	0	0	0	0	0	0	0	0	0	0	0	0	0	0	0	0	0	0	0	0	0	0	0	0	0	0	0	0	0	0	0	1.64
SRR6358776	0	0	0	0	0	0	0	0	0	0	0	0	0	0	0	0	0	0	0	0	0	0	0	0	0	0	0	0	0	0	0	0	0	0	0	0	0	0	0	0	0	0	0	0	0	0	0	0	0	0	0	0	0	0	0	0	0	0	0	1.36
SRR6358777	151	0	0	0	0	0	0	0	0	0	0	0	0	0	108	0	0	0	0	0	0	0	0	0	0	0	12	0	0	0	0	0	0	0	0	0	0	0	37	0	0	0	0	147	1	0	100	0	0	0	0	0	0	0	83	85	120	0	132	108.94
SRR6358778	126	0	0	0	0	0	0	0	0	0	0	0	83	0	76	0	0	0	0	0	0	0	0	72	0	0	13	0	0	0	0	0	0	0	0	0	0	0	0	0	0	0	0	112	0	0	92	0	0	0	0	0	0	0	76	0	110	0	101	85.08
SRR6358779	50	0	0	0	0	0	0	0	0	0	0	0	0	0	59	0	0	0	0	0	0	0	0	0	0	0	4	0	0	0	0	0	0	0	0	0	0	0	0	0	0	0	0	68	0	0	45	21	0	0	0	0	12	0	41	0	55	0	58	54.32
SRR6358780	44	0	0	0	0	0	0	0	0	0	0	0	0	0	13	0	0	0	0	0	0	0	0	0	0	0	3	23	0	0	0	0	0	0	0	0	0	0	0	0	0	0	0	25	0	0	21	0	0	0	0	0	0	0	8	0	20	0	38	16.73
SRR6358781	50	0	67	0	0	0	0	51	0	0	0	0	0	0	44	0	0	0	0	0	0	0	1	0	0	0	10	0	0	0	0	0	0	0	0	0	0	0	0	0	0	0	0	50	0	0	63	0	0	0	0	0	0	0	32	0	50	0	77	53.45
SRR6358782	255	0	0	0	0	0	0	0	0	0	0	0	0	0	246	31	0	0	0	0	0	0	0	0	0	0	29	0	0	0	0	0	0	0	19	0	0	0	0	0	0	0	0	291	0	37	243	0	0	0	0	0	0	2	170	0	251	0	309	230.61
SRR6358783	207	0	0	0	0	0	0	0	0	1	0	0	0	0	147	0	0	36	40	0	0	0	0	0	0	0	11	0	0	0	0	0	0	0	0	0	0	0	0	0	0	0	0	174	0	0	130	0	0	0	26	0	0	0	76	0	125	0	153	117.59
SRR6358784	39	0	0	0	0	0	0	0	0	0	0	0	0	0	59	0	0	0	0	0	0	0	0	0	0	0	3	0	30	0	0	0	0	0	27	0	0	0	0	0	0	0	0	79	0	0	61	0	0	0	0	0	0	0	38	0	57	0	66	57.35
SRR6358785	7	0	0	0	0	0	1	0	0	0	0	0	0	0	0	0	0	0	0	0	0	0	0	0	0	0	0	0	0	0	0	0	0	0	0	0	0	0	0	0	0	0	0	2	0	0	5	0	0	0	0	0	0	0	0	0	2	0	8	3.58
SRR6358786	200	0	0	0	0	0	0	0	0	0	0	0	0	0	211	0	0	0	0	0	0	0	0	0	0	0	19	0	0	0	0	0	0	0	0	21	0	0	0	0	0	0	0	198	0	0	152	0	0	0	0	0	0	0	146	0	203	0	219	169.08
SRR6358787	60	0	0	0	0	0	0	0	0	0	0	0	0	0	46	0	0	0	0	0	0	0	0	0	0	0	4	0	0	0	0	0	0	0	0	0	0	0	34	0	0	0	0	61	0	0	40	0	0	0	0	0	0	0	23	0	53	0	49	41.67
SRR6358788	0	0	0	0	0	0	0	0	0	0	0	0	0	0	1	0	0	0	0	0	0	0	0	0	0	0	0	0	0	0	0	0	0	0	0	0	0	0	0	0	0	0	0	2	0	0	0	0	0	0	0	0	0	0	0	0	2	0	2	1.79
SRR6358789	74	0	0	0	0	0	0	0	0	0	0	0	0	0	77	0	0	0	0	0	0	0	0	0	0	0	6	0	0	0	0	0	0	0	0	0	0	0	59	0	0	0	0	78	0	0	62	0	0	0	0	0	0	0	58	0	91	0	64	62.63
SRR6358790	15	0	0	0	0	0	0	0	0	0	0	0	0	0	16	0	0	0	0	0	0	0	0	0	0	0	2	0	0	0	0	0	0	0	0	0	0	0	0	0	0	0	0	20	0	0	12	0	0	0	0	0	0	0	5	0	15	0	19	12.35
SRR6358791	21	0	0	0	0	0	0	0	0	0	0	0	0	0	15	0	0	0	0	0	0	0	0	0	0	0	4	0	0	0	0	0	0	0	0	0	0	0	0	0	0	0	0	34	0	0	26	0	0	0	0	0	0	0	14	0	29	0	24	22.91
SRR6358792	64	0	0	0	0	0	0	0	0	0	0	0	0	0	81	0	0	0	0	0	0	23	0	0	0	0	9	0	0	0	0	0	0	0	0	0	0	0	64	0	0	0	0	61	0	0	65	0	0	0	0	0	0	0	34	0	68	0	83	55.81
SRR6358793	8	0	0	0	0	0	0	0	0	0	0	0	0	0	5	0	0	0	0	0	0	0	0	0	0	0	1	0	0	0	0	0	0	0	0	0	0	0	7	0	0	0	0	8	0	0	10	0	0	0	0	0	0	0	0	0	8	0	16	6.81
SRR6358794	53	0	0	0	0	0	0	0	0	8	0	0	0	0	85	0	0	0	0	0	0	0	28	0	0	0	6	0	0	0	0	0	0	0	0	0	0	0	81	0	0	0	0	87	0	0	73	0	0	0	0	0	0	0	68	0	87	0	91	72.7
SRR6358795	113	0	0	0	28	0	0	0	0	0	0	0	0	0	108	0	0	0	0	0	0	0	0	0	0	0	9	0	0	0	0	0	0	0	0	0	0	0	75	0	0	0	0	94	0	0	69	0	0	0	0	0	0	0	50	0	90	0	93	70.55
SRR6358796	59	0	0	0	0	0	0	0	0	0	0	0	0	0	56	0	0	0	0	0	0	0	0	0	0	0	6	0	0	0	0	0	0	0	0	0	0	0	0	0	0	0	0	74	0	0	62	0	0	0	0	0	0	0	43	0	52	0	93	59.58
SRR6358797	18	0	0	0	0	0	0	0	0	0	0	0	0	0	9	0	0	0	0	0	0	0	0	0	0	0	0	0	0	0	0	0	0	0	0	0	0	0	0	0	0	0	0	20	0	0	14	0	0	0	0	0	0	0	7	0	15	0	15	12.09
SRR6358798	24	0	0	1	0	24	0	0	0	0	0	0	0	0	17	0	0	0	0	0	0	0	0	0	0	0	6	0	0	0	0	0	0	0	2	0	0	0	1	0	0	0	0	28	0	0	29	0	0	0	0	0	0	0	8	0	19	0	34	19.6
SRR6358799	47	0	0	0	0	0	0	0	0	0	0	0	0	0	32	0	0	0	0	0	0	0	0	0	0	0	5	0	0	0	0	0	0	0	0	0	0	0	0	0	0	0	0	53	0	0	47	0	0	0	0	0	0	0	22	0	47	0	74	42.09
SRR6358800	16	0	0	0	0	0	0	0	0	0	0	0	0	0	14	0	0	0	0	0	0	0	0	0	0	0	5	0	0	0	0	0	0	0	0	0	0	0	0	0	0	0	0	29	0	0	23	0	0	0	0	0	0	0	15	0	22	0	37	17.95
SRR6358801	7	0	0	0	0	0	0	0	0	0	0	0	0	0	3	0	0	0	0	0	0	0	0	0	0	0	0	0	0	0	0	0	0	0	0	0	0	0	0	0	0	0	0	5	0	0	2	0	0	0	0	0	0	0	1	0	7	0	8	2.97
SRR6358802	80	0	0	0	0	0	0	0	0	0	0	0	0	0	63	0	0	0	0	0	0	0	0	0	0	0	11	0	0	37	0	0	0	0	0	0	0	0	0	16	0	0	0	70	0	0	65	0	28	0	0	0	0	0	38	0	64	0	82	53.5
SRR6358803	1	0	0	0	0	0	0	0	0	0	0	0	0	0	2	0	0	0	0	0	0	0	0	0	0	0	0	0	0	0	0	0	0	0	0	0	0	0	0	0	0	0	0	2	0	0	1	0	0	0	0	0	0	0	0	0	7	0	3	2.11
SRR6358804	181	0	0	0	0	0	0	0	0	0	0	0	0	0	160	0	0	0	0	0	0	0	0	0	0	0	19	0	0	0	0	0	0	0	0	0	0	0	0	0	0	0	0	183	0	0	141	0	0	0	0	0	0	0	112	0	153	0	216	139.51
SRR6358805	28	0	0	0	0	0	0	0	0	0	0	0	0	0	49	0	0	0	0	0	0	0	0	0	0	0	0	0	0	0	0	0	0	0	0	0	0	0	30	0	0	0	2	48	0	0	42	0	0	0	0	0	0	0	26	0	76	0	66	40.97
SRR6358806	65	0	0	0	0	0	0	0	0	0	0	0	0	0	49	0	0	0	0	0	0	0	0	0	0	0	16	0	0	0	0	0	0	0	0	0	0	0	0	0	0	2	0	47	0	0	56	0	0	0	0	0	0	0	41	0	46	0	64	50.83
SRR6358807	95	0	0	0	0	0	0	0	0	0	0	0	0	0	82	0	0	0	0	0	0	0	0	0	0	0	11	0	0	0	0	0	0	0	0	0	0	0	0	0	115	0	0	107	0	0	78	0	0	0	0	0	0	0	75	0	106	0	117	88.01
SRR6358808	9	0	0	0	0	0	0	0	0	0	0	0	0	0	11	0	0	0	0	0	0	0	0	0	0	0	2	0	0	0	0	0	0	0	0	0	0	0	11	0	0	0	0	16	0	0	14	0	0	0	0	0	0	0	5	0	26	0	20	11.3
SRR6358809	0	0	0	0	0	0	0	0	0	0	0	0	0	0	0	0	0	0	0	0	0	0	0	0	0	0	0	0	0	0	0	0	0	0	0	0	0	0	0	0	0	0	0	0	0	0	0	0	0	0	0	0	0	0	0	0	0	0	0	1.31
SRR6358810	39	0	0	0	0	0	1	0	0	0	0	0	0	0	40	0	0	0	0	0	0	0	0	0	0	0	8	0	0	0	0	24	0	0	0	0	0	0	65	0	0	0	0	49	0	0	36	0	0	0	0	0	0	0	29	0	57	0	47	45.53
SRR6358811	0	0	0	0	0	0	0	0	0	0	0	0	0	0	1	0	0	0	0	0	0	0	0	0	0	0	1	0	0	0	0	0	0	0	0	0	0	0	2	0	0	0	0	1	0	0	4	0	0	0	0	0	0	0	0	0	0	0	0	2.65
SRR6358812	7	0	0	0	0	0	0	0	0	0	0	0	0	0	12	0	0	0	0	0	0	0	0	0	0	0	1	0	0	0	0	0	0	0	0	0	0	0	0	0	0	0	0	15	0	0	11	0	0	0	0	0	0	0	10	0	20	0	36	9.66
SRR6358813	53	0	0	0	0	0	0	0	0	0	0	0	0	0	38	0	0	0	0	0	0	0	0	0	0	0	9	0	0	0	0	0	0	0	0	0	0	0	0	0	0	0	0	68	0	0	36	0	0	0	0	0	0	0	24	0	54	0	36	38.89
SRR6358814	0	0	0	0	0	0	0	0	0	0	0	0	0	0	1	0	0	0	0	0	0	0	0	0	0	0	2	0	0	0	0	0	0	0	0	0	0	0	0	0	0	0	0	2	0	0	4	0	0	0	0	0	0	0	0	0	8	0	5	2.38
SRR6358815	90	0	0	0	0	0	0	0	0	0	0	0	0	0	100	0	0	0	0	0	0	0	0	0	0	0	9	0	0	0	0	0	0	0	0	0	0	0	0	0	0	0	0	83	0	0	87	0	0	0	0	0	0	0	74	0	104	0	114	83.06
SRR6358816	2	0	0	0	0	0	0	0	0	0	0	0	0	0	5	0	0	0	0	2	0	0	0	0	0	0	0	0	0	0	0	0	0	0	0	0	0	0	0	0	0	0	0	0	0	0	6	0	0	0	0	0	0	0	0	0	1	0	2	2.36
SRR6358817	185	0	0	0	0	0	31	0	0	0	0	0	0	0	211	0	0	0	0	30	0	0	0	0	0	0	30	0	0	0	0	0	0	0	0	0	0	0	30	0	0	0	0	226	0	0	180	0	0	0	0	0	0	18	158	0	229	0	283	183.12
SRR6358818	66	0	0	0	0	0	0	0	0	0	0	0	0	0	81	0	0	0	0	0	0	0	0	0	0	0	10	0	0	0	0	0	0	0	0	0	0	0	83	0	0	0	0	75	0	0	60	0	0	0	0	0	0	0	67	0	94	0	83	72.16
SRR6358819	10	0	0	0	0	0	0	0	0	0	0	0	0	0	10	0	0	0	0	0	0	0	0	0	0	0	1	0	0	0	0	0	0	0	0	0	0	0	7	0	0	0	0	16	0	0	19	0	0	0	0	0	0	0	5	0	17	0	18	12.24
SRR6358820	2	0	0	0	0	0	0	0	0	0	0	0	0	0	0	0	0	0	0	0	0	0	0	0	0	0	1	0	0	0	0	0	0	0	0	0	0	0	0	0	0	0	0	3	0	0	2	0	0	0	0	0	0	0	1	0	1	0	4	3.72
SRR6358821	45	0	0	0	0	0	0	0	0	0	0	0	0	0	49	0	0	0	34	0	0	0	0	0	0	0	11	0	0	0	0	0	0	0	0	0	0	0	0	0	0	0	0	49	0	0	54	0	0	0	0	11	0	0	21	0	53	0	60	46.13
SRR6358822	0	0	0	0	0	0	0	0	0	0	0	0	0	0	1	0	0	0	0	0	0	0	0	0	0	0	0	0	0	0	0	0	0	0	0	0	0	0	0	0	0	0	0	0	0	0	0	0	0	0	0	0	0	0	2	0	0	0	0	1.79
SRR6358823	54	2	0	0	0	0	0	0	0	0	0	0	0	0	45	0	0	0	0	0	0	0	0	0	0	0	6	0	0	0	0	0	0	0	0	0	0	0	0	0	0	0	0	76	0	0	49	0	0	0	0	0	0	0	42	0	64	0	64	51.45
SRR6358824	202	0	0	0	0	0	0	0	0	0	2	0	0	0	126	0	0	0	0	0	0	0	0	0	0	0	17	0	0	0	0	0	0	0	0	0	0	0	30	0	0	0	22	123	0	0	104	0	0	50	0	23	0	0	67	0	128	0	166	106.8
SRR6358825	167	0	0	0	0	0	0	0	0	0	0	0	0	0	237	0	0	0	0	0	0	0	0	1	0	0	36	0	0	0	0	0	0	0	0	0	0	0	89	0	0	0	0	277	0	0	241	0	0	0	0	0	0	0	163	0	234	0	324	225.72
SRR6358826	83	0	0	0	0	0	0	0	0	0	0	0	0	0	50	0	0	0	0	0	0	0	0	0	0	0	9	0	0	0	0	0	0	0	0	0	0	0	18	0	0	0	0	77	0	0	61	0	0	0	0	0	0	0	54	0	71	0	92	58.13
SRR6358827	95	0	0	0	0	0	0	0	0	0	0	0	0	0	67	0	0	0	0	0	0	0	0	0	0	0	7	0	0	0	0	0	0	0	0	0	0	0	0	0	0	0	0	100	0	0	53	0	0	0	0	0	0	0	46	0	78	0	82	60.98
