cells	chrMT:64:C/T	chrMT:73:A/G	chrMT:810:G/A	chrMT:887:G/A	chrMT:1574:G/A	chrMT:1700:T/C	chrMT:1792:G/A	chrMT:2105:G/A	chrMT:2257:C/T	chrMT:2333:G/A	chrMT:2635:G/A	chrMT:3065:T/C	chrMT:3517:T/C	chrMT:4296:G/A	chrMT:4450:G/A	chrMT:4769:A/G	chrMT:6163:T/C	chrMT:6909:G/A	chrMT:7609:T/C	chrMT:8070:C/T	chrMT:8102:G/A	chrMT:8636:T/C	chrMT:9111:T/C	chrMT:9528:C/T	chrMT:9628:G/A	chrMT:9753:G/A	chrMT:10801:G/A	chrMT:11087:T/C	chrMT:11184:G/A	chrMT:11228:T/C	chrMT:11269:C/T	chrMT:11719:G/A	chrMT:11825:G/A	chrMT:12101:T/C	chrMT:12259:T/C	chrMT:12372:G/A	chrMT:13577:T/C	chrMT:13970:G/A	chrMT:14363:A/T	chrMT:14484:T/C	chrMT:14793:A/G	chrMT:15064:A/C	chrMT:15218:A/G	chrMT:15244:A/G	chrMT:15756:G/A	chrMT:15831:T/C	chrMT:16018:T/C	chrMT:16231:T/C	chrMT:16280:A/G	depth
SRR6358636	0	0	0	0	0	0	0	0	0	0	0	0	0	0	0	0	0	0	0	0	0	0	0	0	0	0	0	0	0	0	0	1	0	0	0	0	0	0	0	0	0	0	1	0	0	0	0	0	0	1.88
SRR6358637	0	58	0	0	0	56	0	0	0	0	0	0	0	0	0	5	0	0	0	0	0	0	0	0	0	9	0	0	0	23	0	61	0	0	0	64	0	0	0	0	37	0	71	0	0	0	0	0	0	67.97
SRR6358638	0	0	0	0	0	0	0	0	0	0	0	0	0	0	0	0	0	0	0	0	0	0	0	0	0	0	0	0	0	0	0	0	0	0	0	0	0	0	0	0	0	0	1	0	0	0	0	0	0	1.37
SRR6358639	0	68	0	0	0	69	0	0	0	0	0	0	0	0	0	25	0	0	0	0	0	0	0	0	0	0	0	0	0	0	0	77	0	0	0	93	0	0	0	0	67	0	95	0	0	0	0	0	0	84.11
SRR6358640	0	203	0	0	0	85	0	0	0	0	0	0	0	0	0	18	7	0	0	0	0	0	0	0	0	0	0	0	0	0	0	56	0	0	0	91	0	0	0	0	75	0	98	0	0	0	0	0	0	89.26
SRR6358641	0	0	0	0	0	0	0	0	0	0	0	0	0	0	0	0	0	0	0	0	0	0	0	0	0	0	0	0	0	0	0	0	0	0	0	0	0	0	0	0	0	0	0	0	0	0	0	0	0	1.84
SRR6358642	0	212	0	0	0	85	0	0	0	0	0	0	0	0	0	19	0	0	0	0	0	0	0	0	0	0	59	0	0	0	0	93	0	0	0	89	0	0	0	0	100	0	114	0	0	0	0	0	0	102.81
SRR6358643	0	3	0	0	0	6	0	0	0	0	0	0	0	0	0	0	0	0	0	0	0	0	0	0	0	0	1	0	0	0	0	1	0	0	0	11	0	0	0	0	7	0	7	0	0	0	0	0	0	5.56
SRR6358644	0	182	0	0	0	132	0	0	0	0	0	24	0	0	0	35	0	0	0	0	0	0	0	0	0	0	1	0	0	0	0	155	0	0	0	199	0	0	0	0	166	0	183	0	0	0	0	0	0	176.97
SRR6358645	0	0	0	0	0	0	0	0	0	0	0	0	0	0	0	0	0	0	0	0	0	0	0	0	0	0	0	0	0	0	0	1	0	0	0	0	0	0	0	0	0	0	0	0	0	0	0	0	0	1.72
SRR6358646	0	6	0	0	0	3	0	0	0	0	0	0	0	0	1	0	0	0	0	0	0	0	0	0	0	0	0	0	0	0	0	7	0	0	0	9	0	0	0	0	1	0	7	0	0	0	0	0	0	6.88
SRR6358647	0	64	0	0	0	50	0	0	0	0	0	0	0	0	0	10	0	0	0	0	0	0	0	0	0	0	0	0	0	0	0	43	0	0	0	58	0	0	0	0	55	0	66	0	0	0	0	0	0	60.65
SRR6358648	0	250	0	0	0	160	0	0	0	0	0	0	0	29	0	30	0	0	0	0	0	0	0	0	0	0	141	0	0	0	0	138	0	0	0	185	0	0	0	0	144	0	206	0	0	0	0	0	0	171.08
SRR6358649	0	25	0	0	0	12	0	0	0	0	0	0	0	0	0	7	0	0	0	0	0	0	0	0	0	0	20	0	0	0	0	21	0	0	0	32	0	0	0	0	21	0	38	0	0	0	0	0	0	27.91
SRR6358650	0	3	0	0	0	2	0	0	0	0	0	0	0	0	0	0	0	0	0	0	0	0	0	0	0	0	0	0	0	0	0	0	0	0	0	1	0	0	0	0	1	0	4	0	0	0	0	0	0	2.86
SRR6358651	0	0	0	0	0	0	0	0	0	0	0	0	0	0	0	0	0	0	0	0	0	0	0	0	0	0	0	0	0	0	0	0	0	0	0	0	0	0	0	0	0	0	0	0	0	0	0	0	0	1.63
SRR6358652	0	67	0	0	0	38	0	0	0	0	0	0	0	0	0	11	0	0	0	0	0	0	0	0	0	0	29	0	0	0	0	32	0	0	0	39	0	0	0	0	28	0	40	0	0	0	0	0	0	37.8
SRR6358653	0	368	0	0	46	332	0	0	0	0	0	1	0	0	85	54	0	0	6	0	0	0	0	0	0	0	197	0	0	0	0	317	0	52	0	369	0	1	0	0	263	0	422	0	0	0	0	0	0	356.93
SRR6358654	0	119	0	0	0	41	0	0	0	0	0	0	0	0	0	15	0	0	0	0	0	0	0	0	0	0	0	0	0	0	0	32	0	0	0	65	0	0	0	0	41	0	66	0	0	0	0	0	0	47.83
SRR6358655	0	264	0	0	0	188	0	0	0	0	167	0	0	0	0	33	0	0	0	0	0	0	0	0	0	0	0	0	0	0	0	184	0	0	0	203	0	0	0	0	182	0	248	0	0	0	0	0	0	207.78
SRR6358656	0	121	0	0	0	23	0	0	0	0	0	0	0	0	0	7	0	0	0	0	0	0	0	0	0	0	0	0	0	0	0	23	0	0	0	34	0	0	0	0	21	0	34	0	0	0	0	0	0	28.11
SRR6358657	0	0	0	0	0	0	0	0	0	0	0	0	0	0	0	0	0	0	0	0	0	0	0	0	0	0	0	0	0	0	0	0	0	0	0	0	0	0	0	0	1	0	0	0	0	0	0	0	0	1.53
SRR6358658	0	149	0	0	0	75	0	0	0	0	0	0	0	0	0	17	0	0	0	0	0	0	0	0	0	0	0	0	0	0	0	80	0	0	0	78	0	0	0	0	98	0	108	0	0	0	0	0	0	98.43
SRR6358659	8	34	0	0	0	28	0	0	0	0	0	0	0	0	0	13	0	0	0	30	0	0	0	0	0	0	0	0	0	0	0	51	28	0	0	63	0	0	0	0	35	0	84	0	0	0	0	0	0	54.18
SRR6358660	0	0	0	0	0	0	0	0	0	0	0	0	0	0	0	0	0	0	0	0	0	0	0	0	0	0	1	0	0	0	0	1	0	0	0	0	0	0	0	0	0	0	1	0	0	0	0	0	0	1.44
SRR6358661	0	8	0	0	0	3	0	0	0	0	0	0	0	0	0	2	0	0	0	0	0	0	0	0	0	0	0	0	0	0	0	6	0	0	0	6	0	0	0	0	6	0	13	0	0	0	0	0	0	5.62
SRR6358662	0	6	0	0	0	8	0	0	0	0	0	0	0	0	0	6	0	0	0	0	0	0	0	0	0	0	0	0	0	0	0	8	0	0	0	11	0	0	0	0	10	0	16	0	0	0	0	0	0	10.59
SRR6358663	0	85	0	0	0	99	0	0	0	0	0	0	0	0	0	26	0	0	0	0	0	0	0	0	0	0	16	0	0	0	0	116	0	0	13	119	0	17	0	0	105	0	148	0	0	0	0	0	0	126.09
SRR6358664	0	285	0	0	0	47	0	0	0	0	0	0	0	0	0	14	0	0	0	0	0	0	0	0	0	0	0	0	0	1	46	50	0	0	0	47	0	0	0	0	66	0	59	0	0	0	0	0	0	65.44
SRR6358665	0	5	0	0	0	9	0	0	0	0	0	0	0	0	0	4	0	0	0	0	0	0	0	0	0	0	0	0	0	0	0	5	0	0	0	12	0	0	0	0	7	0	18	0	0	0	0	0	0	12.24
SRR6358666	0	150	0	0	0	109	0	0	0	0	0	0	0	0	0	21	0	0	0	0	0	0	0	0	0	0	0	0	0	0	0	86	0	0	0	92	0	0	0	0	87	0	112	0	0	0	0	0	0	106.14
SRR6358667	0	0	0	0	0	0	0	0	0	0	0	0	0	0	0	0	0	0	0	0	0	0	0	0	0	0	0	0	0	0	0	0	0	0	0	1	0	0	0	0	0	0	0	0	0	0	0	0	0	1.35
SRR6358668	0	0	0	0	0	0	0	0	0	0	0	0	0	0	0	0	0	0	0	0	0	0	0	0	0	0	0	0	0	0	0	0	0	0	0	0	0	0	0	0	0	0	0	0	0	0	0	0	0	1.2
SRR6358669	0	197	0	0	0	187	0	0	0	0	0	0	0	0	0	35	0	0	1	0	0	0	0	0	0	36	0	0	0	66	0	206	0	0	0	242	0	0	0	0	158	0	259	0	0	0	0	0	1	235.99
SRR6358670	0	67	0	0	0	71	0	0	0	0	0	0	0	0	0	10	0	0	0	0	0	0	0	0	0	0	0	0	0	10	0	72	0	0	0	83	0	0	0	0	69	0	95	0	0	0	0	0	0	77.01
SRR6358671	0	23	0	0	0	13	0	0	0	0	0	0	0	0	0	6	0	0	0	0	0	0	0	0	0	0	0	0	0	0	0	23	0	0	0	30	0	0	0	0	24	0	33	0	0	0	0	0	0	30.28
SRR6358672	0	325	0	0	0	126	0	0	0	0	0	0	1	0	0	22	0	0	0	0	0	0	0	2	0	0	0	0	0	0	0	126	0	0	0	141	0	0	0	0	149	0	200	0	0	0	0	0	0	162.17
SRR6358673	0	9	0	0	0	9	0	0	0	0	0	0	0	0	0	0	0	0	0	0	0	0	0	0	0	0	0	0	0	0	0	11	0	0	0	18	0	0	0	0	5	0	12	0	0	0	0	0	0	16.59
SRR6358674	0	120	0	0	0	103	0	0	0	0	0	0	0	0	0	8	0	0	0	0	0	0	0	0	0	0	9	0	0	1	0	62	0	0	0	105	0	0	0	0	109	0	114	0	0	0	0	0	0	103.98
SRR6358675	0	0	0	0	0	0	0	0	0	0	0	0	0	0	0	0	0	0	0	0	0	0	0	0	0	0	0	0	0	0	0	0	0	0	0	1	0	0	0	0	0	0	0	0	0	0	0	0	0	1.23
SRR6358676	0	21	0	0	0	14	0	0	0	0	0	0	0	0	0	4	0	0	0	0	0	0	0	0	0	0	0	0	0	2	0	18	0	0	0	25	0	0	0	0	24	0	31	0	0	0	0	0	0	24.25
SRR6358677	0	200	1	1	0	206	0	0	0	0	0	0	0	0	0	27	0	0	1	0	0	0	0	0	0	0	46	0	0	0	0	220	0	0	0	251	0	0	0	0	194	0	252	0	0	0	0	0	0	234.93
SRR6358678	0	108	0	0	0	26	0	0	0	0	0	0	0	0	0	12	0	0	0	0	0	0	0	4	0	0	0	0	0	0	0	35	0	0	0	28	0	0	0	0	17	0	42	0	0	0	0	0	0	35.64
SRR6358679	0	118	0	0	0	33	0	0	0	0	0	0	2	0	0	7	0	0	0	0	0	0	0	0	0	0	0	0	0	0	0	31	0	0	0	32	0	0	0	0	28	0	49	0	0	0	0	0	5	38.05
SRR6358680	0	44	0	0	0	46	0	0	0	0	0	0	0	0	0	8	0	0	0	0	0	0	0	0	0	0	0	0	0	0	0	46	0	0	0	32	0	0	0	0	28	0	51	0	0	0	0	0	0	44.44
SRR6358681	0	0	0	0	0	0	0	0	0	0	0	0	0	0	0	0	0	0	0	0	0	0	0	0	0	0	0	0	0	0	0	0	0	0	0	0	0	0	0	0	0	0	0	0	0	0	0	0	0	1.57
SRR6358682	0	163	0	0	0	42	0	0	0	0	0	0	0	0	0	16	0	0	0	0	0	0	0	0	0	0	0	0	0	0	0	61	0	0	0	66	0	0	0	0	59	0	63	0	9	0	0	0	0	63.97
SRR6358683	0	243	0	0	0	127	99	0	0	0	0	0	0	0	0	17	0	0	0	0	0	0	0	0	0	0	0	0	0	0	0	83	0	0	0	110	0	0	0	0	101	126	119	0	0	0	0	0	0	118.04
SRR6358684	0	2	0	0	0	1	0	0	0	0	0	0	0	0	0	1	0	0	0	0	0	0	0	0	0	0	2	0	0	0	0	2	0	0	0	5	0	0	0	0	1	0	1	0	0	0	0	0	0	3.05
SRR6358685	0	156	0	0	0	61	0	0	0	0	0	0	0	0	0	9	0	0	0	0	0	0	0	0	0	0	0	0	0	0	0	69	0	0	0	72	0	1	0	0	65	0	71	0	0	0	0	0	0	72.37
SRR6358686	0	3	0	0	0	8	0	0	0	0	0	0	0	0	0	5	0	0	0	0	0	0	0	0	0	0	0	0	0	0	0	10	0	0	0	9	0	0	0	0	6	0	12	0	0	0	0	0	0	11.15
SRR6358687	0	81	0	0	0	67	0	0	0	0	0	0	0	0	0	15	0	0	0	0	0	82	0	0	0	0	0	0	0	0	0	58	0	0	0	91	0	0	0	0	83	0	101	0	0	0	0	0	0	84.39
SRR6358688	0	0	0	0	0	0	0	0	0	0	0	0	0	0	0	0	0	0	0	0	0	0	0	0	0	0	0	0	0	0	0	2	0	0	0	0	0	0	0	0	2	0	1	0	0	0	0	0	0	1.75
SRR6358689	0	2	0	0	0	7	4	0	0	0	0	0	0	0	0	3	0	0	0	0	0	0	0	0	0	0	1	0	0	0	0	3	0	0	0	3	0	0	0	0	6	4	5	0	0	0	0	0	0	5.08
SRR6358690	0	109	0	0	0	115	0	0	49	0	0	0	0	0	0	18	0	0	0	0	0	0	0	0	25	0	19	0	0	0	2	122	0	0	0	123	0	0	0	0	105	0	162	0	0	0	13	0	0	137.17
SRR6358691	0	7	0	0	0	9	0	0	0	0	0	0	0	0	0	4	0	0	0	0	0	0	0	0	0	0	0	0	0	0	0	7	0	0	0	21	0	0	0	0	10	0	14	0	0	0	0	0	0	13.78
SRR6358692	0	0	0	0	0	0	0	0	0	0	0	0	0	0	0	1	0	0	0	0	0	0	0	0	0	0	0	0	0	0	0	1	0	0	0	1	0	0	0	0	0	0	4	0	0	0	0	0	0	1.88
SRR6358693	0	88	0	0	0	90	0	0	0	0	0	0	0	0	0	11	0	0	0	0	0	0	0	0	0	0	0	0	0	0	0	77	0	0	0	125	0	0	0	0	106	0	126	0	0	0	0	0	0	102.13
SRR6358694	0	14	0	0	0	13	0	0	0	0	0	0	0	0	0	3	0	0	0	0	0	0	0	0	0	0	10	0	0	0	0	15	0	0	0	16	0	0	0	0	10	0	16	0	0	0	0	0	0	16.37
SRR6358695	0	27	0	0	0	30	0	0	0	0	0	0	0	0	0	5	0	0	0	0	0	0	0	0	0	0	0	0	0	0	0	38	0	0	0	35	0	0	0	0	26	0	40	0	0	0	0	0	0	35.2
SRR6358696	0	51	0	0	0	52	0	0	0	0	0	0	0	0	0	14	0	1	0	0	23	0	0	0	0	0	0	0	0	0	0	56	0	0	0	46	0	0	0	0	42	0	59	0	0	0	0	0	0	53.73
SRR6358697	0	62	0	0	0	62	0	0	0	0	0	0	13	0	0	5	0	0	0	0	0	0	0	0	0	0	34	31	0	0	0	65	0	0	0	79	18	0	0	0	60	0	115	0	0	0	0	0	0	83.71
SRR6358698	2	197	0	0	0	123	0	18	0	0	0	0	0	0	0	21	0	0	0	0	0	0	0	0	0	0	0	0	0	0	0	129	0	0	0	117	0	0	0	0	129	0	199	0	0	0	0	0	0	140.42
SRR6358699	0	6	0	0	0	5	0	0	0	0	0	0	0	0	0	0	0	0	0	0	0	0	0	0	0	0	0	0	0	0	0	2	0	0	0	6	0	0	0	0	3	0	9	0	0	0	0	0	0	3.88
SRR6358700	0	53	0	58	0	64	0	0	0	0	0	0	0	0	0	19	0	0	0	0	0	0	0	0	0	0	0	0	0	0	0	48	0	0	0	63	0	0	0	0	66	0	53	0	0	0	0	0	0	61.2
SRR6358701	0	73	0	0	0	85	0	0	0	0	0	0	0	0	0	24	0	0	40	0	0	0	0	0	0	0	6	0	0	0	0	61	0	0	0	66	0	0	0	0	67	0	78	0	0	0	0	0	0	77.09
SRR6358702	0	61	73	0	0	60	0	0	0	0	0	0	0	0	0	14	0	0	0	0	0	0	52	0	0	0	0	0	0	0	0	52	0	0	0	74	0	0	0	0	79	0	75	0	0	0	0	0	0	73.22
SRR6358703	0	21	0	0	0	31	0	0	0	0	0	0	0	0	0	9	0	0	0	0	3	0	0	0	0	0	0	0	0	0	0	13	0	0	0	17	0	0	0	0	15	0	18	0	0	0	0	0	0	20.55
SRR6358704	0	92	0	0	0	85	0	0	1	0	0	0	0	0	0	29	1	35	0	0	0	0	0	0	0	0	0	0	0	0	0	96	0	0	0	94	0	0	0	0	105	0	134	0	0	0	0	0	0	112.48
SRR6358705	0	33	0	0	0	27	0	0	0	0	0	0	0	0	0	8	0	0	0	0	0	0	0	0	0	0	2	0	0	0	0	44	0	0	0	42	0	0	0	0	35	0	41	0	0	0	0	38	0	40.48
SRR6358706	0	35	0	0	0	54	0	0	0	0	0	0	0	0	0	12	0	0	0	0	0	0	0	0	0	0	0	0	0	0	0	48	0	0	0	62	0	0	0	0	50	0	69	0	0	0	0	0	0	58.76
SRR6358707	0	42	0	0	0	46	0	0	0	0	0	0	0	0	0	7	0	0	0	0	0	0	0	0	0	0	49	0	0	0	0	51	0	0	0	64	0	1	0	0	43	0	61	0	0	31	0	0	0	55.88
SRR6358708	0	157	0	0	0	88	0	0	0	0	0	0	0	0	0	19	0	0	0	0	0	0	0	0	0	0	0	0	0	0	0	96	0	0	0	106	0	0	0	0	94	0	136	0	0	0	0	0	0	106.15
SRR6358709	0	95	0	0	0	76	0	0	0	0	0	0	0	0	0	23	0	0	0	0	0	0	0	0	0	0	102	0	0	0	0	97	0	0	0	92	0	0	0	0	102	0	111	0	0	0	0	0	0	101.82
SRR6358710	0	64	0	0	0	87	0	0	0	0	0	0	0	0	0	17	0	0	0	0	0	0	0	0	0	0	0	0	0	0	0	64	0	0	0	91	0	0	0	0	61	0	88	0	0	0	0	0	0	80.69
SRR6358711	0	180	0	0	0	105	0	0	0	0	0	0	0	0	0	16	0	0	0	0	0	0	1	0	0	0	0	1	0	0	0	91	0	0	0	86	0	0	0	0	99	0	126	0	0	0	0	0	0	116.69
SRR6358712	0	2	0	0	0	0	0	0	0	0	0	0	0	0	0	0	0	0	0	0	0	0	2	0	0	0	0	0	0	0	0	0	0	0	0	0	0	0	0	0	0	0	0	0	0	0	0	0	0	1.4
SRR6358713	0	18	0	0	0	28	0	0	0	22	8	0	0	0	0	2	0	0	0	0	0	0	0	0	0	0	0	0	0	0	0	29	0	0	0	23	0	0	0	0	18	0	31	0	0	0	0	0	0	26.36
SRR6358714	0	89	0	0	0	100	0	0	0	0	0	0	0	0	0	18	0	0	0	0	0	0	0	0	0	0	107	0	0	0	0	80	0	0	0	97	0	0	0	0	93	0	112	0	0	0	0	0	0	97.28
SRR6358715	0	14	0	0	0	15	0	0	0	0	0	0	0	0	0	2	0	0	0	0	0	0	0	0	0	0	0	0	0	0	0	18	0	0	0	25	0	0	0	0	13	0	23	0	0	0	0	0	0	19
SRR6358716	0	117	0	0	1	111	0	0	0	0	0	0	0	0	0	27	0	0	0	0	0	0	0	0	0	0	85	0	0	0	0	132	0	0	0	147	0	0	90	0	114	0	169	0	0	0	0	0	0	143.03
SRR6358717	0	108	0	0	0	50	0	0	0	0	0	0	0	0	0	19	0	0	0	0	0	0	0	0	0	0	0	0	0	0	0	57	0	0	0	58	0	0	0	0	37	0	77	0	0	0	0	0	0	59.1
SRR6358718	0	1	0	0	0	0	0	0	0	0	0	0	0	0	0	0	0	0	0	0	0	0	0	0	0	0	0	0	0	0	0	0	0	0	0	0	0	0	0	0	1	0	2	0	0	0	0	0	0	1.37
SRR6358719	0	14	0	0	0	13	0	0	0	0	0	0	0	0	0	1	0	0	0	0	0	0	0	0	0	0	0	0	0	0	0	5	0	0	0	24	0	0	0	0	13	0	28	20	0	0	0	0	0	20.43
SRR6358720	0	3	0	0	0	4	0	0	0	0	0	0	0	0	0	2	0	0	0	0	0	0	0	0	0	0	0	0	0	0	0	7	0	0	0	5	0	0	0	0	2	0	7	0	0	0	0	0	0	5.55
SRR6358721	0	180	0	0	0	87	0	0	0	0	0	0	0	0	0	18	0	0	0	0	0	0	0	2	0	0	0	0	0	0	0	107	0	0	0	109	0	0	0	0	86	0	137	0	0	0	0	0	0	109.65
SRR6358722	0	203	0	0	0	164	0	0	0	0	2	0	0	0	0	25	0	0	0	0	0	0	0	0	0	0	83	0	0	0	0	158	0	0	0	166	0	0	0	87	147	0	217	0	0	0	0	0	0	183.24
SRR6358723	0	0	0	0	0	0	0	0	0	0	0	0	0	0	0	0	0	0	0	0	0	0	0	0	0	0	0	0	0	0	0	1	0	0	0	1	0	0	0	0	0	0	0	0	0	0	0	0	0	1.63
SRR6358724	0	8	0	0	0	18	0	0	0	0	0	0	0	0	0	2	0	0	0	0	0	0	0	0	0	0	0	0	0	0	0	15	0	0	0	22	0	0	0	0	13	0	22	0	0	0	0	0	0	21.04
SRR6358725	0	1	0	0	0	1	0	0	0	0	0	0	0	0	0	0	0	0	0	0	0	0	0	0	0	0	1	0	0	0	0	5	0	0	0	6	0	0	0	0	0	0	3	0	0	0	0	0	0	4.79
SRR6358726	0	95	0	0	0	24	0	0	0	0	0	0	0	0	0	5	0	0	0	0	0	0	0	0	0	0	8	0	0	0	0	33	0	0	0	39	0	0	0	0	31	0	47	0	0	0	0	0	0	34.69
SRR6358727	0	179	0	0	0	155	0	0	0	0	0	0	0	0	0	37	0	0	0	1	0	0	0	0	0	0	29	0	0	0	0	150	0	0	0	184	0	0	0	0	143	0	239	0	0	0	0	0	0	187.69
SRR6358728	0	7	0	0	0	5	0	0	0	0	0	0	0	0	0	2	0	0	0	0	0	0	0	0	0	0	0	0	0	0	0	2	0	0	0	10	0	0	0	0	1	0	4	0	0	0	0	0	0	6.13
SRR6358729	0	65	0	0	0	71	0	0	0	0	0	0	0	0	0	16	0	0	0	0	0	0	0	0	0	0	72	0	0	0	0	72	0	0	0	110	0	0	0	1	79	0	111	0	0	0	0	0	2	83.75
SRR6358730	0	73	0	0	0	90	0	0	0	0	0	0	0	0	0	17	0	0	0	0	0	0	0	0	0	0	23	0	0	0	0	82	0	0	0	102	0	0	0	0	115	0	106	0	0	0	0	0	0	104.71
SRR6358731	0	124	0	0	0	83	0	0	0	0	0	0	0	0	0	15	0	0	0	0	0	0	0	0	0	0	0	0	14	0	0	87	0	0	0	81	0	0	0	0	86	0	113	0	0	0	0	0	0	92.12
