cells	chrMT:73:A/G	chrMT:899:G/A	chrMT:1339:G/A	chrMT:1443:T/C	chrMT:1551:G/A	chrMT:1886:G/A	chrMT:1906:G/A	chrMT:1918:G/A	chrMT:2041:T/C	chrMT:2058:C/T	chrMT:2259:C/T	chrMT:2407:T/C	chrMT:2421:G/A	chrMT:2621:G/A	chrMT:2706:A/G	chrMT:2707:A/G	chrMT:2887:T/C	chrMT:2976:G/A	chrMT:3022:G/A	chrMT:3243:A/G	chrMT:3358:G/A	chrMT:3608:G/A	chrMT:3624:A/G	chrMT:3866:T/C	chrMT:4118:T/C	chrMT:4125:T/C	chrMT:4769:A/G	chrMT:5152:T/C	chrMT:6168:G/C	chrMT:7649:A/G	chrMT:7746:A/G	chrMT:7759:T/C	chrMT:8636:T/C	chrMT:9276:G/A	chrMT:9655:G/A	chrMT:10360:G/A	chrMT:10635:G/A	chrMT:10680:G/A	chrMT:10801:G/A	chrMT:11163:G/A	chrMT:11410:T/C	chrMT:11579:T/C	chrMT:11711:G/A	chrMT:11893:A/G	chrMT:12203:T/C	chrMT:12291:T/C	chrMT:12372:G/A	chrMT:12391:A/T	chrMT:12451:A/G	chrMT:12599:T/C	chrMT:13309:G/A	chrMT:13810:G/A	chrMT:13823:T/C	chrMT:14120:T/C	chrMT:14793:A/G	chrMT:15096:T/C	chrMT:15218:A/G	chrMT:16221:C/T	chrMT:16399:A/G	depth
SRR6358732	1	0	0	0	0	0	0	0	0	0	0	0	0	0	1	0	0	0	0	0	0	0	0	0	0	0	1	0	0	0	0	0	0	0	0	0	0	0	0	0	0	0	0	1	0	0	1	0	0	0	0	0	0	0	1	0	1	0	1	46.45
SRR6358733	1	0	0	0	0	0	0	0	0	0	0	0	0	0	1	0	0	0	0	0	0	0	0	0	0	0	1	0	0	0	0	0	0	0	0	0	0	0	0	0	0	0	0	1	0	0	1	0	0	0	0	0	0	0	1	0	1	0	1	47.31
SRR6358734	0	0	0	0	0	0	0	0	0	0	0	0	0	0	1	0	0	0	0	0	0	0	0	0	0	0	0	0	0	0	0	0	0	0	0	0	0	0	0	0	0	0	0	1	0	0	0	0	0	0	0	0	0	0	1	0	0	0	0	2.12
SRR6358735	1	0	0	0	0	0	0	0	0	0	0	0	0	0	1	0	0	0	0	0	0	0	0	0	0	0	1	0	0	0	0.13903743315508	0	0	0	0	0	0	0	0.0818505338078292	0	0	0	0	1	0	0	1	0	0	0	0	0	0	0	0.995412844036697	0	0.996845425867508	0.0056980056980057	1	279.83
SRR6358736	1	0.394736842105263	0	0	0	0	0	0	0	0	0	0	0	0	1	0.410958904109589	0	0	0	0	0	0	0	0	0	0	1	0	0	0	0	0	0	0	0	0	0	0	0.363636363636364	0	0	0	0	1	0	0	1	0	0	0	0	0	0	0	1	0	1	0	1	75.4
SRR6358737	1	0	0	0	0	0	0	0	0	0	0	0	0	0	1	0	0	0	0	0	0	0	0	0	0	0	0	0	0	0	0	0	0	0	0	0	0	0	0	0	0	0	0	1	0	0	1	0	0	0	0	0	0	0	1	0	1	0	1	7.65
SRR6358738	1	0	0	0	0	0	0	0	0	0	0	0	0	0	1	0	0	0	0	0	0	0	0	0	0	0	1	0	0	0	0	0	0	0	0	0	0	0	0	0	0	0	0	1	0	0	1	0	0	0	0	0	0	0	1	0	1	0	1	3.87
SRR6358739	1	0	0	0	0	0	0	0	0	0	0	0	0	0	1	0	0.23030303030303	0	0	0	0	0	0	0	0	0	1	0	0	0	0	0	0	0.102739726027397	0	0	0	0.652173913043478	0	0	0	0	0	1	0	0	1	0	0	0	0	0	0	0	1	0	0.991596638655462	0	1	111.12
SRR6358740	1	0	0	0	0	0	0	0	0	0	0	0	0	0	1	0	0	0	0	0	0	0	0	0	0	0	1	0	0	0	0	0	0	0	0	0	0	0	0	0	0	0	0	1	0	0	1	0	0	0	0	0	0	0	1	0	1	0	1	24.71
SRR6358741	1	0	0	0	0	0	0	0	0	0	0	0	0	0	1	0	0	0	0	0	0	0	0	0	0	0	1	0	0	0	0	0	0	0	0	0	0	0	0.0666666666666667	0	0	0	0	1	0	0	1	0	0	0	0	0	0	0	1	0	1	0	1	17.98
SRR6358742	1	0	0	0	0	0	0	0	0	0	0	0	0	0	1	0	0	0	0	0	0	0	0	0	0	0	1	0	0	0	0	0	0	0	0	0	0	0	1	0	0	0	0	1	0	0	1	0	0	0	0	0	0	0	1	0	1	0	1	11.33
SRR6358743	1	0	0	0	0	0	0	0	0	0	0	0	0	0	1	0	0	0	0	0	0.476190476190476	0	0	0	0	0	1	0	0	0	0	0	0	0	0	0	0	0	0.424242424242424	0	0	0	0	1	0	0	1	0	0	0	0	0	0	0	1	0	1	0	1	39.7
SRR6358744	1	0	0	0	0	0	0	0	0	0	0	0	0	0	1	0	0	0	0	0	0	0	0	0	0	0	1	0	0	0	0	0	0	0	0	0	0.183760683760684	0	0.276699029126214	0	0	0	0	1	0	0	1	0	0	0	0	0	0	0	1	0	1	0	1	164.86
SRR6358745	1	0	0	0	0	0	0	0	0	0	0	0	0	0	1	0	0	0	0	0	0	0	0	0	0	0	0.944444444444444	0	0	0	0	0	0	0	0	0	0	0	0.102222222222222	0.00699300699300699	0	0	0	1	0	0	1	0	0	0	0	0	0	0	1	0	1	0	1	230.18
SRR6358746	1	0	0	0	0	0	0.666666666666667	0	0	0	0	0	0	0	1	0	0	0	0	0.96	0	0	0	0	0	0	0.5	0	0	0	0	0	0	0	0	0	0	0	0	0	0	0	0	1	0	0	1	0	0	0	0	0	0	0	1	0	1	0	1	18.91
SRR6358747	1	0	0	0	0	0	0	0	0	0	0	0	0	0	1	0	0	0	0	0	0	0	0	0	0	0	0	0	0	0	0	0	0	0	0	0	0	0	0	0	0	0	0	0	0	0	0	0	0	0	0	0	0	0	0	0	0	0	1	1.62
SRR6358748	1	0	0	0	0	0	0	0	0	0	0	0	0	0	1	0	0	0	0	0	0	0	0	0	0	0	1	0	0	0	0	0	0	0	0	0	0	0	1	0	0	0	0	1	0	0	1	0	0	0	0	0	0	0	1	0	1	0	1	36.92
SRR6358749	1	0	0	0.837209302325581	0	0	0	0	0	0	0	0	0	0	1	0	0	0	0	0	0	0	0	0	0	0	1	0	0	0	0	0	0	0	0	0	0	0	0	0	0	0	0	1	0.921052631578947	0	1	0	0	0	0	0	0	0	1	0	1	0	1	54.72
SRR6358750	0	0	0	0	0	0	0	0	0	0	0	0	0	0	0	0	0	0	0	0	0	0	0	0	0	0	0	0	0	0	0	0	0	0	0	0	0	0	0	0	0	0	0	1	0	0	0	0	0	0	0	0	0	0	0	0	0	0	0	1.38
SRR6358751	0	0	0	0	0	0	0	0	0	0	0	0	0	0	1	0	0	0	0	0	0	0	0	0	0	0	0	0	0	0	0	0	0	0	0	0	0	0	0	0	0	0	0	1	0	0	1	0	0	0	0	0	0	0	1	0	1	0	1	2.4
SRR6358752	0	0	0	0	0	0	0	0	0	0	0	0	0	0	0	0	0	0	0	0	0	0	0	0	0	0	0	0	0	0	0	0	0	0	0	0	0	0	0	0	0	0	0	1	0	0	0	0	0	0	0	0	0	0	1	0	1	0	1	2.95
SRR6358753	1	0	0	0	0	0	0	0	0	0	0	0	0	0	1	0	0	0	0	0	0	0	0	0	0	0	1	0	0	0	0	0	0	0	0	0	0	0	0	0	0	0	0	1	0	0	1	0	0	0	0	0	0	0	1	0	1	0	1	20.45
SRR6358754	1	0	0	0	0	0	0	0	0	0	0	0	0	0	1	0	0	0	0	0	0	0	0	0	0	0	1	0	0	0	0	0	0.133333333333333	0	0	0	0	0	0.0821917808219178	0	0	0	0	1	0	0	1	0	0	0	0	0	0	0	1	0	1	0	1	142.4
SRR6358755	1	0	0	0	0	0	0	0	1	0	0	0	0	0	1	0	0	0	0	0	0	0	0	0	0	0	1	0	0	0	0	0	0	0	0	0	0	0	0	0	0	0	0	1	0	0	1	0	0	0	0	0	0	0	1	0	1	0	1	36.94
SRR6358756	0	0	0	0	0	0	0	0	0	0	0	0	0	0	0	0	0	0	0	0	0	0	0	0	0	0	0	0	0	0	0	0	0	0	0	0	0	0	0	0	0	0	0	0	0	0	0	0	0	0	0	0	0	0	0	0	0	0	0	1.25
SRR6358757	1	0	0	0	0	0	0	0	0	0	0	0	0	0	0	0	0	0	0	0	0	0	0	0	0	0	0	0	0	0	0	0	0	0	0	0	0	0	0	0	0	0	0	1	0	0	1	0	0	0	0	0	0	0	1	0	1	0	1	3.47
SRR6358758	1	0.00917431192660551	0	0	0	0	0	0	0	0	0.149425287356322	0.341666666666667	0	0	1	0	0	0	0	0	0	0	0	0	0.523255813953488	0.455696202531646	1	0	0	0	0	0	0	0	0	0	0	0	0.632911392405063	0	0	0	0	1	0	0	1	0	0	0	0	0	0	0	1	0	0.796178343949045	0.0106382978723404	0.990196078431373	90.24
SRR6358759	1	0	0	0	0	0	0	0	0	0	0	0	0	0.127167630057803	1	0	0	0.00641025641025641	0	0	0	0	0	0	0	0	1	0	0	0	0	0	0	0	0	0	0	0	0.350649350649351	0	0	0.209944751381215	0	1	0	0	1	0	0	0	0	0	0	0	1	0	1	0	1	135.81
SRR6358760	1	0	0	0	0	0	0	0	0	0	0	0	0	0	1	0	0	0	0	0	0	0	0	0	0	0	1	0	0	0	0	0	0	0	0	0	0	0	1	0	0	0	0	1	0	0	1	0	0	0	0	0	0	0	1	0	1	0	1	62.96
SRR6358761	1	0	0	0	0	0	0	0	0	0	0	0	0	0	1	0	0	0	0	0	0	0	0	0	0	0	0.904761904761905	0	0	0	0.00909090909090909	0	0	0	0	0	0	0	0.768518518518518	0	0	0	0.00636942675159236	1	0	0	1	0	0	0	0	0	0	0	1	0	1	0.753012048192771	1	182.06
SRR6358762	1	0	0	0	0	0	0	0	0	0	0	0	0	0	1	0	0	0	0	0	0	0	0	0	0	0	1	0	0	0	0	0	0	0	0	0	0	0	0	0	0	0	0	1	0	0	1	0	0	0	0	0	0	0	1	0	1	0	1	12.54
SRR6358763	1	0	0	0	0	0	0	0	0	0	0	0	0	0	1	0	0	0	0	0	0	0	0	0	0	0	0	0	0	0	0	0	0	0	0	0	0	0	0	0	0	0	0	1	0	0	0	0	0	0	0	0	0	0	1	0	1	0	1	1.98
SRR6358764	1	0	0	0	0	0	0	0	0	0	0	0	0	0	1	0	0	0	0	0	0	0	0	0	0	0	0	0	0	0	0	0	0	0	0	0	0	0	0	0	0	0	0	1	0	0	1	0	0	0	0	0	0	0	1	0	1	0	1	4.84
SRR6358765	1	0	0	0	0	0	0	0	0	0	0	0	0	0	1	0	0	0	0	0	0	0	0	0	0	0	1	0	0	0	0	0	0	0	0	0	0	0	0	0	0	0	0	1	0	0	1	0	0	0	0	0	0	0	1	0	1	0	1	39.31
SRR6358766	1	0	0	0	0	0	0	0	0	0	0	0	0	0	1	0	0	0	0	0	0	0	0	0	0	0	1	0	0	0	0	0	0	0	0	0	0	0	0	0	0	0	0	1	0	0	1	0	0	0	0	0	0	0	1	0	1	0	1	51.93
SRR6358767	1	0	0	0	0	0	0	0	0	0	0	0	0	0	1	0	0	0	0	0	0	0	0	0	0	0	1	0	0	0	0	0	0	0	0	0	0	0	0.125	0	0	0	0	1	0	0	1	0	0	0	0	0	0	0	1	0	1	0	1	72.59
SRR6358768	1	0	0	0	0	0	0	0	0	0	0	0	0	0	1	0	0	0	0	0	0	0	0	0	0	0	1	0	0	0	0	0	0	0	0	0	0	0	0	0	0	0	0	1	0	0	1	0	0	0	0	0	0	0	0	0	1	0	1	6.6
SRR6358769	1	0	0	0	0	0	0	0	0	0	0	0	0	0	1	0	0	0	0	0	0	0	0	0	0	0	1	0	0	0	0	0	0	0	0	0	0	0	0.740740740740741	0	0	0	0	1	0	0	1	0	0	0	0	0	0	0	1	0	1	0	1	27.32
SRR6358770	1	0	0	0	0	0	0	0	0	0	0	0	0	0	1	0	0	0	0	0	0	0	0	0	0	0	1	0	0	0	0	0	0	0	0	0	0	0	0	0	0	0	0	1	0	0	1	0	0	0	0	0	0	0	1	0	1	0	1	79.46
SRR6358771	1	0	0	0	0	0	0	0	0	0	0	0	0	0	1	0	0	0	0	0	0	0	0	0	0	0	1	0	0	0	0	0	0	0	0	0	0	0	0	0	0	0	0	1	0	0	1	0	0	0	0	0	0	0	1	0	1	0	1	20
SRR6358772	0	0	0	0	0	0	0	0	0	0	0	0	0	0	0	0	0	0	0	0	0	0	0	0	0	0	0	0	0	0	0	0	0	0	0	0	0	0	0	0	0	0	0	0	0	0	0	0	0	0	0	0	0	0	0	0	1	0	0	1.82
SRR6358773	1	0	0	0	0	0	0	0	0	0	0	0	0	0	1	0	0	0	0	0	0	0	0	0	0	0	0.923076923076923	0	0	0	0	0	0	0	0	0	0	0	0.947368421052632	0	0	0	0	1	0	0	1	0	0	0	0	0	0	0	1	0	1	0	1	52.65
SRR6358774	1	0	0	0	0	0	0	0	0	0	0	0	0	0	0	0	0	0	0	0	0	0	0	0	0	0	0	0	0	0	0	0	0	0	0	0	0	0	0	0	0	0	0	1	0	0	0	0	0	0	0	0	0	0	0	0	1	0	0	2.02
SRR6358775	0	0	0	0	0	0	0	0	0	0	0	0	0	0	0	0	0	0	0	0	0	0	0	0	0	0	0	0	0	0	0	0	0	0	0	0	0	0	0	0	0	0	0	0	0	0	0	0	0	0	0	0	0	0	0	0	0	0	0	1.64
SRR6358776	0	0	0	0	0	0	0	0	0	0	0	0	0	0	0	0	0	0	0	0	0	0	0	0	0	0	0	0	0	0	0	0	0	0	0	0	0	0	0	0	0	0	0	0	0	0	0	0	0	0	0	0	0	0	0	0	0	0	0	1.36
SRR6358777	1	0	0	0	0	0	0	0	0	0	0	0	0	0	1	0	0	0	0	0	0	0	0	0	0	0	0.923076923076923	0	0	0	0	0	0	0	0	0	0	0	0.321739130434783	0	0	0	0	1	0.00869565217391304	0	1	0	0	0	0	0	0	0	1	0.524691358024691	1	0	1	108.94
SRR6358778	1	0	0	0	0	0	0	0	0	0	0	0	0.943181818181818	0	1	0	0	0	0	0	0	0	0	0.972972972972973	0	0	1	0	0	0	0	0	0	0	0	0	0	0	0	0	0	0	0	1	0	0	1	0	0	0	0	0	0	0	1	0	1	0	1	85.08
SRR6358779	1	0	0	0	0	0	0	0	0	0	0	0	0	0	1	0	0	0	0	0	0	0	0	0	0	0	1	0	0	0	0	0	0	0	0	0	0	0	0	0	0	0	0	1	0	0	1	0.525	0	0	0	0	0.307692307692308	0	1	0	1	0	1	54.32
SRR6358780	1	0	0	0	0	0	0	0	0	0	0	0	0	0	1	0	0	0	0	0	0	0	0	0	0	0	1	1	0	0	0	0	0	0	0	0	0	0	0	0	0	0	0	1	0	0	1	0	0	0	0	0	0	0	1	0	1	0	1	16.73
SRR6358781	1	0	1	0	0	0	0	1	0	0	0	0	0	0	1	0	0	0	0	0	0	0	0.0153846153846154	0	0	0	1	0	0	0	0	0	0	0	0	0	0	0	0	0	0	0	0	1	0	0	1	0	0	0	0	0	0	0	1	0	1	0	1	53.45
SRR6358782	1	0	0	0	0	0	0	0	0	0	0	0	0	0	0.991935483870968	0.11787072243346	0	0	0	0	0	0	0	0	0	0	1	0	0	0	0	0	0	0	0.0954773869346734	0	0	0	0	0	0	0	0	1	0	0.127147766323024	1	0	0	0	0	0	0	0.00970873786407767	1	0	1	0	1	230.61
SRR6358783	1	0	0	0	0	0	0	0	0	0.0136986301369863	0	0	0	0	1	0	0	0.290322580645161	0.347826086956522	0	0	0	0	0	0	0	1	0	0	0	0	0	0	0	0	0	0	0	0	0	0	0	0	1	0	0	1	0	0	0	0.26	0	0	0	1	0	1	0	1	117.59
SRR6358784	1	0	0	0	0	0	0	0	0	0	0	0	0	0	1	0	0	0	0	0	0	0	0	0	0	0	1	0	0.882352941176471	0	0	0	0	0	0.771428571428571	0	0	0	0	0	0	0	0	1	0	0	1	0	0	0	0	0	0	0	1	0	0.966101694915254	0	1	57.35
SRR6358785	1	0	0	0	0	0	0.25	0	0	0	0	0	0	0	0	0	0	0	0	0	0	0	0	0	0	0	0	0	0	0	0	0	0	0	0	0	0	0	0	0	0	0	0	0.666666666666667	0	0	1	0	0	0	0	0	0	0	0	0	1	0	1	3.58
SRR6358786	1	0	0	0	0	0	0	0	0	0	0	0	0	0	1	0	0	0	0	0	0	0	0	0	0	0	0.95	0	0	0	0	0	0	0	0	0.117977528089888	0	0	0	0	0	0	0	1	0	0	1	0	0	0	0	0	0	0	1	0	1	0	1	169.08
SRR6358787	1	0	0	0	0	0	0	0	0	0	0	0	0	0	1	0	0	0	0	0	0	0	0	0	0	0	1	0	0	0	0	0	0	0	0	0	0	0	1	0	0	0	0	1	0	0	1	0	0	0	0	0	0	0	1	0	1	0	1	41.67
SRR6358788	0	0	0	0	0	0	0	0	0	0	0	0	0	0	1	0	0	0	0	0	0	0	0	0	0	0	0	0	0	0	0	0	0	0	0	0	0	0	0	0	0	0	0	1	0	0	0	0	0	0	0	0	0	0	0	0	1	0	1	1.79
SRR6358789	1	0	0	0	0	0	0	0	0	0	0	0	0	0	1	0	0	0	0	0	0	0	0	0	0	0	1	0	0	0	0	0	0	0	0	0	0	0	1	0	0	0	0	1	0	0	1	0	0	0	0	0	0	0	1	0	1	0	1	62.63
SRR6358790	1	0	0	0	0	0	0	0	0	0	0	0	0	0	1	0	0	0	0	0	0	0	0	0	0	0	1	0	0	0	0	0	0	0	0	0	0	0	0	0	0	0	0	1	0	0	1	0	0	0	0	0	0	0	1	0	1	0	1	12.35
SRR6358791	1	0	0	0	0	0	0	0	0	0	0	0	0	0	1	0	0	0	0	0	0	0	0	0	0	0	1	0	0	0	0	0	0	0	0	0	0	0	0	0	0	0	0	1	0	0	1	0	0	0	0	0	0	0	1	0	1	0	1	22.91
SRR6358792	1	0	0	0	0	0	0	0	0	0	0	0	0	0	1	0	0	0	0	0	0	0.48936170212766	0	0	0	0	1	0	0	0	0	0	0	0	0	0	0	0	1	0	0	0	0	1	0	0	1	0	0	0	0	0	0	0	1	0	1	0	1	55.81
SRR6358793	1	0	0	0	0	0	0	0	0	0	0	0	0	0	1	0	0	0	0	0	0	0	0	0	0	0	1	0	0	0	0	0	0	0	0	0	0	0	1	0	0	0	0	1	0	0	1	0	0	0	0	0	0	0	0	0	1	0	1	6.81
SRR6358794	1	0	0	0	0	0	0	0	0	0.121212121212121	0	0	0	0	1	0	0	0	0	0	0	0	0.345679012345679	0	0	0	1	0	0	0	0	0	0	0	0	0	0	0	1	0	0	0	0	1	0	0	1	0	0	0	0	0	0	0	1	0	1	0	1	72.7
SRR6358795	1	0	0	0	0.424242424242424	0	0	0	0	0	0	0	0	0	1	0	0	0	0	0	0	0	0	0	0	0	1	0	0	0	0	0	0	0	0	0	0	0	0.986842105263158	0	0	0	0	1	0	0	1	0	0	0	0	0	0	0	1	0	1	0	1	70.55
SRR6358796	1	0	0	0	0	0	0	0	0	0	0	0	0	0	1	0	0	0	0	0	0	0	0	0	0	0	1	0	0	0	0	0	0	0	0	0	0	0	0	0	0	0	0	1	0	0	1	0	0	0	0	0	0	0	1	0	1	0	1	59.58
SRR6358797	1	0	0	0	0	0	0	0	0	0	0	0	0	0	1	0	0	0	0	0	0	0	0	0	0	0	0	0	0	0	0	0	0	0	0	0	0	0	0	0	0	0	0	1	0	0	1	0	0	0	0	0	0	0	1	0	1	0	1	12.09
SRR6358798	1	0	0	0.04	0	0.96	0	0	0	0	0	0	0	0	1	0	0	0	0	0	0	0	0	0	0	0	1	0	0	0	0	0	0	0	0.111111111111111	0	0	0	0.0434782608695652	0	0	0	0	1	0	0	1	0	0	0	0	0	0	0	1	0	1	0	1	19.6
SRR6358799	1	0	0	0	0	0	0	0	0	0	0	0	0	0	1	0	0	0	0	0	0	0	0	0	0	0	1	0	0	0	0	0	0	0	0	0	0	0	0	0	0	0	0	1	0	0	1	0	0	0	0	0	0	0	1	0	1	0	1	42.09
SRR6358800	1	0	0	0	0	0	0	0	0	0	0	0	0	0	1	0	0	0	0	0	0	0	0	0	0	0	1	0	0	0	0	0	0	0	0	0	0	0	0	0	0	0	0	1	0	0	1	0	0	0	0	0	0	0	1	0	1	0	1	17.95
SRR6358801	1	0	0	0	0	0	0	0	0	0	0	0	0	0	1	0	0	0	0	0	0	0	0	0	0	0	0	0	0	0	0	0	0	0	0	0	0	0	0	0	0	0	0	1	0	0	1	0	0	0	0	0	0	0	1	0	1	0	1	2.97
SRR6358802	1	0	0	0	0	0	0	0	0	0	0	0	0	0	1	0	0	0	0	0	0	0	0	0	0	0	1	0	0	0.569230769230769	0	0	0	0	0	0	0	0	0	0.172043010752688	0	0	0	1	0	0	1	0	0.636363636363636	0	0	0	0	0	1	0	1	0	1	53.5
SRR6358803	1	0	0	0	0	0	0	0	0	0	0	0	0	0	1	0	0	0	0	0	0	0	0	0	0	0	0	0	0	0	0	0	0	0	0	0	0	0	0	0	0	0	0	1	0	0	1	0	0	0	0	0	0	0	0	0	1	0	1	2.11
SRR6358804	1	0	0	0	0	0	0	0	0	0	0	0	0	0	1	0	0	0	0	0	0	0	0	0	0	0	1	0	0	0	0	0	0	0	0	0	0	0	0	0	0	0	0	1	0	0	1	0	0	0	0	0	0	0	1	0	1	0	1	139.51
SRR6358805	1	0	0	0	0	0	0	0	0	0	0	0	0	0	1	0	0	0	0	0	0	0	0	0	0	0	0	0	0	0	0	0	0	0	0	0	0	0	0.517241379310345	0	0	0	0.0454545454545455	1	0	0	1	0	0	0	0	0	0	0	1	0	1	0	1	40.97
SRR6358806	1	0	0	0	0	0	0	0	0	0	0	0	0	0	1	0	0	0	0	0	0	0	0	0	0	0	1	0	0	0	0	0	0	0	0	0	0	0	0	0	0	0.0238095238095238	0	1	0	0	1	0	0	0	0	0	0	0	1	0	1	0	1	50.83
SRR6358807	1	0	0	0	0	0	0	0	0	0	0	0	0	0	1	0	0	0	0	0	0	0	0	0	0	0	1	0	0	0	0	0	0	0	0	0	0	0	0	0	1	0	0	1	0	0	1	0	0	0	0	0	0	0	1	0	1	0	1	88.01
SRR6358808	1	0	0	0	0	0	0	0	0	0	0	0	0	0	1	0	0	0	0	0	0	0	0	0	0	0	1	0	0	0	0	0	0	0	0	0	0	0	1	0	0	0	0	1	0	0	1	0	0	0	0	0	0	0	1	0	1	0	1	11.3
SRR6358809	0	0	0	0	0	0	0	0	0	0	0	0	0	0	0	0	0	0	0	0	0	0	0	0	0	0	0	0	0	0	0	0	0	0	0	0	0	0	0	0	0	0	0	0	0	0	0	0	0	0	0	0	0	0	0	0	0	0	0	1.31
SRR6358810	1	0	0	0	0	0	0.0208333333333333	0	0	0	0	0	0	0	1	0	0	0	0	0	0	0	0	0	0	0	1	0	0	0	0	0.585365853658537	0	0	0	0	0	0	1	0	0	0	0	1	0	0	1	0	0	0	0	0	0	0	1	0	1	0	1	45.53
SRR6358811	0	0	0	0	0	0	0	0	0	0	0	0	0	0	1	0	0	0	0	0	0	0	0	0	0	0	1	0	0	0	0	0	0	0	0	0	0	0	1	0	0	0	0	1	0	0	1	0	0	0	0	0	0	0	0	0	0	0	0	2.65
SRR6358812	1	0	0	0	0	0	0	0	0	0	0	0	0	0	1	0	0	0	0	0	0	0	0	0	0	0	1	0	0	0	0	0	0	0	0	0	0	0	0	0	0	0	0	1	0	0	1	0	0	0	0	0	0	0	1	0	1	0	1	9.66
SRR6358813	1	0	0	0	0	0	0	0	0	0	0	0	0	0	1	0	0	0	0	0	0	0	0	0	0	0	1	0	0	0	0	0	0	0	0	0	0	0	0	0	0	0	0	1	0	0	1	0	0	0	0	0	0	0	1	0	1	0	1	38.89
SRR6358814	0	0	0	0	0	0	0	0	0	0	0	0	0	0	1	0	0	0	0	0	0	0	0	0	0	0	1	0	0	0	0	0	0	0	0	0	0	0	0	0	0	0	0	1	0	0	1	0	0	0	0	0	0	0	0	0	1	0	1	2.38
SRR6358815	1	0	0	0	0	0	0	0	0	0	0	0	0	0	1	0	0	0	0	0	0	0	0	0	0	0	0.9	0	0	0	0	0	0	0	0	0	0	0	0	0	0	0	0	1	0	0	1	0	0	0	0	0	0	0	1	0	1	0	1	83.06
SRR6358816	1	0	0	0	0	0	0	0	0	0	0	0	0	0	1	0	0	0	0	1	0	0	0	0	0	0	0	0	0	0	0	0	0	0	0	0	0	0	0	0	0	0	0	0	0	0	1	0	0	0	0	0	0	0	0	0	1	0	1	2.36
SRR6358817	1	0	0	0	0	0	0.19620253164557	0	0	0	0	0	0	0	1	0	0	0	0	0.169491525423729	0	0	0	0	0	0	0.9375	0	0	0	0	0	0	0	0	0	0	0	0.145631067961165	0	0	0	0	1	0	0	1	0	0	0	0	0	0	0.104046242774566	1	0	1	0	1	183.12
SRR6358818	1	0	0	0	0	0	0	0	0	0	0	0	0	0	1	0	0	0	0	0	0	0	0	0	0	0	1	0	0	0	0	0	0	0	0	0	0	0	1	0	0	0	0	1	0	0	1	0	0	0	0	0	0	0	1	0	1	0	1	72.16
SRR6358819	1	0	0	0	0	0	0	0	0	0	0	0	0	0	1	0	0	0	0	0	0	0	0	0	0	0	1	0	0	0	0	0	0	0	0	0	0	0	0.538461538461538	0	0	0	0	1	0	0	1	0	0	0	0	0	0	0	1	0	1	0	1	12.24
SRR6358820	1	0	0	0	0	0	0	0	0	0	0	0	0	0	0	0	0	0	0	0	0	0	0	0	0	0	1	0	0	0	0	0	0	0	0	0	0	0	0	0	0	0	0	1	0	0	1	0	0	0	0	0	0	0	1	0	1	0	1	3.72
SRR6358821	1	0	0	0	0	0	0	0	0	0	0	0	0	0	1	0	0	0	0.618181818181818	0	0	0	0	0	0	0	1	0	0	0	0	0	0	0	0	0	0	0	0	0	0	0	0	1	0	0	1	0	0	0	0	0.34375	0	0	1	0	1	0	1	46.13
SRR6358822	0	0	0	0	0	0	0	0	0	0	0	0	0	0	1	0	0	0	0	0	0	0	0	0	0	0	0	0	0	0	0	0	0	0	0	0	0	0	0	0	0	0	0	0	0	0	0	0	0	0	0	0	0	0	1	0	0	0	0	1.79
SRR6358823	1	0.0363636363636364	0	0	0	0	0	0	0	0	0	0	0	0	1	0	0	0	0	0	0	0	0	0	0	0	1	0	0	0	0	0	0	0	0	0	0	0	0	0	0	0	0	1	0	0	1	0	0	0	0	0	0	0	1	0	1	0	1	51.45
SRR6358824	1	0	0	0	0	0	0	0	0	0	0.0317460317460317	0	0	0	0.992125984251969	0	0	0	0	0	0	0	0	0	0	0	1	0	0	0	0	0	0	0	0	0	0	0	0.277777777777778	0	0	0	0.201834862385321	1	0	0	1	0	0	0.458715596330275	0	0.25	0	0	0.971014492753623	0	1	0	1	106.8
SRR6358825	1	0	0	0	0	0	0	0	0	0	0	0	0	0	1	0	0	0	0	0	0	0	0	0.00337837837837838	0	0	1	0	0	0	0	0	0	0	0	0	0	0	0.402714932126697	0	0	0	0	1	0	0	1	0	0	0	0	0	0	0	1	0	0.910505836575875	0	1	225.72
SRR6358826	1	0	0	0	0	0	0	0	0	0	0	0	0	0	1	0	0	0	0	0	0	0	0	0	0	0	1	0	0	0	0	0	0	0	0	0	0	0	0.225	0	0	0	0	1	0	0	1	0	0	0	0	0	0	0	1	0	1	0	1	58.13
SRR6358827	1	0	0	0	0	0	0	0	0	0	0	0	0	0	1	0	0	0	0	0	0	0	0	0	0	0	1	0	0	0	0	0	0	0	0	0	0	0	0	0	0	0	0	1	0	0	1	0	0	0	0	0	0	0	1	0	1	0	1	60.98
