cells	chrMT:64:C/T	chrMT:73:A/G	chrMT:810:G/A	chrMT:887:G/A	chrMT:1574:G/A	chrMT:1700:T/C	chrMT:1792:G/A	chrMT:2105:G/A	chrMT:2257:C/T	chrMT:2333:G/A	chrMT:2635:G/A	chrMT:3065:T/C	chrMT:3517:T/C	chrMT:4296:G/A	chrMT:4450:G/A	chrMT:4769:A/G	chrMT:6163:T/C	chrMT:6909:G/A	chrMT:7609:T/C	chrMT:8070:C/T	chrMT:8102:G/A	chrMT:8636:T/C	chrMT:9111:T/C	chrMT:9528:C/T	chrMT:9628:G/A	chrMT:9753:G/A	chrMT:10801:G/A	chrMT:11087:T/C	chrMT:11184:G/A	chrMT:11228:T/C	chrMT:11269:C/T	chrMT:11719:G/A	chrMT:11825:G/A	chrMT:12101:T/C	chrMT:12259:T/C	chrMT:12372:G/A	chrMT:13577:T/C	chrMT:13970:G/A	chrMT:14363:A/T	chrMT:14484:T/C	chrMT:14793:A/G	chrMT:15064:A/C	chrMT:15218:A/G	chrMT:15244:A/G	chrMT:15756:G/A	chrMT:15831:T/C	chrMT:16018:T/C	chrMT:16231:T/C	chrMT:16280:A/G	depth
SRR6358636	0	0	0	0	0	0	0	0	0	0	0	0	0	0	0	0	0	0	0	0	0	0	0	0	0	0	0	0	0	0	0	1	0	0	0	0	0	0	0	0	0	0	1	0	0	0	0	0	0	1.88
SRR6358637	0	1	0	0	0	1	0	0	0	0	0	0	0	0	0	1	0	0	0	0	0	0	0	0	0	0.12	0	0	0	0.239583333333333	0	1	0	0	0	1	0	0	0	0	1	0	1	0	0	0	0	0	0	67.97
SRR6358638	0	0	0	0	0	0	0	0	0	0	0	0	0	0	0	0	0	0	0	0	0	0	0	0	0	0	0	0	0	0	0	0	0	0	0	0	0	0	0	0	0	0	1	0	0	0	0	0	0	1.37
SRR6358639	0	1	0	0	0	1	0	0	0	0	0	0	0	0	0	1	0	0	0	0	0	0	0	0	0	0	0	0	0	0	0	1	0	0	0	1	0	0	0	0	1	0	1	0	0	0	0	0	0	84.11
SRR6358640	0	1	0	0	0	1	0	0	0	0	0	0	0	0	0	0.947368421052632	0.125	0	0	0	0	0	0	0	0	0	0	0	0	0	0	1	0	0	0	1	0	0	0	0	1	0	1	0	0	0	0	0	0	89.26
SRR6358641	0	0	0	0	0	0	0	0	0	0	0	0	0	0	0	0	0	0	0	0	0	0	0	0	0	0	0	0	0	0	0	0	0	0	0	0	0	0	0	0	0	0	0	0	0	0	0	0	0	1.84
SRR6358642	0	1	0	0	0	1	0	0	0	0	0	0	0	0	0	1	0	0	0	0	0	0	0	0	0	0	0.670454545454545	0	0	0	0	1	0	0	0	1	0	0	0	0	1	0	1	0	0	0	0	0	0	102.81
SRR6358643	0	1	0	0	0	1	0	0	0	0	0	0	0	0	0	0	0	0	0	0	0	0	0	0	0	0	1	0	0	0	0	1	0	0	0	1	0	0	0	0	1	0	1	0	0	0	0	0	0	5.56
SRR6358644	0	1	0	0	0	1	0	0	0	0	0	0.110091743119266	0	0	0	1	0	0	0	0	0	0	0	0	0	0	0.00588235294117647	0	0	0	0	1	0	0	0	1	0	0	0	0	1	0	1	0	0	0	0	0	0	176.97
SRR6358645	0	0	0	0	0	0	0	0	0	0	0	0	0	0	0	0	0	0	0	0	0	0	0	0	0	0	0	0	0	0	0	1	0	0	0	0	0	0	0	0	0	0	0	0	0	0	0	0	0	1.72
SRR6358646	0	1	0	0	0	1	0	0	0	0	0	0	0	0	0.0625	0	0	0	0	0	0	0	0	0	0	0	0	0	0	0	0	1	0	0	0	1	0	0	0	0	1	0	1	0	0	0	0	0	0	6.88
SRR6358647	0	1	0	0	0	1	0	0	0	0	0	0	0	0	0	0.909090909090909	0	0	0	0	0	0	0	0	0	0	0	0	0	0	0	1	0	0	0	1	0	0	0	0	1	0	1	0	0	0	0	0	0	60.65
SRR6358648	0	1	0	0	0	1	0	0	0	0	0	0	0	0.177914110429448	0	1	0	0	0	0	0	0	0	0	0	0	0.638009049773756	0	0	0	0	0.992805755395683	0	0	0	1	0	0	0	0	1	0	1	0	0	0	0	0	0	171.08
SRR6358649	0	1	0	0	0	1	0	0	0	0	0	0	0	0	0	1	0	0	0	0	0	0	0	0	0	0	0.833333333333333	0	0	0	0	1	0	0	0	1	0	0	0	0	1	0	1	0	0	0	0	0	0	27.91
SRR6358650	0	1	0	0	0	1	0	0	0	0	0	0	0	0	0	0	0	0	0	0	0	0	0	0	0	0	0	0	0	0	0	0	0	0	0	1	0	0	0	0	1	0	1	0	0	0	0	0	0	2.86
SRR6358651	0	0	0	0	0	0	0	0	0	0	0	0	0	0	0	0	0	0	0	0	0	0	0	0	0	0	0	0	0	0	0	0	0	0	0	0	0	0	0	0	0	0	0	0	0	0	0	0	0	1.63
SRR6358652	0	1	0	0	0	0.95	0	0	0	0	0	0	0	0	0	1	0	0	0	0	0	0	0	0	0	0	1	0	0	0	0	1	0	0	0	1	0	0	0	0	1	0	1	0	0	0	0	0	0	37.8
SRR6358653	0	1	0	0	0.135693215339233	1	0	0	0	0	0	0.0026246719160105	0	0	0.182795698924731	0.981818181818182	0	0	0.0304568527918782	0	0	0	0	0	0	0	0.558073654390935	0	0	0	0	0.990625	0	0.12590799031477	0	1	0	0.00264550264550265	0	0	0.988721804511278	0	1	0	0	0	0	0	0	356.93
SRR6358654	0	1	0	0	0	0.953488372093023	0	0	0	0	0	0	0	0	0	1	0	0	0	0	0	0	0	0	0	0	0	0	0	0	0	1	0	0	0	1	0	0	0	0	1	0	1	0	0	0	0	0	0	47.83
SRR6358655	0	1	0	0	0	1	0	0	0	0	0.620817843866171	0	0	0	0	0.942857142857143	0	0	0	0	0	0	0	0	0	0	0	0	0	0	0	0.989247311827957	0	0	0	1	0	0	0	0	1	0	1	0	0	0	0	0	0	207.78
SRR6358656	0	1	0	0	0	0.851851851851852	0	0	0	0	0	0	0	0	0	1	0	0	0	0	0	0	0	0	0	0	0	0	0	0	0	1	0	0	0	1	0	0	0	0	1	0	1	0	0	0	0	0	0	28.11
SRR6358657	0	0	0	0	0	0	0	0	0	0	0	0	0	0	0	0	0	0	0	0	0	0	0	0	0	0	0	0	0	0	0	0	0	0	0	0	0	0	0	0	1	0	0	0	0	0	0	0	0	1.53
SRR6358658	0	1	0	0	0	1	0	0	0	0	0	0	0	0	0	1	0	0	0	0	0	0	0	0	0	0	0	0	0	0	0	0.963855421686747	0	0	0	1	0	0	0	0	1	0	1	0	0	0	0	0	0	98.43
SRR6358659	0.210526315789474	1	0	0	0	1	0	0	0	0	0	0	0	0	0	1	0	0	0	0.666666666666667	0	0	0	0	0	0	0	0	0	0	0	0.962264150943396	0.394366197183099	0	0	1	0	0	0	0	1	0	1	0	0	0	0	0	0	54.18
SRR6358660	0	0	0	0	0	0	0	0	0	0	0	0	0	0	0	0	0	0	0	0	0	0	0	0	0	0	1	0	0	0	0	1	0	0	0	0	0	0	0	0	0	0	1	0	0	0	0	0	0	1.44
SRR6358661	0	1	0	0	0	1	0	0	0	0	0	0	0	0	0	1	0	0	0	0	0	0	0	0	0	0	0	0	0	0	0	1	0	0	0	1	0	0	0	0	1	0	1	0	0	0	0	0	0	5.62
SRR6358662	0	1	0	0	0	1	0	0	0	0	0	0	0	0	0	1	0	0	0	0	0	0	0	0	0	0	0	0	0	0	0	1	0	0	0	1	0	0	0	0	1	0	1	0	0	0	0	0	0	10.59
SRR6358663	0	1	0	0	0	1	0	0	0	0	0	0	0	0	0	1	0	0	0	0	0	0	0	0	0	0	0.140350877192982	0	0	0	0	1	0	0	0.102362204724409	1	0	0.150442477876106	0	0	0.990566037735849	0	1	0	0	0	0	0	0	126.09
SRR6358664	0	1	0	0	0	1	0	0	0	0	0	0	0	0	0	1	0	0	0	0	0	0	0	0	0	0	0	0	0	0.0151515151515152	0.621621621621622	1	0	0	0	1	0	0	0	0	1	0	1	0	0	0	0	0	0	65.44
SRR6358665	0	1	0	0	0	1	0	0	0	0	0	0	0	0	0	1	0	0	0	0	0	0	0	0	0	0	0	0	0	0	0	1	0	0	0	1	0	0	0	0	1	0	1	0	0	0	0	0	0	12.24
SRR6358666	0	1	0	0	0	1	0	0	0	0	0	0	0	0	0	0.84	0	0	0	0	0	0	0	0	0	0	0	0	0	0	0	1	0	0	0	1	0	0	0	0	1	0	1	0	0	0	0	0	0	106.14
SRR6358667	0	0	0	0	0	0	0	0	0	0	0	0	0	0	0	0	0	0	0	0	0	0	0	0	0	0	0	0	0	0	0	0	0	0	0	1	0	0	0	0	0	0	0	0	0	0	0	0	0	1.35
SRR6358668	0	0	0	0	0	0	0	0	0	0	0	0	0	0	0	0	0	0	0	0	0	0	0	0	0	0	0	0	0	0	0	0	0	0	0	0	0	0	0	0	0	0	0	0	0	0	0	0	0	1.2
SRR6358669	0	1	0	0	0	0.989417989417989	0	0	0	0	0	0	0	0	0	1	0	0	0.00775193798449612	0	0	0	0	0	0	0.160714285714286	0	0	0	0.218543046357616	0	1	0	0	0	1	0	0	0	0	1	0	1	0	0	0	0	0	0.00431034482758621	235.99
SRR6358670	0	1	0	0	0	1	0	0	0	0	0	0	0	0	0	0.833333333333333	0	0	0	0	0	0	0	0	0	0	0	0	0	0.114942528735632	0	1	0	0	0	1	0	0	0	0	1	0	1	0	0	0	0	0	0	77.01
SRR6358671	0	1	0	0	0	1	0	0	0	0	0	0	0	0	0	1	0	0	0	0	0	0	0	0	0	0	0	0	0	0	0	1	0	0	0	1	0	0	0	0	1	0	1	0	0	0	0	0	0	30.28
SRR6358672	0	1	0	0	0	0.984375	0	0	0	0	0	0	0.00411522633744856	0	0	0.956521739130435	0	0	0	0	0	0	0	0.0111111111111111	0	0	0	0	0	0	0	0.992125984251969	0	0	0	1	0	0	0	0	1	0	1	0	0	0	0	0	0	162.17
SRR6358673	0	1	0	0	0	0.9	0	0	0	0	0	0	0	0	0	0	0	0	0	0	0	0	0	0	0	0	0	0	0	0	0	1	0	0	0	1	0	0	0	0	1	0	1	0	0	0	0	0	0	16.59
SRR6358674	0	1	0	0	0	1	0	0	0	0	0	0	0	0	0	1	0	0	0	0	0	0	0	0	0	0	0.076271186440678	0	0	0.0087719298245614	0	1	0	0	0	1	0	0	0	0	1	0	1	0	0	0	0	0	0	103.98
SRR6358675	0	0	0	0	0	0	0	0	0	0	0	0	0	0	0	0	0	0	0	0	0	0	0	0	0	0	0	0	0	0	0	0	0	0	0	1	0	0	0	0	0	0	0	0	0	0	0	0	0	1.23
SRR6358676	0	1	0	0	0	1	0	0	0	0	0	0	0	0	0	1	0	0	0	0	0	0	0	0	0	0	0	0	0	0.0869565217391304	0	1	0	0	0	0.925925925925926	0	0	0	0	1	0	1	0	0	0	0	0	0	24.25
SRR6358677	0	1	0.00332225913621262	0.00431034482758621	0	1	0	0	0	0	0	0	0	0	0	1	0	0	0.00775193798449612	0	0	0	0	0	0	0	0.176923076923077	0	0	0	0	1	0	0	0	1	0	0	0	0	1	0	1	0	0	0	0	0	0	234.93
SRR6358678	0	1	0	0	0	1	0	0	0	0	0	0	0	0	0	1	0	0	0	0	0	0	0	0.1	0	0	0	0	0	0	0	1	0	0	0	1	0	0	0	0	1	0	1	0	0	0	0	0	0	35.64
SRR6358679	0	1	0	0	0	1	0	0	0	0	0	0	0.0344827586206897	0	0	1	0	0	0	0	0	0	0	0	0	0	0	0	0	0	0	1	0	0	0	1	0	0	0	0	1	0	1	0	0	0	0	0	0.113636363636364	38.05
SRR6358680	0	1	0	0	0	1	0	0	0	0	0	0	0	0	0	1	0	0	0	0	0	0	0	0	0	0	0	0	0	0	0	1	0	0	0	1	0	0	0	0	1	0	1	0	0	0	0	0	0	44.44
SRR6358681	0	0	0	0	0	0	0	0	0	0	0	0	0	0	0	0	0	0	0	0	0	0	0	0	0	0	0	0	0	0	0	0	0	0	0	0	0	0	0	0	0	0	0	0	0	0	0	0	0	1.57
SRR6358682	0	1	0	0	0	1	0	0	0	0	0	0	0	0	0	1	0	0	0	0	0	0	0	0	0	0	0	0	0	0	0	1	0	0	0	1	0	0	0	0	1	0	1	0	0.121621621621622	0	0	0	0	63.97
SRR6358683	0	1	0	0	0	0.984496124031008	1	0	0	0	0	0	0	0	0	1	0	0	0	0	0	0	0	0	0	0	0	0	0	0	0	1	0	0	0	1	0	0	0	0	1	1	1	0	0	0	0	0	0	118.04
SRR6358684	0	1	0	0	0	1	0	0	0	0	0	0	0	0	0	1	0	0	0	0	0	0	0	0	0	0	1	0	0	0	0	1	0	0	0	1	0	0	0	0	1	0	1	0	0	0	0	0	0	3.05
SRR6358685	0	1	0	0	0	1	0	0	0	0	0	0	0	0	0	0.692307692307692	0	0	0	0	0	0	0	0	0	0	0	0	0	0	0	1	0	0	0	1	0	0.0108695652173913	0	0	1	0	1	0	0	0	0	0	0	72.37
SRR6358686	0	1	0	0	0	1	0	0	0	0	0	0	0	0	0	1	0	0	0	0	0	0	0	0	0	0	0	0	0	0	0	1	0	0	0	1	0	0	0	0	1	0	1	0	0	0	0	0	0	11.15
SRR6358687	0	1	0	0	0	1	0	0	0	0	0	0	0	0	0	1	0	0	0	0	0	0.987951807228916	0	0	0	0	0	0	0	0	0	0.966666666666667	0	0	0	1	0	0	0	0	1	0	1	0	0	0	0	0	0	84.39
SRR6358688	0	0	0	0	0	0	0	0	0	0	0	0	0	0	0	0	0	0	0	0	0	0	0	0	0	0	0	0	0	0	0	1	0	0	0	0	0	0	0	0	1	0	1	0	0	0	0	0	0	1.75
SRR6358689	0	1	0	0	0	1	1	0	0	0	0	0	0	0	0	1	0	0	0	0	0	0	0	0	0	0	0.125	0	0	0	0	1	0	0	0	1	0	0	0	0	1	1	1	0	0	0	0	0	0	5.08
SRR6358690	0	1	0	0	0	1	0	0	0.505154639175258	0	0	0	0	0	0	1	0	0	0	0	0	0	0	0	0.170068027210884	0	0.124183006535948	0	0	0	0.0117647058823529	0.991869918699187	0	0	0	1	0	0	0	0	1	0	1	0	0	0	0.118181818181818	0	0	137.17
SRR6358691	0	1	0	0	0	1	0	0	0	0	0	0	0	0	0	1	0	0	0	0	0	0	0	0	0	0	0	0	0	0	0	1	0	0	0	1	0	0	0	0	1	0	1	0	0	0	0	0	0	13.78
SRR6358692	0	0	0	0	0	0	0	0	0	0	0	0	0	0	0	1	0	0	0	0	0	0	0	0	0	0	0	0	0	0	0	1	0	0	0	1	0	0	0	0	0	0	1	0	0	0	0	0	0	1.88
SRR6358693	0	1	0	0	0	1	0	0	0	0	0	0	0	0	0	0.6875	0	0	0	0	0	0	0	0	0	0	0	0	0	0	0	1	0	0	0	1	0	0	0	0	1	0	1	0	0	0	0	0	0	102.13
SRR6358694	0	1	0	0	0	1	0	0	0	0	0	0	0	0	0	1	0	0	0	0	0	0	0	0	0	0	1	0	0	0	0	1	0	0	0	1	0	0	0	0	1	0	1	0	0	0	0	0	0	16.37
SRR6358695	0	1	0	0	0	1	0	0	0	0	0	0	0	0	0	1	0	0	0	0	0	0	0	0	0	0	0	0	0	0	0	1	0	0	0	1	0	0	0	0	1	0	1	0	0	0	0	0	0	35.2
SRR6358696	0	1	0	0	0	1	0	0	0	0	0	0	0	0	0	0.933333333333333	0	0.0212765957446809	0	0	0.442307692307692	0	0	0	0	0	0	0	0	0	0	1	0	0	0	1	0	0	0	0	1	0	1	0	0	0	0	0	0	53.73
SRR6358697	0	1	0	0	0	1	0	0	0	0	0	0	0.10655737704918	0	0	1	0	0	0	0	0	0	0	0	0	0	0.414634146341463	0.476923076923077	0	0	0	1	0	0	0	1	0.195652173913043	0	0	0	1	0	1	0	0	0	0	0	0	83.71
SRR6358698	0.0100502512562814	1	0	0	0	1	0	0.141732283464567	0	0	0	0	0	0	0	0.954545454545455	0	0	0	0	0	0	0	0	0	0	0	0	0	0	0	0.984732824427481	0	0	0	1	0	0	0	0	1	0	1	0	0	0	0	0	0	140.42
SRR6358699	0	1	0	0	0	1	0	0	0	0	0	0	0	0	0	0	0	0	0	0	0	0	0	0	0	0	0	0	0	0	0	1	0	0	0	1	0	0	0	0	1	0	1	0	0	0	0	0	0	3.88
SRR6358700	0	1	0	1	0	1	0	0	0	0	0	0	0	0	0	0.95	0	0	0	0	0	0	0	0	0	0	0	0	0	0	0	1	0	0	0	1	0	0	0	0	1	0	1	0	0	0	0	0	0	61.2
SRR6358701	0	1	0	0	0	0.988372093023256	0	0	0	0	0	0	0	0	0	0.96	0	0	0.952380952380952	0	0	0	0	0	0	0	0.0789473684210526	0	0	0	0	1	0	0	0	1	0	0	0	0	1	0	1	0	0	0	0	0	0	77.09
SRR6358702	0	1	0.820224719101124	0	0	1	0	0	0	0	0	0	0	0	0	1	0	0	0	0	0	0	0.852459016393443	0	0	0	0	0	0	0	0	0.981132075471698	0	0	0	1	0	0	0	0	1	0	1	0	0	0	0	0	0	73.22
SRR6358703	0	1	0	0	0	1	0	0	0	0	0	0	0	0	0	1	0	0	0	0	0.130434782608696	0	0	0	0	0	0	0	0	0	0	1	0	0	0	1	0	0	0	0	1	0	1	0	0	0	0	0	0	20.55
SRR6358704	0	1	0	0	0	1	0	0	0.0102040816326531	0	0	0	0	0	0	1	0.0158730158730159	0.318181818181818	0	0	0	0	0	0	0	0	0	0	0	0	0	0.989690721649485	0	0	0	1	0	0	0	0	1	0	1	0	0	0	0	0	0	112.48
SRR6358705	0	1	0	0	0	1	0	0	0	0	0	0	0	0	0	1	0	0	0	0	0	0	0	0	0	0	0.0512820512820513	0	0	0	0	1	0	0	0	1	0	0	0	0	1	0	0.953488372093023	0	0	0	0	0.926829268292683	0	40.48
SRR6358706	0	1	0	0	0	1	0	0	0	0	0	0	0	0	0	1	0	0	0	0	0	0	0	0	0	0	0	0	0	0	0	1	0	0	0	1	0	0	0	0	1	0	1	0	0	0	0	0	0	58.76
SRR6358707	0	1	0	0	0	1	0	0	0	0	0	0	0	0	0	0.777777777777778	0	0	0	0	0	0	0	0	0	0	0.875	0	0	0	0	1	0	0	0	1	0	0.0136986301369863	0	0	1	0	1	0	0	0.815789473684211	0	0	0	55.88
SRR6358708	0	1	0	0	0	1	0	0	0	0	0	0	0	0	0	1	0	0	0	0	0	0	0	0	0	0	0	0	0	0	0	1	0	0	0	1	0	0	0	0	1	0	1	0	0	0	0	0	0	106.15
SRR6358709	0	1	0	0	0	1	0	0	0	0	0	0	0	0	0	0.92	0	0	0	0	0	0	0	0	0	0	0.836065573770492	0	0	0	0	1	0	0	0	1	0	0	0	0	1	0	1	0	0	0	0	0	0	101.82
SRR6358710	0	1	0	0	0	1	0	0	0	0	0	0	0	0	0	1	0	0	0	0	0	0	0	0	0	0	0	0	0	0	0	1	0	0	0	1	0	0	0	0	1	0	1	0	0	0	0	0	0	80.69
SRR6358711	0	1	0	0	0	1	0	0	0	0	0	0	0	0	0	0.941176470588235	0	0	0	0	0	0	0.0101010101010101	0	0	0	0	0.00925925925925926	0	0	0	1	0	0	0	1	0	0	0	0	1	0	1	0	0	0	0	0	0	116.69
SRR6358712	0	1	0	0	0	0	0	0	0	0	0	0	0	0	0	0	0	0	0	0	0	0	0.666666666666667	0	0	0	0	0	0	0	0	0	0	0	0	0	0	0	0	0	0	0	0	0	0	0	0	0	0	1.4
SRR6358713	0	1	0	0	0	1	0	0	0	0.956521739130435	0.216216216216216	0	0	0	0	1	0	0	0	0	0	0	0	0	0	0	0	0	0	0	0	1	0	0	0	1	0	0	0	0	1	0	1	0	0	0	0	0	0	26.36
SRR6358714	0	1	0	0	0	1	0	0	0	0	0	0	0	0	0	1	0	0	0	0	0	0	0	0	0	0	1	0	0	0	0	1	0	0	0	1	0	0	0	0	1	0	1	0	0	0	0	0	0	97.28
SRR6358715	0	1	0	0	0	0.9375	0	0	0	0	0	0	0	0	0	1	0	0	0	0	0	0	0	0	0	0	0	0	0	0	0	1	0	0	0	1	0	0	0	0	1	0	0.92	0	0	0	0	0	0	19
SRR6358716	0	1	0	0	0.00793650793650794	0.982300884955752	0	0	0	0	0	0	0	0	0	1	0	0	0	0	0	0	0	0	0	0	0.643939393939394	0	0	0	0	1	0	0	0	1	0	0	0.50561797752809	0	1	0	1	0	0	0	0	0	0	143.03
SRR6358717	0	1	0	0	0	1	0	0	0	0	0	0	0	0	0	1	0	0	0	0	0	0	0	0	0	0	0	0	0	0	0	1	0	0	0	1	0	0	0	0	1	0	1	0	0	0	0	0	0	59.1
SRR6358718	0	1	0	0	0	0	0	0	0	0	0	0	0	0	0	0	0	0	0	0	0	0	0	0	0	0	0	0	0	0	0	0	0	0	0	0	0	0	0	0	1	0	1	0	0	0	0	0	0	1.37
SRR6358719	0	1	0	0	0	1	0	0	0	0	0	0	0	0	0	1	0	0	0	0	0	0	0	0	0	0	0	0	0	0	0	1	0	0	0	1	0	0	0	0	1	0	1	0.526315789473684	0	0	0	0	0	20.43
SRR6358720	0	1	0	0	0	1	0	0	0	0	0	0	0	0	0	1	0	0	0	0	0	0	0	0	0	0	0	0	0	0	0	1	0	0	0	1	0	0	0	0	1	0	1	0	0	0	0	0	0	5.55
SRR6358721	0	1	0	0	0	1	0	0	0	0	0	0	0	0	0	1	0	0	0	0	0	0	0	0.018348623853211	0	0	0	0	0	0	0	0.981651376146789	0	0	0	1	0	0	0	0	1	0	0.985611510791367	0	0	0	0	0	0	109.65
SRR6358722	0	1	0	0	0	1	0	0	0	0	0.00881057268722467	0	0	0	0	1	0	0	0	0	0	0	0	0	0	0	0.412935323383085	0	0	0	0	0.9875	0	0	0	1	0	0	0	0.437185929648241	0.993243243243243	0	1	0	0	0	0	0	0	183.24
SRR6358723	0	0	0	0	0	0	0	0	0	0	0	0	0	0	0	0	0	0	0	0	0	0	0	0	0	0	0	0	0	0	0	1	0	0	0	1	0	0	0	0	0	0	0	0	0	0	0	0	0	1.63
SRR6358724	0	1	0	0	0	1	0	0	0	0	0	0	0	0	0	1	0	0	0	0	0	0	0	0	0	0	0	0	0	0	0	1	0	0	0	1	0	0	0	0	1	0	1	0	0	0	0	0	0	21.04
SRR6358725	0	1	0	0	0	1	0	0	0	0	0	0	0	0	0	0	0	0	0	0	0	0	0	0	0	0	0.333333333333333	0	0	0	0	1	0	0	0	1	0	0	0	0	0	0	1	0	0	0	0	0	0	4.79
SRR6358726	0	1	0	0	0	1	0	0	0	0	0	0	0	0	0	1	0	0	0	0	0	0	0	0	0	0	0.285714285714286	0	0	0	0	0.970588235294118	0	0	0	1	0	0	0	0	1	0	1	0	0	0	0	0	0	34.69
SRR6358727	0	1	0	0	0	1	0	0	0	0	0	0	0	0	0	1	0	0	0	0.00495049504950495	0	0	0	0	0	0	0.142156862745098	0	0	0	0	1	0	0	0	1	0	0	0	0	1	0	1	0	0	0	0	0	0	187.69
SRR6358728	0	1	0	0	0	0.714285714285714	0	0	0	0	0	0	0	0	0	1	0	0	0	0	0	0	0	0	0	0	0	0	0	0	0	1	0	0	0	1	0	0	0	0	1	0	0.571428571428571	0	0	0	0	0	0	6.13
SRR6358729	0	1	0	0	0	1	0	0	0	0	0	0	0	0	0	1	0	0	0	0	0	0	0	0	0	0	0.742268041237113	0	0	0	0	0.986301369863014	0	0	0	1	0	0	0	0.0120481927710843	1	0	1	0	0	0	0	0	0.0165289256198347	83.75
SRR6358730	0	1	0	0	0	1	0	0	0	0	0	0	0	0	0	1	0	0	0	0	0	0	0	0	0	0	0.223300970873786	0	0	0	0	0.964705882352941	0	0	0	1	0	0	0	0	1	0	1	0	0	0	0	0	0	104.71
SRR6358731	0	1	0	0	0	1	0	0	0	0	0	0	0	0	0	0.882352941176471	0	0	0	0	0	0	0	0	0	0	0	0	0.116666666666667	0	0	1	0	0	0	1	0	0	0	0	1	0	1	0	0	0	0	0	0	92.12
