cells	chrMT:73:A/G	chrMT:623:A/G	chrMT:654:T/G	chrMT:1438:A/G	chrMT:2056:G/A	chrMT:2339:G/A	chrMT:2571:G/A	chrMT:2706:A/G	chrMT:2759:T/C	chrMT:2938:A/G	chrMT:3887:A/G	chrMT:3973:T/C	chrMT:4225:A/G	chrMT:4232:T/C	chrMT:4769:A/G	chrMT:5192:A/G	chrMT:5301:A/C	chrMT:5894:A/C	chrMT:8537:A/G	chrMT:8710:A/G	chrMT:9110:T/C	chrMT:9242:A/G	chrMT:9264:G/A	chrMT:9726:A/G	chrMT:10320:G/A	chrMT:10464:T/C	chrMT:11195:G/A	chrMT:11735:C/T	chrMT:12127:G/A	chrMT:12463:A/G	chrMT:13595:G/A	chrMT:14918:G/A	chrMT:15326:A/G	chrMT:15930:G/A	chrMT:16129:G/A	chrMT:16134:C/T	chrMT:16222:C/T	depth
SRR5355580	1	0	0	1	1	0	0	1	0	0	0	0	1	1	1	0	0	0	0	0	0	1	0	0	0	0	0	1	0	0	0	0	1	0	0	0.488095238095238	0	93.94
SRR5355581	1	0	0	1	1	0	0	1	0	0	0	0	1	1	1	0	0	0	0	0	0	1	0	0	0	0	0	1	0	0	0	0	1	0	0	0.0285714285714286	0	42.26
SRR5355582	1	0	0	1	1	0	0	1	0	0	0.677685950413223	0	1	1	1	0	0	0	0.265151515151515	0	0	1	0	0	0	0	0	1	0	0	0	0	1	0	0	0.98780487804878	0	101.75
SRR5355583	1	0	0	1	0	0	0	1	0	0	0.333333333333333	0	1	0	0	0	0	0	0	0	0	1	0	0	0	0	0	0	0	0	0	0	1	0	0	1	0	2.47
SRR5355584	1	0	0	1	1	0	0	1	0	0	0	0	1	1	1	0	0	0	0	0	0	1	0	0	0	0	0	1	0	0	0	0	0	0	0	0	0	2.12
SRR5355585	1	0	0	1	1	0	0	1	0	0	0	0	1	1	0	0	0	0	0	0	0	1	0	0	0	0	0	1	0	0	0	0	1	0	0	0	0	4.13
SRR5355586	1	0	0	1	1	0	0	1	0	0	0	0	1	1	1	0	0	0	0	0	0	1	0	0	0	0	0.217054263565891	1	0	0	0	0	1	0	0	0.380530973451327	0	183.25
SRR5355587	1	0	0	1	1	0	0	1	0	0	0	0	1	1	0.8	0	0	0	0	0	0	1	0	0	0	0	0	1	0	0	0.0256410256410256	0	1	0.327586206896552	0	0	0	63.26
SRR5355588	1	0	0	1	1	0	0	1	0	0	0	0	1	1	1	0	0	0	0	0	0	1	0	0	0	0	0	1	0	0	0	0	1	0	0	0	0	21.75
SRR5355589	1	0	0	1	0.982456140350877	0	0	1	0	0	0	0	1	1	1	0	0	0	0	0	0	1	0	0	0	0.0149253731343284	0	1	0	0	0	0	1	0	0	0	0	65.07
SRR5355590	1	0	0	1	1	0	0	1	0	0	0	0	1	1	1	0	0	0	0	0	0	1	0	0	0	0	0	1	0	0	0	0	1	0	0	0.5	0	4.25
SRR5355591	1	0	0	1	1	0	0	1	0	0.220472440944882	0	0	1	1	1	0	0	0	0	0	0	0.990825688073395	0	0	0	0	0	1	0	0	0	0	1	0	0	0.0126582278481013	0	101.31
SRR5355592	1	0	0	1	1	0	0	1	0	0	0	0	1	1	1	0	0	0	0	0	0	1	0	0	0	0	0	1	0	0	0	0	1	0	0	0.8125	0	58.48
SRR5355593	1	0	0	1	1	0	0	1	0	0	0	0	1	1	1	0	0	0	0	0	0	1	0	0	0	0	0.0769230769230769	1	0	0	0	0	1	0	0	0.75	0	16.17
SRR5355594	1	0	0	1	1	0	0	1	0	0	0	0	1	1	1	0	0	0	0	0	0	1	0	0	0	0	0	1	0	0	0	0	1	0	0	0	0	24.76
SRR5355595	0	0.5	0	1	1	0	0	1	0	0	0	0	0	0	0	0	0	0	0	0	0	1	0	0	0	0	0	1	0	0	0	0	1	0	0	0	0	2.59
SRR5355596	1	0	0	1	0.953488372093023	0	0	1	0	0	0	0	1	1	1	0	0	0	0	0	0	1	0	0	0	0.780821917808219	0	1	0	0	0	0	1	0	0	0.0149253731343284	0	66.69
SRR5355597	1	0	0	1	1	0	0	1	0	0	0	0	1	1	0	0	0	0	0	0	0	1	0	0	0	0	0	1	0	0	0	0	1	0	0	0	0	3.35
SRR5355598	1	0	0	1	1	0	0	1	0	0	0.0112359550561798	0	1	1	1	0.0256410256410256	0	0	0	0	0	1	0	0	0	0	0	1	0	0	0	0	1	0	0	0.0701754385964912	0	81.35
SRR5355599	1	0	0	0.990654205607477	1	0	0	1	0	0	0	0	1	1	1	0	0	0	0	0	0	1	0	0.10377358490566	0	0	0	1	0	0	0	0	1	0	0	0.00925925925925926	0	124.62
SRR5355600	1	0	0	1	0.985185185185185	0	0	1	0	0	0	0	1	1	1	0.323308270676692	0	0	0	0	0	1	0	0	0	0	0	1	0	0	0	0	1	0	0	0.0828402366863905	0	240.95
SRR5355601	1	0	0	1	0.978260869565217	0	0	1	0	0	0	0	1	1	1	0	0	0	0	0	0	1	0	0	0	0	0	1	0	0	0	0	1	0	0	0.935897435897436	0	72.25
SRR5355602	1	0	0	1	1	0	0	1	0	0	0	0	0	0	0	0	0	0	0	0	0	1	0	0	0	0	0	1	0	0	0	0	1	0	0	0	0	3.61
SRR5355603	1	0	0	1	1	0	0	1	0	0	0	0	1	1	1	0.0625	0	0	0	0	0	1	0	0	0	0	0	1	0	0	0	0	1	0	0	0.384615384615385	0	20.67
SRR5355604	1	0	0	1	1	0	0	1	0	0	0	0	1	1	1	0.0126582278481013	0	0	0	0	0	1	0	0	0	0	0	0.993055555555556	0	0	0	0	1	0	0	0.983050847457627	0	156.27
SRR5355605	1	0	0	1	1	0	0	1	0	0	0	0	1	1	1	0.444444444444444	0	0	0	0	0	1	0	0	0	0	0	1	0	0	0	0	1	0	0	0.166666666666667	0	13.92
SRR5355606	1	0	0	1	1	0	0	1	0	0	0	0	1	1	1	0	0	0	0	0	0	1	0	0	0	0	0	1	0.939130434782609	0	0	0	1	0	0	0.957746478873239	0	105.56
SRR5355607	1	0	0	0	1	0	0	1	0	0	0	0	0	0	0	0	0	0	0	0	0	1	0	0	0	0	0	1	0	0	0	0	1	0	0	0	0	2.25
SRR5355608	0	0	0	0	1	0	0	1	0	0	0	0	0	0	0	0	0	0	0	0	0	0	0	0	0	0	0	0	0	0	0	0	1	0	0	0	0	2.05
SRR5355609	1	0	0	1	0	0	0	0	0	0	0	0	0	0	1	0	0	0	0	0	0	0	0	0	0	0	0	1	0	0	0	0	1	0	0	0	0	2.16
SRR5355610	1	0	0	1	0.982758620689655	0	0	1	0	0	0	0	1	1	1	0	0	0	0	0	0	1	0	0	0	0	0	1	0	0	0	0	1	0	0.0375	0.56	0	99.5
SRR5355611	1	0	0	1	1	0	0	1	0.133333333333333	0	0	0	1	1	1	0	0	0	0	0	0	1	0	0	0	0	0	1	0	0	0	0	1	0	0	0.258064516129032	0	51.8
SRR5355612	1	0	0	1	1	0	0	1	0	0	0	0	1	1	1	0	0	0	0	0	0	1	0	0	0	0	0	1	0	0	0	0	1	0	0	0.626086956521739	0	151.5
SRR5355613	1	0	0	1	1	0	0	1	0	0	0	0	1	1	0.98	0	0	0	0	0	0	1	0	0	0	0	0	1	0	0.00460829493087558	0	0	1	0	0	0.597315436241611	0	201.21
SRR5355614	1	0	0	1	1	0	0	1	0	0	0	0	1	1	1	0	0	0	0	0	0	1	0	0	0	0	0	1	0	0	0	0	1	0	0	0	0	41.27
SRR5355615	1	0	0	1	1	0	0	1	0	0	0	0	1	1	1	0	0	0	0	0	0	1	0.955223880597015	0	0	0	0	1	0	0	0	0	1	0	0	0.0769230769230769	0	39.54
SRR5355616	0.992700729927007	0	0	1	1	0.0050251256281407	0	1	0	0	0	0	1	1	1	0	0	0	0	0.00490196078431373	0	1	0	0	0	0	0	1	0	0	0	0	1	0	0	0.451851851851852	0	185.32
SRR5355617	1	0	0	1	1	0	0	1	0	0	0	0	1	1	1	0	0	0	0	0	0	1	0	0	0	0	0	1	0	0	0	0	1	0	0	1	0	15.41
SRR5355618	1	0	0	1	1	0	0	1	0	0	0	0	1	1	1	0	0	0	0	0	0	1	0	0	0	0	0	1	0	0	0	0	1	0	0	0.0194174757281553	0	127.62
SRR5355619	1	0	0	1	1	0	0	1	0	0	0	0	1	1	1	0	0	0	0	0	0	1	0	0	0	0	0	1	0	0	0.202702702702703	0	1	0	0	0.777777777777778	0	55.46
SRR5355620	1	0	0	1	1	0	0	1	0	0	0	0	1	1	0	0	0	0	0	0	0	1	0	0	0	0	0	1	0	0	0	0	0	0	0	0.4	0	3.67
SRR5355621	1	0	0	1	1	0	0	1	0	0	0	0	1	1	1	0	0	0.0434782608695652	0	0	0	1	0	0	0	0	0	1	0	0	0	0	1	0	0	0.0833333333333333	0	36.97
SRR5355622	1	0.405594405594406	0	1	1	0	0	1	0	0	0	0	1	1	1	0	0	0	0	0	0	1	0	0	0	0	0	1	0	0	0	0	1	0	0.243589743589744	0.82051282051282	0	145.93
SRR5355623	1	0	0	1	1	0	0	1	0	0	0	0	1	1	1	0	0	0	0	0	0	1	0	0	0	0	0	1	0	0	0	0	1	0	0	0.75	0	11.14
SRR5355624	1	0	0	1	1	0	0	1	0	0	0	0	1	1	1	0	0	0	0	0	0	1	0	0	0	0	0	1	0	0	0	0	1	0	0	0.95	0	98.62
SRR5355625	1	0	0	1	1	0	0	1	0	0	0	0	1	1	1	0	0	0	0	0	0	1	0	0	0	0	0	1	0	0	0	0	1	0	0	0	0	83.64
SRR5355626	1	0	0	1	1	0	0	1	0	0	0	0	1	0	0	0	0	0	0	0	0	1	0	0	0	0	0	1	0	0	0	0	1	0	0	0.333333333333333	0	3.78
SRR5355627	1	0	0	1	1	0	0	1	0	0	0	0	1	1	1	0	0	0	0	0	0	1	0	0	0	0	0	1	0	0	0	0	1	0	0	0.108108108108108	0	72.22
SRR5355628	1	0	0	1	1	0	0	1	0	0	0	0	1	1	1	0	0	0	0	0	0	1	0	0	0	0	0	1	0	0	0	0	1	0	0	0	0	65.52
SRR5355629	1	0.0294117647058824	0	1	1	0	0	1	0	0	0	0	1	1	1	0	0	0	0	0	0	1	0	0	0	0	0	1	0	0	0	0	1	0	0	0.0714285714285714	0	29.96
SRR5355630	1	0	0	1	1	0	0	1	0	0	0	0	1	1	1	0	0	0	0	0	0	0.994236311239193	0	0	0	0	0	1	0	0	0	0	1	0	0	0.08	0	280.96
SRR5355631	0	0	0	1	1	0	0	1	0	0	0	0	1	1	0	0	0	0	0	0	0	1	0	0	0	0	0	1	0	0	0	0	1	0	0	0	0	3.63
SRR5355632	1	0	0	1	0	0	0	1	0	0	0	0	1	1	0	0	0	0	0	0	0	1	0	0	0	0	0	1	0	0	0	0	1	0	0	0.666666666666667	0	6
SRR5355633	1	0	0	1	1	0	0	1	0	0	0	0	1	1	1	0	0	0	0	0	0	1	0	0	0	0	0	1	0	0	0	0	1	0	0	0	0	63.46
SRR5355634	1	0	0	1	1	0	0	1	0	0	0	0	1	1	1	0	0	0	0	0	0	1	0	0	0	0	0	1	0	0	0	0	1	0	0	0.0952380952380952	0	54.18
SRR5355635	1	0	0	1	1	0	0	1	0	0	0	0	1	1	1	0	0	0	0	0	0.209876543209877	1	0	0	0.372881355932203	0	0	1	0	0	0	0	1	0	0	1	0	89.59
SRR5355636	1	0.0714285714285714	0	1	1	0	0	1	0	0	0	0	1	1	1	0	0	0	0	0	0	1	0	0	0	0	0	1	0	0	0	0	1	0	0	0.285714285714286	0	10.48
SRR5355637	1	0	0	1	1	0	0	1	0	0	0	0	1	1	1	0	0	0	0	0	0	1	0	0	0	0	0	1	0	0	0	0	1	0	0.0555555555555556	0.263157894736842	0	17.78
SRR5355638	1	0	0	1	1	0	0	1	0	0	0	0	1	1	1	0	0	0	0	0	0	1	0	0	0	0	0	1	0	0.292682926829268	0	0	1	0	0	0.038961038961039	0	88.07
SRR5355639	1	0	0	1	1	0	0.123711340206186	1	0	0	0	0	1	1	1	0	0	0	0	0	0	1	0	0	0	0	0	1	0	0	0	0	1	0	0	0.58	0	71.13
SRR5355640	1	0	0	1	1	0	0	1	0	0	0	0	1	1	1	0	0	0	0	0	0	1	0	0	0	0	0	1	0	0	0	0	1	0	0	0.909090909090909	0	74.96
SRR5355641	1	0.0869565217391304	0	1	1	0	0	1	0	0	0	0	1	1	1	0	0	0	0	0	0	1	0	0	0	0	0	1	0	0	0	0	1	0	0.117647058823529	0.3125	0	24.33
SRR5355642	1	0.0150375939849624	0	1	1	0	0	1	0	0	0	0	1	1	1	0	0	0	0	0	0	1	0	0	0	0	0	1	0	0	0	0	1	0	0.0196078431372549	0.387755102040816	0.291666666666667	102.6
SRR5355643	1	0.0769230769230769	0	1	1	0	0	1	0	0	0	0	1	1	1	0	0	0	0	0	0	1	0	0	0	0	0	1	0	0	0	0	1	0	0	0.222222222222222	0	14.97
SRR5355644	1	0	0.282051282051282	1	1	0	0	1	0	0	0	0	1	1	1	0	0	0	0	0	0	1	0	0	0	0	0	1	0	0	0	0	1	0	0	0.0526315789473684	0	87.87
SRR5355645	1	0.00662251655629139	0	1	1	0	0	1	0	0	0	0	1	1	1	0	0	0	0	0	0	1	0	0	0	0	0	1	0	0	0	0	1	0	0	0.0363636363636364	0	130.72
SRR5355646	1	0.05	0	1	1	0	0	1	0	0	0	0	1	1	1	0	0	0	0	0	0	1	0	0	0	0	0	1	0	0	0	0	1	0	0	0.0833333333333333	0	58.52
SRR5355647	1	0.00348432055749129	0	0.995983935742972	0.99375	0	0	1	0	0	0	0	1	1	1	0	0	0	0	0	0	1	0	0	0	0	0	1	0	0	0	0	1	0	0.00675675675675676	0.456375838926175	0	268.43
SRR5355648	1	0.0588235294117647	0	1	1	0	0	1	0	0	0	0	1	0	1	0	0	0	0	0	0	1	0	0	0.0666666666666667	0	0	1	0	0	0	0	1	0	0	0.2	0	10.61
SRR5355649	1	0	0	1	1	0	0	1	0	0	0	0	1	1	1	0	0	0	0	0	0	1	0	0	0	0	0	1	0	0	0	0	1	0	0	0.19047619047619	0	26.5
SRR5355650	1	0	0	1	1	0	0	1	0	0	0	0	1	1	1	0	0	0	0	0	0	1	0	0	0	0	0	1	0	0	0	0	1	0	0	0.161290322580645	0	32.48
SRR5355651	1	0	0	1	1	0	0	1	0	0	0	0	1	1	1	0	0	0	0	0	0	1	0	0	0	0	0	1	0	0	0	0	1	0	0	0.214285714285714	0	28.24
SRR5355652	1	0	0	0.97887323943662	1	0	0	1	0	0	0	0	1	1	1	0	0	0	0	0	0	1	0	0	0	0	0.014018691588785	1	0	0	0	0	1	0	0	0.0630630630630631	0	157.82
SRR5355653	1	0	0	1	1	0	0	1	0	0	0	0	1	1	1	0	0	0	0	0	0	1	0	0	0.0447761194029851	0	0	1	0	0	0	0	1	0	0	0.507042253521127	0	58.88
SRR5355654	1	0	0	1	0.992957746478873	0	0	1	0	0	0	0	1	1	0.951219512195122	0	0	0	0	0	0	1	0	0	0.00387596899224806	0	0	1	0	0	0	0	1	0	0	0.125	0	197.66
SRR5355655	1	0	0	1	1	0	0	1	0	0	0	0	1	1	1	0	0	0	0	0	0	1	0	0	0	0	0	1	0	0	0	0	1	0	0	0.869047619047619	0	130.47
SRR5355656	1	0	0	1	1	0	0	1	0	0	0	0	1	1	1	0	0	0	0	0	0	1	0	0	0	0	0	1	0	0	0	0	1	0	0	0.753424657534247	0	94.91
SRR5355657	1	0	0	1	1	0	0	1	0	0	0	0	1	1	1	0	0.135593220338983	0	0	0	0	1	0	0	0	0	0	1	0	0	0	0	1	0	0	0.0597014925373134	0	86.79
SRR5355658	1	0	0	1	1	0	0	1	0	0	0	0	1	1	1	0	0	0	0	0	0	1	0	0	0.0388349514563107	0	0	1	0	0	0	0.195402298850575	1	0	0	0.872727272727273	0	80.08
SRR5355659	1	0	0	1	1	0	0	1	0	0	0	0	1	1	1	0	0	0	0	0	0	1	0	0	0.235294117647059	0	0	1	0	0	0	0	1	0	0	0.222222222222222	0	14.66
SRR5355660	1	0	0	1	1	0	0	1	0	0	0	0	1	1	1	0	0	0	0	0	0	1	0	0	0.333333333333333	0	0	1	0	0	0	0	1	0	0	0.6	0	8.58
SRR5355661	1	0	0	1	1	0	0	0.990654205607477	0	0	0	0	1	1	1	0	0	0	0	0	0	0.99	0	0	0.0105263157894737	0	0	0.987951807228916	0	0	0	0	1	0	0	0.378787878787879	0	80.94
SRR5355662	1	0	0	1	0.963414634146341	0	0	1	0	0	0	0	1	1	1	0	0	0	0	0	0	0.985714285714286	0	0	0	0	0	1	0	0	0	0	1	0	0	0.191780821917808	0	107.93
SRR5355663	1	0	0	1	1	0.150735294117647	0	1	0.00416666666666667	0	0	0	1	1	1	0	0	0	0	0	0	1	0	0	0.00303951367781155	0.00425531914893617	0	1	0	0	0	0	1	0	0	0.0933333333333333	0	247.38
SRR5355664	1	0	0	1	1	0	0	1	0	0	0	0	1	1	1	0	0	0	0	0	0	1	0	0	0.1875	0	0	1	0	0	0	0	1	0	0	0.714285714285714	0	10.47
SRR5355665	0.977272727272727	0	0	1	1	0	0	1	0	0	0	0	1	1	1	0	0	0	0	0	0	1	0	0	0	0	0	1	0	0	0	0	1	0	0	0.05	0	60.95
SRR5355666	1	0	0	1	1	0	0	1	0	0	0	0	1	1	1	0	0	0	0	0	0	1	0	0	0	0	0	1	0	0	0	0	1	0	0	0.984615384615385	0	95.12
SRR5355667	1	0	0	1	1	0	0	1	0	0	0	0	1	1	1	0	0	0	0	0.355704697986577	0	1	0	0	0	0	0	1	0	0	0	0	1	0	0	0.840909090909091	0	161.74
SRR5355668	1	0	0	1	1	0	0	1	0	0	0	0	1	1	1	0	0	0	0	0	0	1	0	0	0	0	0	1	0	0	0	0	1	0	0	0.395833333333333	0	75.96
SRR5355669	1	0	0	1	1	0	0	1	0	0	0	0	1	1	1	0	0	0	0	0	0	1	0	0	0	0	0	1	0	0	0	0	1	0	0	0.296875	0	84.42
SRR5355670	1	0	0	1	1	0	0	1	0	0	0	0.233333333333333	1	1	1	0	0	0	0	0	0	1	0	0	0	0	0	1	0	0	0	0	1	0	0	0.473684210526316	0	172.25
SRR5355671	1	0	0	1	1	0	0	1	0	0	0	0	1	1	1	0	0	0	0	0	0	1	0	0	0	0	0	1	0	0	0	0	1	0	0	0.0142857142857143	0	81.96
SRR5355672	1	0	0	1	1	0	0	1	0	0	0	0.0136986301369863	1	1	1	0	0	0.236363636363636	0	0	0	1	0	0	0	0	0	1	0	0	0	0	1	0	0.0588235294117647	0.1	0	125.56
SRR5355673	1	0	0	1	1	0	0	1	0	0	0	0	1	1	1	0	0	0	0	0	0	1	0	0	0	0	0	1	0	0	0	0	1	0	0	0.379310344827586	0	142.32
SRR5355674	1	0	0	1	1	0	0	1	0	0	0	0	1	1	1	0	0	0	0	0	0	1	0	0	0	0	0	1	0	0	0	0	1	0	0	0.826086956521739	0	147.19
SRR5355675	1	0	0	1	0.974358974358974	0	0	1	0	0	0	0	1	1	1	0	0	0	0	0	0	0.995412844036697	0	0	0	0	0	1	0	0	0	0	1	0	0	0.141666666666667	0	169.54
