cells	chrMT:234:A/G	chrMT:834:G/A	chrMT:1541:T/C	chrMT:1844:A/G	chrMT:1995:A/G	chrMT:2140:G/A	chrMT:2157:T/C	chrMT:2173:G/A	chrMT:2973:T/A	chrMT:3053:A/G	chrMT:3862:T/C	chrMT:4309:G/A	chrMT:4341:G/A	chrMT:4769:A/G	chrMT:5312:C/T	chrMT:5600:A/C	chrMT:6324:G/A	chrMT:6970:T/C	chrMT:7925:G/A	chrMT:7976:G/A	chrMT:7998:T/C	chrMT:8047:T/C	chrMT:8675:T/C	chrMT:9136:A/G	chrMT:9182:G/A	chrMT:9430:T/C	chrMT:10437:G/A	chrMT:10561:T/C	chrMT:11168:G/A	chrMT:11419:T/C	chrMT:11559:G/A	chrMT:11921:T/C	chrMT:11978:T/C	chrMT:12080:C/T	chrMT:12316:G/A	chrMT:13063:G/A	chrMT:13177:G/A	chrMT:13385:T/C	chrMT:13731:A/G	chrMT:14541:T/C	chrMT:14840:A/G	chrMT:14846:G/A	chrMT:14872:C/T	chrMT:15005:G/C	chrMT:15097:T/C	chrMT:15236:A/G	chrMT:15596:G/C	chrMT:15884:G/A	chrMT:16124:T/C	chrMT:16129:G/A	chrMT:16216:A/G	chrMT:16292:C/T	depth
SRR5355676	0	0	0	0	0	0	0	0	0	0	0	0	0	1	0	0	0	0	0	0	0	0	0	0	0	0	0	0	0	0	0	0	0	0	0	0	0	0	0	0	0	0	0.941176470588235	0	0	0	0	0	0	0	0	0	25.83
SRR5355677	0	0	0	0	0	0	0	0	0	0	0	0	0	1	0	0	0.00735294117647059	0.0126582278481013	0	0	0	0	0	0	0	0	0	0	0	0	0	0.00531914893617021	0	0	0	0	0	0	0	0	0	0	1	0	0	0	0	0	0	0	0	0	108.98
SRR5355678	0	0	0	0	0	0	0	0	0	0.0392156862745098	0	0	0	1	0	0	0.0422535211267606	0	0	0	0	0	0	0	0	0	0	0	0	0	0	0	0.0204081632653061	0	0	0	0	0	0	0	0	0	1	0	0	0	0	0	0	0	0	0	35.46
SRR5355679	0	0	0	0	0	0	0	0	0	0	0	0	0	1	0	0.00854700854700855	0.00743494423791822	0	0	0	0	0	0	0	0	0	0	0	0	0	0	0.00403225806451613	0.00900900900900901	0	0	0	0	0.00434782608695652	0	0	0	0	1	0	0.137795275590551	0	0	0	0	0	0	0	177.79
SRR5355680	0	0	0	0	0	0	0	0	0	0	0	0	0	1	0	0	0	0	0	0	0	0	0	0	0	0	0	0	0	0	0	0.229508196721311	0	0	0	0	0	0	0	0	0.0099009900990099	0	1	0	0	0	0	0	0	0	0	0	111.37
SRR5355681	0	0	0	0	0	0	0	0	0	0	0	0	0	1	0	0	0	0	0	0	0	0	0	0	0	0	0	0	0	0	0	0	0.3125	0	0	0	0	0	0.769230769230769	0	0.0769230769230769	0	1	0	0	0	0	0	0	0	0	0	30.93
SRR5355682	0	0	0	0	0	0	0	0	0	0	0	0	0	1	0	0	0	0	0	0	0	0	0	0	0	0	0	0	0	0	0	0	0	0	0	0	0	0	0	0	0.142857142857143	0	1	0	0	0	0	0	0	0	0	0	13.8
SRR5355683	0	0	0	0	0	0	0	0	0	0	0	0	0	1	0	0	0	0	0	0	0	0	0	0	0	0	0	0	0	0	0	0	0	0	0	0	0	0	0	0	0	0	1	0	0	0	0	0	0	0	0	0	13.42
SRR5355684	0	0	0	0	0	0	0	0	0	0	0	0	0	1	0	0	0	0	0	0	0	0	0	0	0	0	0	0	0	0	0	0	0	0	0	0	0	0.025	0	0	0	0	1	0	0	0	0	0	0	0	0	0	34.17
SRR5355685	0	0	0	0	0	0	0	0	0	0	0	0	0	1	0	0	0	0	0	0	0	0	0	0	0	0.463414634146341	0	0	0	0	0	0	0	0	0	0	0	0	0.0384615384615385	0	0.0588235294117647	0	1	0	0	0	0	0	0	0	0	0	39.78
SRR5355686	0	0	0	0	0	0	0	0	0	0	0	0	0	1	0	0	0	0	0	0	0	0	0	0	0	0	0	0	0	0	0	0	0	0	0	0	0	0	0	0	0.133333333333333	0	1	0	0	0	0	0	0	0	0	0	10.5
SRR5355687	0	0	0	0	0	0	0	0	0	0	0	0	0	1	0	0	0	0	0	0	0	0	0	0	0	0	0	0	0	0	0	0	0	0	0	0	0	0.0625	0	0	0.142857142857143	0	1	0	0	0	0	0	0	0	0	0	12.11
SRR5355688	0.0303030303030303	0	0	0	0	0	0	0	0	0	0	0	0	1	0	0	0	0	0	0	0.0104166666666667	0	0	0	0.015748031496063	0	0	0	0	0	0	0	0	0	0	0	0	0.0127388535031847	0	0	0	0	0.981818181818182	0	0	0	0	0	0	0	0	0	108.99
SRR5355689	0	0	0	0	0	0	0	0.0246913580246914	0	0	0	0	0	1	0	0	0	0	0	0.145161290322581	0	0	0	0	0	0	0	0	0.104477611940299	0	0	0	0	0	0	0	0	0	0	0	0	0	0.989247311827957	0	0	0	0	0	0	0	0	0	106.17
SRR5355690	0.0166666666666667	0	0	0	0	0	0	0	0	0	0	0	0	1	0	0	0	0	0	0	0	0	0	0	0	0	0	0	0	0	0	0	0	0	0	0	0	0	0	0	0	0	1	0	0	0	0	0	0	0	0	0	78.09
SRR5355691	0	0	0	0	0	0	0	0	0	0	0	0.0119047619047619	0	1	0	0.205128205128205	0	0	0	0	0	0	0	0	0	0	0	0	0	0	0	0	0	0	0.125	0	0	0.245614035087719	0	0	0.01	0	1	0	0	0	0	0	0	0	0	0	90.3
SRR5355692	0	0	0.815384615384615	0	0	0	0	0	0	0	0	0	0	1	0	0	0	0	0	0	0	0	0	0	0	0.0454545454545455	0	0	0	0	0	0	0	0	0	0	0	0	0	0	0	0	1	0	0	0	0	0	0	0	0	0	39.34
SRR5355693	0	0	0	0	0	0	0	0	0	0	0	0.0333333333333333	0	1	0	0	0	0	0	0	0	0	0	0	0	0	0	0	0	0	0	0	0	0	0	0	0	0	0	0	0.0434782608695652	0	1	0	0	0	0	0	0	0	0	0	29.34
SRR5355694	0.113636363636364	0	0	0	0	0	0	0	0	0	0	0	0	0.875	0	0	0.223684210526316	0	0	0	0	0	0	0	0	0	0	0	0	0	0	0	0	0	0	0	0	0	0	0	0	0	1	0	0	0	0	0	0	0	0	0	69.27
SRR5355695	0.0652173913043478	0	0	0	0	0	0	0	0	0	0	0	0	1	0	0	0	0	0	0	0	0	0	0	0	0	0	0.00813008130081301	0	0	0	0	0	0	0	0	0	0	0	0	0	0	1	0.271186440677966	0	0	0	0	0	0	0	0	87.14
SRR5355696	0.0606060606060606	0	0	0	0	0	0	0	0	0	0	0	0	1	0	0	0	0	0	0	0	0	0	0	0	0	0	0	0	0	0	0	0.0117647058823529	0	0	0	0	0	0	0	0	0	1	0	0	0	0	0	0	0	0	0	69.01
SRR5355697	0	0	0	0.179487179487179	0	0	0	0	0	0	0	0	0	1	0	0	0	0	0	0	0	0	0	0	0	0	0	0	0	0	0	0	0	0	0	0	0	0.0113636363636364	0	0.828571428571429	0	0	1	0	0	0	0	0	0	0	0	0	66.31
SRR5355698	0.032258064516129	0	0	0	0	0	0	0	0	0	0	0	0	1	0	0	0	0	0	0	0	0	0	0	0	0	0	0	0	0	0	0	0	0	0	0	0	0	0	0	0	0	1	0	0	0	0	0	0	0	0	0	99.94
SRR5355699	0	0	0	0	0	0	0	0	0	0	0	0	0	1	0	0	0	0	0	0	0	0	0	0	0	0	0	0	0	0	0	0	0	0	0	0	0	0	0	0	0	0	1	0	0	0	0	0	0	0	0	0	63.62
SRR5355700	0	0	0	0	0	0	0	0	0	0	0	0	0	1	0	0	0	0	0.0441176470588235	0	0	0	0	0	0	0	0	0	0	0	0	0	0	0	0	0	0	0	0	0	0	0	1	0	0	0	0	0	0	0	0	0	67.45
SRR5355701	0.166666666666667	0	0	0	0	0	0	0	0	0	0	0	0	1	0	0	0	0	0.032258064516129	0	0.452380952380952	0	0	0	0	0	0	0	0	0	0	0	0	0	0	0	0	0	0	0	0	0	1	0	0	0	0	0	0	0	0	0	51.52
SRR5355702	0.0394736842105263	0	0	0	0	0	0	0	0	0	0	0	0.00900900900900901	1	0	0	0	0	0.0121212121212121	0	0	0	0	0	0	0	0.611111111111111	0	0	0	0	0	0	0	0	0	0	0	0	0	0	0	1	0	0	0	0	0	0	0	0.248275862068966	0	150.22
SRR5355703	0	0	0	0	0	0	0	0	0	0	0	0	0	1	0	0	0	0	0	0	0	0	0	0	0	0	0	0	0	0	0	0	0	0	0	0	0	0	0	0	0	0	1	0	0	0	0	0	0	0	0	0	77.5
SRR5355704	0	0	0	0	0	0	0	0	0	0	0	0	0.00934579439252336	1	0	0	0	0	0	0	0	0	0	0	0	0	0	0	0	0	0	0	0	0	0	0	0	0	0	0	0	0	1	0	0	0	0	0	0	0	0	0	132.86
SRR5355705	0	0	0	0	0	0	0	0	0	0	0	0	0.0833333333333333	1	0	0	0	0	0	0	0	0	0	0	0	0	0	0	0	0	0	0	0	0	0	0	0	0	0	0	0	0	1	0	0	0	0	0	0	0	0	0	17.52
SRR5355706	0	0	0	0	0	0	0	0	0	0	0	0	0	1	0	0	0	0	0.0746268656716418	0	0	0	0	0	0	0	0	0	0	0	0	0	0	0	0	0	0	0	0	0	0	0	1	0	0	0	0	0	0	0	0	0.103448275862069	55.73
SRR5355707	0.0476190476190476	0	0	0	0	0	0	0	0	0	0	0	0	1	0	0	0	0	0.109375	0	0	0	0	0	0	0	0	0	0	0	0	0	0	0	0	0	0	0	0	0	0	0	1	0	0	0	0	0	0	0	0	0	71.53
SRR5355708	0.0476190476190476	0	0	0	0	0	0	0	0	0	0	0	0	1	0	0	0	0	0.05	0	0	0	0	0	0	0	0	0	0	0	0	0	0	0	0	0	0	0	0	0	0	0	1	0	0	0	0	0	0	0	0	0	87.83
SRR5355709	0	0	0.0153846153846154	0	0	0	0	0	0	0	0	0	0.04	1	0	0	0	0	0	0	0	0	0	0	0	0	0	0	0	0	0.10126582278481	0	0	0	0	0	0	0	0	0	0	0	0.975609756097561	0	0	0	0	0	0	0.192307692307692	0	0	47.12
SRR5355710	0	0	0	0	0	0	0	0	0	0	0	0	0.0232558139534884	1	0	0	0	0	0.0105263157894737	0	0	0	0	0	0	0	0	0	0	0	0	0	0.0121951219512195	0	0	0	0	0	0	0	0.307692307692308	0	0.986486486486487	0	0	0	0	0	0	0	0	0	72.2
SRR5355711	0	0	0	0	0	0	0	0	0	0	0	0	0.032258064516129	1	0	0	0	0	0	0	0	0	0	0	0	0	0	0	0	0	0	0	0	0	0	0	0	0	0	0	0	0	1	0	0	0	0	0	0	0	0	0	36.18
SRR5355712	0.56140350877193	0	0	0	0	0	0	0	0	0	0	0	0	0.882352941176471	0	0	0	0	0.00684931506849315	0	0.0186915887850467	0	0.00826446280991736	0	0	0	0	0	0	0	0	0	0	0	0	0	0	0	0	0	0	0	0.989690721649485	0	0	0	0	0	0	0	0	0	105.75
SRR5355713	0	0	0	0	0	0	0	0	0	0	0	0	0	1	0	0	0	0	0.0105263157894737	0	0	0	0	0	0	0	0	0	0	0	0	0	0	0	0	0	0	0	0	0	0	0	1	0	0	0	0	0	0	0	0	0	92.3
SRR5355714	0	0	0	0	0	0	0	0	0	0	0	0	0	1	0	0	0	0	0.0444444444444444	0	0	0	0	0	0	0	0	0	0	0	0	0	0	0	0	0	0	0	0	0	0	0	1	0	0	0	0	0	0	0	0	0	45.04
SRR5355715	0	0	0	0	0	0	0	0	0	0	0	0	0.0222222222222222	1	0	0	0	0	0	0	0	0.666666666666667	0	0	0	0	0	0	0	0	0	0	0.0263157894736842	0	0	0	0	0	0	0	0	0	1	0	0	0	0	0	0	0	0	0.0344827586206897	53.63
SRR5355716	0	0	0	0	0	0	0	0	0	0	0	0	0	1	0	0	0	0	0	0	0	0	0	0	0	0	0	0	0	0	0	0	0	0	0	0	0	0	0	0	0	0	1	0	0	0	0	0	0	0	0	0	35.16
SRR5355717	0	0	0	0	0	0	0	0	0	0	0	0	0.00523560209424084	0.964285714285714	0	0	0	0	0	0	0	0	0	0	0	0	0	0	0	0	0	0	0	0	0	0	0	0	0	0	0	0	0.996	0	0	0	0.0029585798816568	0	0	0	0	0	243.49
SRR5355718	0.0158730158730159	0.00714285714285714	0	0	0	0	0	0	0	0	0	0	0	1	0	0	0	0	0.925925925925926	0	0	0	0	0	0	0	0	0	0	0	0	0	0	0	0	0	0	0	0	0	0	0	0.991071428571429	0	0	0	0	0	0	0	0	0	112.3
SRR5355719	0	0	0.00662251655629139	0	0	0	0	0	0	0	0	0	0	1	0	0	0	0	0.0142857142857143	0	0	0	0	0	0	0	0	0	0	0	0	0	0	0	0	0	0.504201680672269	0	0	0	0	0	1	0	0	0	0.172413793103448	0	0	0	0	0	112.02
SRR5355720	0	0	0	0	0	0	0	0	0	0	0	0	0	1	0	0	0	0	0.0377358490566038	0	0	0	0	0	0	0	0	0	0	0	0	0	0	0	0	0	0	0	0	0	0	0	1	0	0	0	0	0	0	0	0	0	38.34
SRR5355721	0	0	0	0	0	0	0	0	0	0	0	0	0	1	0	0	0	0	0	0	0	0	0	0	0	0	0	0	0	0	0	0	0	0	0	0	0	0	0	0	0	0	1	0	0	0	0	0	0	0	0	0	77.83
SRR5355722	0	0	0	0	0	0	0	0	0	0	0	0	0.343949044585987	1	0	0	0	0	0	0	0	0	0	0	0	0	0	0	0	0	0	0	0	0	0	0	0	0	0.00571428571428571	0	0	0	1	0	0	0	0	0	0	0	0	0.00485436893203883	184.35
SRR5355723	0	0	0	0	0	0	0	0	0	0	0	0	0	1	0	0	0	0	0.0158730158730159	0	0	0	0	0	0	0	0	0.523255813953488	0	0	0	0	0	0	0	0	0	0	0	0	0	0	1	0	0	0	0	0	0	0	0	0	56.65
SRR5355724	0	0	0	0	0	0	0	0	0	0	0	0	0	1	0	0	0	0	0	0	0	0	0	0	0	0	0	0	0	0	0	0	0	0	0	0	0	0	0	0	0	0	1	0	0	0	0	0.142857142857143	0	0	0	0	39.57
SRR5355725	0	0	0	0	0	0	0	0	0	0	0	0	0	1	0	0	0	0	0.0113636363636364	0	0	0	0	0	0	0	0	0	0	0	0	0	0	0	0	0	0	0	0	0	0	0	1	0	0	0	0	0	0	0	0	0	66.73
SRR5355726	0	0	0	0	0	0	0	0	0	0	0	0	0	1	0	0	0	0	0.0119047619047619	0	0.0947368421052632	0	0	0	0	0	0	0	0	0	0	0	0	0	0	0	0	0	0	0	0	0	1	0	0	0	0	0	0	0	0	0	135.24
SRR5355727	0	0	0	0	0	0	0	0	0	0	0	0	0	1	0	0	0	0	0.028169014084507	0	0	0	0	0.0246913580246914	0	0	0	0	0	0	0	0	0	0	0	0	0	0	0	0	0	0	1	0	0	0	0	0	0	0	0	0	71.82
SRR5355728	0	0	0	0	0	0	0	0	0	0	0	0	0	0	0	0	0	0	0	0	0	0	0	0	0	0	0	0	0	0	0	0	0	0	0	0	0	0	0	0	0	0	1	0	0	0	0	0	0	0	0	0	2.54
SRR5355729	0	0	0	0	0	0	0	0	0	0	0	0	0	1	0	0	0	0	0	0	0	0	0	0	0	0	0	0	0	0	0	0	0	0	0	0	0	0	0	0	0	0	1	0	0	0	0	0	0	0	0	0	7.38
SRR5355730	0	0	0	0	0	0	0	0	0	0	0	0	0	1	0	0	0	0	0.0208333333333333	0	0	0	0	0	0	0	0	0	0	0	0	0	0	0	0	0	0	0	0	0	0	0	1	0	0	0	0	0	0	0	0	0	30.23
SRR5355731	0	0.0645161290322581	0	0	0	0	0	0	0	0	0	0	0	1	0	0	0	0	0.0263157894736842	0	0	0	0	0	0	0	0	0	0	0	0	0	0	0	0	0	0	0	0	0	0	0	1	0	0	0.111111111111111	0	0	0	0	0	0	24.82
SRR5355732	0	0	0	0	0	0	0	0	0	0	0	0	0	1	0	0	0.028169014084507	0	0	0	0	0	0	0	0	0	0	0	0	0	0	0	0	0	0	0	0	0	0	0	0	0	1	0	0	0	0	0	0	0	0	0	36.5
SRR5355733	0	0	0	0	0	0	0	0	0	0	0	0	0	1	0	0	0	0	0	0	0	0	0	0	0	0	0	0	0	0	0	0	0	0	0	0	0	0	0	0	0	0	1	0	0	0	0	0	0	0	0	0	55.45
SRR5355734	0	0	0	0	0	0	0	0	0	0	0	0	0	1	0	0	0	0	0	0	0.0142857142857143	0	0	0	0	0	0	0	0	0	0	0	0	0	0	0	0	0	0	0	0	0	1	0	0	0	0	0	0	0	0	0	122.31
SRR5355735	0	0.117647058823529	0	0	0	0	0	0	0	0	0	0	0	0	0	0	0	0	0	0	0	0	0	0	0	0	0	0	0	0	0	0	0	0	0	0	0	0	0	0	0	0	1	0	0	0	0	0	0	0	0	0	11.57
SRR5355736	0	0.154471544715447	0	0	0	0	0	0	0	0	0	0	0	1	0	0	0	0	0	0	0	0	0	0	0	0	0	0	0	0	0	0	0	0	0	0.197278911564626	0	0	0	0	0	0	1	0	0	0	0	0	0	0	0	0	107.88
SRR5355737	0	0	0	0	0	0	0	0	0	0	0	0	0	1	0	0	0	0	0	0	0	0	0	0	0	0	0	0	0	0	0	0	0	0	0	0.0169491525423729	0	0	0	0	0	0	1	0	0	0	0	0	0	0	0	0	51.56
SRR5355738	0	0	0	0	0	0	0	0	0	0	0	0	0	1	0	0	0	0	0	0	0	0	0	0	0	0	0	0	0	0	0	0	0	0	0	0	0	0	0	0	0	0	0.993464052287582	0	0	0	0	0	0	0	0	0	166.3
SRR5355739	0	0	0	0	0	0	0	0	0.00694444444444444	0	0.00625	0	0	1	0	0	0	0	0	0	0	0	0	0	0	0	0	0	0	0	0	0	0	0	0	0	0	0	0	0	0	0	1	0	0	0	0	0	0	0	0	0	134.97
SRR5355740	0	0	0	0	0	0	0	0	0	0	0	0	0	1	0	0	0	0	0	0	0	0	0.0625	0	0	0	0	0	0	0	0	0	0	0	0	0	0	0	0	0	0	0	0.979591836734694	0	0	0	0	0	0	0	0	0	45.63
SRR5355741	0	0	0	0	0.0128205128205128	0	0	0	0	0	0	0	0	1	0	0	0	0	0	0	0	0	0	0	0	0	0	0	0	0	0	0	0	0	0	0	0	0	0	0	0	0	1	0	0	0	0	0.0161290322580645	0	0	0	0	63.46
SRR5355742	0	0	0	0	0	0	0	0	0	0	0	0	0	1	0	0	0	0	0	0	0	0	0	0	0	0	0	0	0	0.142857142857143	0	0	0	0	0	0	0	0	0	0	0	0	1	0	0	0	0	0	0	0	0	0	43
SRR5355743	0	0	0	0	0	0	0	0	0	0	0	0	0	0	0	0	0	0	0	0	0	0	0	0	0	0	0	0	0	0	0	0	0	0	0	0	0	0	0	0	0	0	1	0	0	0	0	0	0	0	0	0	16.81
SRR5355744	0	0	0	0	0	0	0	0	0	0	0	0	0	1	0	0	0	0	0	0	0	0	0	0	0	0	0	0	0	0	0	0	0	0	0	0	0	0	0	0	0	0	1	0	0	0	0	0	0	0	0	0	57.9
SRR5355745	0	0	0	0	0	0	0	0	0	0	0	0	0	1	0	0	0	0	0	0	0	0	0	0	0	0	0	0	0	0	0	0	0	0	0	0	0	0	0	0	0	0	1	0	0	0	0	0	0	0	0	0	41.8
SRR5355746	0	0	0	0	0	0	0.109756097560976	0.0123456790123457	0	0	0	0	0	1	0.138888888888889	0	0	0	0	0	0	0	0	0	0	0	0	0	0	0	0	0	0	0	0	0	0	0	0	0	0	0	1	0	0	0	0	0	0	0	0	0	93.62
SRR5355747	0	0	0	0	0	0	0	0	0	0	0	0	0	1	0	0	0	0	0	0	0	0	0	0	0	0	0	0	0	0	0	0	0	0	0	0	0	0	0	0	0	0	1	0	0	0	0	0	0	0	0	0	4.49
SRR5355748	0	0	0	0	0	0	0	0	0	0	0	0	0	1	0	0	0	0.542857142857143	0	0	0	0	0.443609022556391	0	0	0	0	0	0	0	0	0	0	0	0	0	0	0	0	0	0	0.00684931506849315	1	0	0	0	0	0	0	0	0	0	125.15
SRR5355749	0	0	0	0	0	0	0	0	0	0	0	0	0	1	0	0	0	0	0	0	0	0	0	0	0	0	0	0	0	0	0	0	0	0	0	0	0	0	0	0	0	0	1	0	0	0	0	0	0	0	0	0	10.28
SRR5355750	0	0	0	0	0	0	0	0	0	0	0	0.0169491525423729	0	1	0	0	0	0	0	0	0	0	0	0	0	0	0	0	0	0	0	0	0	0	0	0	0	0	0	0	0	0	1	0	0	0	0	0	0	0	0	0	71.47
SRR5355751	0	0	0.0050251256281407	0	0	0	0	0	0	0	0	0	0	1	0	0.0181818181818182	0	0	0	0	0	0	0	0	0	0	0	0	0	0	0	0	0	0	0	0	0	0	0	0	0	0	0.993589743589744	0	0	0	0	0	0	0	0	0	131.31
SRR5355752	0	0	0	0	0	0	0	0	0	0	0	0	0	1	0	0	0	0	0	0	0	0	0	0	0	0	0	0	0	0	0	0	0	0	0	0	0	0	0	0	0	0	1	0	0	0	0	0	0	0	0	0	33.52
SRR5355753	0	0	0	0	0	0.242857142857143	0	0	0	0.727272727272727	0	0	0	1	0	0	0	0	0	0	0	0	0	0	0	0	0	0	0	0	0	0	0	0	0	0	0	0	0	0	0	0	1	0	0	0	0	0	0	0	0	0	72.57
SRR5355754	0	0	0	0	0	0	0	0	0	0	0	0	0	1	0	0	0	0	0	0	0	0	0	0	0	0	0	0	0	0	0	0	0	0	0	0	0	0	0	0	0	0	1	0	0	0	0	0	0	0	0	0	165.2
SRR5355755	0	0	0	0	0	0	0	0	0	0	0	0	0	1	0	0	0	0	0	0	0	0	0	0	0	0	0	0	0	0	0	0	0	0	0	0	0	0	0	0	0	0	1	0	0	0	0	0	0	0	0	0	11.2
SRR5355756	0	0	0	0	0	0	0	0	0	0	0	0.254237288135593	0	1	0	0	0	0	0.00934579439252336	0	0	0	0	0	0	0	0	0	0	0	0	0	0	0	0	0	0	0	0.0126582278481013	0	0	0	1	0	0	0	0	0	0	0	0	0	84.08
SRR5355757	0	0	0	0	0	0	0	0	0	0	0	0	0	1	0	0	0	0	0	0	0	0	0	0	0	0	0	0	0	0	0	0	0	0	0	0	0	0	0	0	0	0	1	0	0	0	0	0	0	0	0	0	20.34
SRR5355758	0	0	0	0	0	0	0	0	0.106382978723404	0	0	0	0	1	0	0	0	0	0	0	0	0	0	0	0	0	0	0	0	0	0.0125	0	0	0	0	0	0	0	0	0	0	0	1	0	0	0	0	0	0	0	0	0	60.52
SRR5355759	0	0	0	0	0	0	0	0	0	0	0	0	0	1	0	0	0	0	0	0	0	0	0	0	0	0	0	0	0	0	0	0	0	0	0	0	0	0	0	0	0	0	1	0	0	0	0	0	0	0	0	0	52.85
SRR5355760	0	0	0	0	0	0	0	0	0	0	0	0	0	1	0	0	0	0	0	0	0	0	0	0	0	0	0	0	0	0	0	0	0	0	0	0	0	0	0	0	0	0	1	0	0	0	0	0	0	0	0	0	5.11
SRR5355761	0	0	0	0	0	0	0	0	0	0	0	0	0	0	0	0	0	0	0	0	0	0	0	0	0	0	0	0	0	0	0	0	0	0	0	0	0	0	0	0	0	0	0	0	0	0	0	0	0	0	0	0	3.47
SRR5355762	0	0	0	0	0.00413223140495868	0	0	0.632978723404255	0	0	0	0	0	1	0	0	0	0	0	0	0	0	0	0	0	0	0	0	0	0	0	0	0	0.130281690140845	0	0	0	0	0	0	0	0	0.992452830188679	0	0	0	0	0	0	0	0	0.00655737704918033	242.96
SRR5355763	0	0	0	0	0	0	0	0	0	0	0	0	0	1	0	0	0	0	0	0	0	0	0	0	0	0	0	0	0	0	0	0	0	0	0	0	0	0	0	0	0	0	1	0	0	0	0	0	0	0	0	0	6.67
SRR5355764	0	0	0	0	0.236486486486486	0	0	0	0	0	0	0	0	1	0	0.0147058823529412	0	0	0	0	0	0	0	0	0	0	0	0	0	0	0	0	0	0	0	0	0	0	0	0	0	0	1	0	0	0	0	0	0	0	0	0	149.67
SRR5355765	0	0	0	0	0	0	0	0	0	0	0	0	0	1	0	0	0	0	0	0	0	0	0	0	0	0	0	0	0	0	0	0	0	0	0	0	0	0	0	0	0	0	1	0	0	0	0	0	0	0	0	0	8.81
SRR5355766	0	0	0	0	0	0	0	0	0	0	0	0	0	1	0	0	0.142857142857143	0	0	0	0	0	0	0	0	0	0	0	0	0	0	0	0	0	0	0	0	0	0	0	0	0	1	0	0	0	0	0	0	0	0	0	2.94
SRR5355767	0	0	0	0	0	0	0	0	0	0	0	0	0	1	0	0	0	0	0	0	0.0102040816326531	0	0	0	0	0	0	0	0	0	0	0	0	0	0	0	0	0	0	0	0	0	1	0	0	0	0	0	0	0	0	0	132.52
SRR5355768	0	0	0	0	0	0	0	0	0	0	0	0.0454545454545455	0	1	0	0	0	0	0	0	0	0	0	0	0	0	0	0	0	0	0	0	0	0	0	0	0	0	0	0	0	0	1	0	0	0	0	0	0	0	0	0	24.34
SRR5355769	0	0	0	0	0	0	0	0	0.0222222222222222	0	0.472222222222222	0	0	1	0	0	0	0	0	0	0	0	0	0.27027027027027	0	0	0	0	0	0	0	0	0	0	0	0	0	0	0	0	0	0	1	0	0	0	0	0	0	0	0	0	83.74
SRR5355770	0	0	0	0	0	0	0	0	0	0	0	0	0	1	0	0	0	0	0	0	0	0	0	0	0	0	0	0	0	0	0	0	0	0	0	0	0	0	0	0	0	0	1	0	0	0	0	0	0.710526315789474	0	0	0	62.68
SRR5355771	0	0	0	0	0	0	0	0	0	0	0	0	0	1	0	0.0285714285714286	0	0	0	0	0	0	0	0	0.534883720930233	0	0	0	0	0	0	0	0	0	0	0	0	0	0	0	0	0.333333333333333	1	0	0	0	0	0	0	0	0	0	48.14
