cells	chrMT:73:A/G	chrMT:623:A/G	chrMT:654:T/G	chrMT:1438:A/G	chrMT:2056:G/A	chrMT:2339:G/A	chrMT:2571:G/A	chrMT:2706:A/G	chrMT:2759:T/C	chrMT:2938:A/G	chrMT:3887:A/G	chrMT:3973:T/C	chrMT:4225:A/G	chrMT:4232:T/C	chrMT:4769:A/G	chrMT:5192:A/G	chrMT:5301:A/C	chrMT:5894:A/C	chrMT:8537:A/G	chrMT:8710:A/G	chrMT:9110:T/C	chrMT:9242:A/G	chrMT:9264:G/A	chrMT:9726:A/G	chrMT:10320:G/A	chrMT:10464:T/C	chrMT:11195:G/A	chrMT:11735:C/T	chrMT:12127:G/A	chrMT:12463:A/G	chrMT:13595:G/A	chrMT:14918:G/A	chrMT:15326:A/G	chrMT:15930:G/A	chrMT:16129:G/A	chrMT:16134:C/T	chrMT:16222:C/T	depth
SRR5355580	110	0	0	104	56	0	0	115	0	0	0	0	21	14	10	0	0	0	0	0	0	107	0	0	0	0	0	85	0	0	0	0	95	0	0	41	0	93.94
SRR5355581	37	0	0	29	16	0	0	55	0	0	0	0	7	3	8	0	0	0	0	0	0	42	0	0	0	0	0	50	0	0	0	0	36	0	0	1	0	42.26
SRR5355582	123	0	0	90	54	0	0	146	0	0	82	0	24	17	10	0	0	0	35	0	0	128	0	0	0	0	0	96	0	0	0	0	118	0	0	81	0	101.75
SRR5355583	4	0	0	2	0	0	0	4	0	0	1	0	1	0	0	0	0	0	0	0	0	7	0	0	0	0	0	0	0	0	0	0	2	0	0	2	0	2.47
SRR5355584	1	0	0	3	1	0	0	3	0	0	0	0	1	1	2	0	0	0	0	0	0	1	0	0	0	0	0	3	0	0	0	0	0	0	0	0	0	2.12
SRR5355585	2	0	0	3	3	0	0	9	0	0	0	0	1	1	0	0	0	0	0	0	0	3	0	0	0	0	0	4	0	0	0	0	4	0	0	0	0	4.13
SRR5355586	148	0	0	150	106	0	0	207	0	0	0	0	44	29	35	0	0	0	0	0	0	213	0	0	0	0	56	183	0	0	0	0	196	0	0	43	0	183.25
SRR5355587	61	0	0	53	46	0	0	56	0	0	0	0	11	10	4	0	0	0	0	0	0	58	0	0	0	0	0	67	0	0	2	0	80	19	0	0	0	63.26
SRR5355588	33	0	0	17	11	0	0	22	0	0	0	0	12	11	5	0	0	0	0	0	0	25	0	0	0	0	0	18	0	0	0	0	24	0	0	0	0	21.75
SRR5355589	66	0	0	65	56	0	0	78	0	0	0	0	18	14	18	0	0	0	0	0	0	78	0	0	0	1	0	52	0	0	0	0	75	0	0	0	0	65.07
SRR5355590	2	0	0	2	3	0	0	3	0	0	0	0	3	3	1	0	0	0	0	0	0	3	0	0	0	0	0	1	0	0	0	0	2	0	0	2	0	4.25
SRR5355591	76	0	0	93	68	0	0	124	0	28	0	0	20	16	16	0	0	0	0	0	0	108	0	0	0	0	0	100	0	0	0	0	113	0	0	1	0	101.31
SRR5355592	49	0	0	47	38	0	0	60	0	0	0	0	11	6	8	0	0	0	0	0	0	68	0	0	0	0	0	57	0	0	0	0	60	0	0	26	0	58.48
SRR5355593	13	0	0	20	12	0	0	19	0	0	0	0	5	2	5	0	0	0	0	0	0	20	0	0	0	0	1	17	0	0	0	0	10	0	0	9	0	16.17
SRR5355594	17	0	0	11	13	0	0	23	0	0	0	0	11	8	8	0	0	0	0	0	0	36	0	0	0	0	0	26	0	0	0	0	37	0	0	0	0	24.76
SRR5355595	0	1	0	1	3	0	0	2	0	0	0	0	0	0	0	0	0	0	0	0	0	1	0	0	0	0	0	1	0	0	0	0	3	0	0	0	0	2.59
SRR5355596	71	0	0	71	41	0	0	88	0	0	0	0	11	8	13	0	0	0	0	0	0	96	0	0	0	57	0	58	0	0	0	0	80	0	0	1	0	66.69
SRR5355597	5	0	0	2	2	0	0	9	0	0	0	0	3	1	0	0	0	0	0	0	0	4	0	0	0	0	0	6	0	0	0	0	1	0	0	0	0	3.35
SRR5355598	72	0	0	77	61	0	0	105	0	0	1	0	20	11	9	1	0	0	0	0	0	89	0	0	0	0	0	79	0	0	0	0	75	0	0	4	0	81.35
SRR5355599	132	0	0	106	75	0	0	140	0	0	0	0	23	14	15	0	0	0	0	0	0	141	0	11	0	0	0	116	0	0	0	0	143	0	0	1	0	124.62
SRR5355600	208	0	0	191	133	0	0	275	0	0	0	0	58	45	62	43	0	0	0	0	0	317	0	0	0	0	0	263	0	0	0	0	257	0	0	14	0	240.95
SRR5355601	70	0	0	66	45	0	0	77	0	0	0	0	12	8	13	0	0	0	0	0	0	81	0	0	0	0	0	71	0	0	0	0	75	0	0	73	0	72.25
SRR5355602	1	0	0	1	1	0	0	2	0	0	0	0	0	0	0	0	0	0	0	0	0	3	0	0	0	0	0	4	0	0	0	0	3	0	0	0	0	3.61
SRR5355603	19	0	0	20	6	0	0	20	0	0	0	0	6	6	5	1	0	0	0	0	0	27	0	0	0	0	0	24	0	0	0	0	24	0	0	5	0	20.67
SRR5355604	119	0	0	116	95	0	0	165	0	0	0	0	29	22	22	1	0	0	0	0	0	211	0	0	0	0	0	143	0	0	0	0	202	0	0	58	0	156.27
SRR5355605	11	0	0	11	10	0	0	16	0	0	0	0	6	3	2	4	0	0	0	0	0	15	0	0	0	0	0	11	0	0	0	0	10	0	0	1	0	13.92
SRR5355606	113	0	0	87	64	0	0	133	0	0	0	0	19	12	18	0	0	0	0	0	0	124	0	0	0	0	0	106	108	0	0	0	98	0	0	68	0	105.56
SRR5355607	4	0	0	0	1	0	0	3	0	0	0	0	0	0	0	0	0	0	0	0	0	3	0	0	0	0	0	1	0	0	0	0	1	0	0	0	0	2.25
SRR5355608	0	0	0	0	2	0	0	1	0	0	0	0	0	0	0	0	0	0	0	0	0	0	0	0	0	0	0	0	0	0	0	0	2	0	0	0	0	2.05
SRR5355609	5	0	0	1	0	0	0	0	0	0	0	0	0	0	1	0	0	0	0	0	0	0	0	0	0	0	0	3	0	0	0	0	5	0	0	0	0	2.16
SRR5355610	112	0	0	87	57	0	0	111	0	0	0	0	19	9	14	0	0	0	0	0	0	116	0	0	0	0	0	98	0	0	0	0	113	0	3	42	0	99.5
SRR5355611	49	0	0	57	24	0	0	55	8	0	0	0	17	11	19	0	0	0	0	0	0	57	0	0	0	0	0	52	0	0	0	0	55	0	0	8	0	51.8
SRR5355612	106	0	0	95	94	0	0	156	0	0	0	0	29	20	37	0	0	0	0	0	0	180	0	0	0	0	0	134	0	0	0	0	154	0	0	72	0	151.5
SRR5355613	167	0	0	207	142	0	0	243	0	0	0	0	35	28	49	0	0	0	0	0	0	240	0	0	0	0	0	224	0	1	0	0	205	0	0	89	0	201.21
SRR5355614	34	0	0	44	30	0	0	38	0	0	0	0	7	6	12	0	0	0	0	0	0	62	0	0	0	0	0	36	0	0	0	0	41	0	0	0	0	41.27
SRR5355615	24	0	0	25	24	0	0	39	0	0	0	0	7	5	9	0	0	0	0	0	0	67	64	0	0	0	0	38	0	0	0	0	38	0	0	2	0	39.54
SRR5355616	136	0	0	175	105	1	0	183	0	0	0	0	34	21	35	0	0	0	0	1	0	235	0	0	0	0	0	168	0	0	0	0	187	0	0	61	0	185.32
SRR5355617	10	0	0	13	15	0	0	20	0	0	0	0	6	2	1	0	0	0	0	0	0	20	0	0	0	0	0	10	0	0	0	0	8	0	0	11	0	15.41
SRR5355618	99	0	0	120	100	0	0	128	0	0	0	0	21	16	23	0	0	0	0	0	0	154	0	0	0	0	0	129	0	0	0	0	165	0	0	2	0	127.62
SRR5355619	34	0	0	49	37	0	0	78	0	0	0	0	6	4	11	0	0	0	0	0	0	61	0	0	0	0	0	63	0	0	15	0	61	0	0	21	0	55.46
SRR5355620	3	0	0	5	3	0	0	4	0	0	0	0	1	1	0	0	0	0	0	0	0	4	0	0	0	0	0	2	0	0	0	0	0	0	0	2	0	3.67
SRR5355621	28	0	0	30	16	0	0	34	0	0	0	0	9	6	14	0	0	1	0	0	0	34	0	0	0	0	0	37	0	0	0	0	39	0	0	3	0	36.97
SRR5355622	145	58	0	121	96	0	0	139	0	0	0	0	22	20	29	0	0	0	0	0	0	178	0	0	0	0	0	134	0	0	0	0	146	0	19	64	0	145.93
SRR5355623	16	0	0	7	6	0	0	16	0	0	0	0	2	1	4	0	0	0	0	0	0	15	0	0	0	0	0	9	0	0	0	0	13	0	0	6	0	11.14
SRR5355624	67	0	0	100	64	0	0	94	0	0	0	0	20	15	25	0	0	0	0	0	0	126	0	0	0	0	0	102	0	0	0	0	98	0	0	57	0	98.62
SRR5355625	57	0	0	55	55	0	0	112	0	0	0	0	17	15	11	0	0	0	0	0	0	92	0	0	0	0	0	79	0	0	0	0	82	0	0	0	0	83.64
SRR5355626	2	0	0	1	3	0	0	7	0	0	0	0	1	0	0	0	0	0	0	0	0	4	0	0	0	0	0	5	0	0	0	0	5	0	0	1	0	3.78
SRR5355627	74	0	0	70	52	0	0	67	0	0	0	0	18	15	21	0	0	0	0	0	0	76	0	0	0	0	0	66	0	0	0	0	62	0	0	4	0	72.22
SRR5355628	48	0	0	63	53	0	0	72	0	0	0	0	11	7	16	0	0	0	0	0	0	73	0	0	0	0	0	70	0	0	0	0	69	0	0	0	0	65.52
SRR5355629	23	1	0	29	16	0	0	33	0	0	0	0	5	4	11	0	0	0	0	0	0	51	0	0	0	0	0	17	0	0	0	0	32	0	0	1	0	29.96
SRR5355630	262	0	0	276	149	0	0	352	0	0	0	0	54	37	63	0	0	0	0	0	0	345	0	0	0	0	0	251	0	0	0	0	320	0	0	16	0	280.96
SRR5355631	0	0	0	5	4	0	0	6	0	0	0	0	1	1	0	0	0	0	0	0	0	5	0	0	0	0	0	1	0	0	0	0	6	0	0	0	0	3.63
SRR5355632	2	0	0	4	0	0	0	11	0	0	0	0	1	1	0	0	0	0	0	0	0	12	0	0	0	0	0	3	0	0	0	0	7	0	0	2	0	6
SRR5355633	33	0	0	52	52	0	0	66	0	0	0	0	12	9	14	0	0	0	0	0	0	81	0	0	0	0	0	56	0	0	0	0	72	0	0	0	0	63.46
SRR5355634	38	0	0	48	46	0	0	65	0	0	0	0	9	4	7	0	0	0	0	0	0	65	0	0	0	0	0	40	0	0	0	0	37	0	0	4	0	54.18
SRR5355635	55	0	0	87	56	0	0	125	0	0	0	0	21	14	21	0	0	0	0	0	17	126	0	0	44	0	0	84	0	0	0	0	92	0	0	44	0	89.59
SRR5355636	16	1	0	9	8	0	0	11	0	0	0	0	2	1	4	0	0	0	0	0	0	13	0	0	0	0	0	7	0	0	0	0	12	0	0	4	0	10.48
SRR5355637	17	0	0	14	7	0	0	37	0	0	0	0	3	1	2	0	0	0	0	0	0	15	0	0	0	0	0	14	0	0	0	0	21	0	1	5	0	17.78
SRR5355638	82	0	0	90	52	0	0	92	0	0	0	0	19	16	6	0	0	0	0	0	0	149	0	0	0	0	0	72	0	24	0	0	104	0	0	3	0	88.07
SRR5355639	60	0	0	63	38	0	12	93	0	0	0	0	9	7	21	0	0	0	0	0	0	86	0	0	0	0	0	63	0	0	0	0	94	0	0	29	0	71.13
SRR5355640	70	0	0	73	42	0	0	89	0	0	0	0	13	10	11	0	0	0	0	0	0	77	0	0	0	0	0	65	0	0	0	0	53	0	0	40	0	74.96
SRR5355641	25	2	0	18	19	0	0	31	0	0	0	0	7	7	5	0	0	0	0	0	0	25	0	0	0	0	0	22	0	0	0	0	30	0	2	5	0	24.33
SRR5355642	91	2	0	101	74	0	0	111	0	0	0	0	20	14	21	0	0	0	0	0	0	127	0	0	0	0	0	89	0	0	0	0	104	0	1	19	28	102.6
SRR5355643	9	1	0	17	15	0	0	10	0	0	0	0	1	1	5	0	0	0	0	0	0	20	0	0	0	0	0	23	0	0	0	0	22	0	0	2	0	14.97
SRR5355644	88	0	22	95	46	0	0	101	0	0	0	0	24	20	21	0	0	0	0	0	0	114	0	0	0	0	0	86	0	0	0	0	75	0	0	4	0	87.87
SRR5355645	80	1	0	94	93	0	0	152	0	0	0	0	27	18	22	0	0	0	0	0	0	163	0	0	0	0	0	127	0	0	0	0	135	0	0	2	0	130.72
SRR5355646	51	3	0	57	43	0	0	66	0	0	0	0	14	10	12	0	0	0	0	0	0	63	0	0	0	0	0	35	0	0	0	0	57	0	0	4	0	58.52
SRR5355647	261	1	0	248	159	0	0	275	0	0	0	0	51	36	56	0	0	0	0	0	0	303	0	0	0	0	0	261	0	0	0	0	330	0	1	68	0	268.43
SRR5355648	11	1	0	12	11	0	0	14	0	0	0	0	2	0	4	0	0	0	0	0	0	10	0	0	1	0	0	15	0	0	0	0	9	0	0	1	0	10.61
SRR5355649	17	0	0	29	13	0	0	28	0	0	0	0	5	5	5	0	0	0	0	0	0	30	0	0	0	0	0	26	0	0	0	0	30	0	0	4	0	26.5
SRR5355650	41	0	0	29	22	0	0	32	0	0	0	0	6	5	9	0	0	0	0	0	0	40	0	0	0	0	0	27	0	0	0	0	43	0	0	5	0	32.48
SRR5355651	27	0	0	28	20	0	0	37	0	0	0	0	7	6	3	0	0	0	0	0	0	26	0	0	0	0	0	19	0	0	0	0	30	0	0	3	0	28.24
SRR5355652	153	0	0	139	114	0	0	191	0	0	0	0	23	16	28	0	0	0	0	0	0	209	0	0	0	0	3	186	0	0	0	0	156	0	0	7	0	157.82
SRR5355653	43	0	0	54	30	0	0	76	0	0	0	0	18	13	21	0	0	0	0	0	0	69	0	0	3	0	0	53	0	0	0	0	57	0	0	36	0	58.88
SRR5355654	262	0	0	207	141	0	0	249	0	0	0	0	30	21	39	0	0	0	0	0	0	249	0	0	1	0	0	202	0	0	0	0	190	0	0	16	0	197.66
SRR5355655	151	0	0	141	76	0	0	151	0	0	0	0	21	16	21	0	0	0	0	0	0	181	0	0	0	0	0	108	0	0	0	0	146	0	0	73	0	130.47
SRR5355656	94	0	0	109	54	0	0	103	0	0	0	0	14	7	17	0	0	0	0	0	0	107	0	0	0	0	0	102	0	0	0	0	102	0	0	55	0	94.91
SRR5355657	79	0	0	76	47	0	0	97	0	0	0	0	17	12	20	0	8	0	0	0	0	106	0	0	0	0	0	73	0	0	0	0	103	0	0	4	0	86.79
SRR5355658	70	0	0	107	42	0	0	88	0	0	0	0	26	20	14	0	0	0	0	0	0	112	0	0	4	0	0	64	0	0	0	17	86	0	0	48	0	80.08
SRR5355659	19	0	0	22	12	0	0	20	0	0	0	0	4	4	4	0	0	0	0	0	0	17	0	0	4	0	0	12	0	0	0	0	15	0	0	2	0	14.66
SRR5355660	5	0	0	16	6	0	0	14	0	0	0	0	2	2	1	0	0	0	0	0	0	4	0	0	3	0	0	7	0	0	0	0	11	0	0	3	0	8.58
SRR5355661	64	0	0	73	55	0	0	106	0	0	0	0	22	17	24	0	0	0	0	0	0	99	0	0	1	0	0	82	0	0	0	0	80	0	0	25	0	80.94
SRR5355662	96	0	0	106	79	0	0	126	0	0	0	0	14	10	11	0	0	0	0	0	0	138	0	0	0	0	0	115	0	0	0	0	109	0	0	14	0	107.93
SRR5355663	191	0	0	222	154	41	0	278	1	0	0	0	42	33	44	0	0	0	0	0	0	303	0	0	1	1	0	244	0	0	0	0	292	0	0	14	0	247.38
SRR5355664	12	0	0	8	5	0	0	22	0	0	0	0	1	1	2	0	0	0	0	0	0	11	0	0	3	0	0	9	0	0	0	0	10	0	0	5	0	10.47
SRR5355665	43	0	0	42	47	0	0	71	0	0	0	0	14	10	22	0	0	0	0	0	0	79	0	0	0	0	0	54	0	0	0	0	72	0	0	2	0	60.95
SRR5355666	97	0	0	85	63	0	0	110	0	0	0	0	19	18	15	0	0	0	0	0	0	119	0	0	0	0	0	81	0	0	0	0	107	0	0	64	0	95.12
SRR5355667	172	0	0	135	96	0	0	194	0	0	0	0	28	22	43	0	0	0	0	53	0	240	0	0	0	0	0	149	0	0	0	0	173	0	0	74	0	161.74
SRR5355668	76	0	0	67	57	0	0	79	0	0	0	0	10	10	17	0	0	0	0	0	0	105	0	0	0	0	0	76	0	0	0	0	80	0	0	19	0	75.96
SRR5355669	66	0	0	79	51	0	0	83	0	0	0	0	25	16	18	0	0	0	0	0	0	93	0	0	0	0	0	90	0	0	0	0	85	0	0	19	0	84.42
SRR5355670	135	0	0	158	127	0	0	185	0	0	0	21	31	18	37	0	0	0	0	0	0	215	0	0	0	0	0	133	0	0	0	0	174	0	0	36	0	172.25
SRR5355671	69	0	0	83	54	0	0	99	0	0	0	0	15	12	13	0	0	0	0	0	0	89	0	0	0	0	0	85	0	0	0	0	80	0	0	1	0	81.96
SRR5355672	109	0	0	97	74	0	0	138	0	0	0	1	24	21	26	0	0	13	0	0	0	129	0	0	0	0	0	120	0	0	0	0	144	0	5	8	0	125.56
SRR5355673	182	0	0	121	58	0	0	160	0	0	0	0	25	16	11	0	0	0	0	0	0	245	0	0	0	0	0	129	0	0	0	0	177	0	0	33	0	142.32
SRR5355674	144	0	0	122	110	0	0	183	0	0	0	0	22	15	18	0	0	0	0	0	0	195	0	0	0	0	0	153	0	0	0	0	176	0	0	76	0	147.19
SRR5355675	126	0	0	161	114	0	0	213	0	0	0	0	20	14	50	0	0	0	0	0	0	217	0	0	0	0	0	159	0	0	0	0	169	0	0	17	0	169.54
