cells	chrMT:204:T/C	chrMT:436:C/T	chrMT:619:T/C	chrMT:2619:A/G	chrMT:2896:G/A	chrMT:4769:A/G	chrMT:5447:C/T	chrMT:8685:C/T	chrMT:9145:G/A	chrMT:10937:C/T	chrMT:10950:C/T	chrMT:12824:A/G	chrMT:15200:G/A	chrMT:16044:T/C	chrMT:16219:A/G	chrMT:16362:T/C	depth
SRR6358828	0	0	0	0	0	0	0	0	0	0	0	0	0	0	0	0	1.41
SRR6358829	0	0	0	0	0	0	0	0	0	0	0	0	0	0	0	0	1.59
SRR6358830	0	0	0	0	0	0	0	0	0	0	0	0	0	0	0	0	1.48
SRR6358831	0	0	0	0	0	0	0	0	0	0	0	0	0	0	0	0	1.56
SRR6358832	0.5	0	1	0	0	0	0	1	0	0	0	0	0	0	0.5	1	1.79
SRR6358833	0	0	0	0	0	0	0	0	0	0	0	0	0	0	0	0	1.47
SRR6358834	0	0	0	0	0	0	0	0	0	0	0	0	0	0	0	0	1.49
SRR6358835	0	0	0	0	0	0	0	0	0	0	0	0	0	0	0	1	1.54
SRR6358836	0	0	0	1	0	0	0	0	0	0	0	0	0	0	0	0	1.91
SRR6358837	0	0	0	0	0	0	0	0	0	0	0	0	0	0	0	0	1.5
SRR6358838	0	0	0	0	0	0	0	0	0	0	0	0	0	0	0	0	1.54
SRR6358839	0	0	0	0	0	0	0	0	0	0	0	0	0	0	0	0	1.34
SRR6358840	1	0	1	1	0	1	0	1	0	0.125	0	0	0.313253012048193	0	1	1	54.06
SRR6358841	0	0	0	0	0	0	0	0	0	0	0	0	0	0	0	0	1.65
SRR6358842	0	0	0	1	0	0	0	0	0	0	0	0	0	0	0	0	1.83
SRR6358843	0	0	0	0	0	0	0	0	0	0	0	0	0	0	0	0	1.25
SRR6358844	0	0	0	0	0	0	0	0	0	0	0	0	0	0	0	0	1.41
SRR6358845	1	0	1	1	0	1	0	1	0	0	0	0	0	0	1	0.9	19.2
SRR6358846	0	0	0	0	0	0	0	0	0	0	0	0	0	0	0	0	1.49
SRR6358847	1	0	1	1	1	1	0	1	0	0	0	0	0	0	1	1	24.24
SRR6358848	0	0	1	0	0	0	0	0	0	0	0	0	0	0	0	0	1.52
SRR6358849	1	0	1	1	0	0.833333333333333	0	1	0	0	0	0	0	0	1	1	36.07
SRR6358850	0.909090909090909	0	1	1	0	1	0	1	0	0	0	0	0	0	1	1	24.12
SRR6358851	0	0	0	1	0	0	0	0	0	0	0	0	0	0	0	0	2
SRR6358852	0	0	0	0	0	0	0	1	0	0	0	0	0	0	0	0	1.53
SRR6358853	1	0	0.977272727272727	1	0	1	0	1	0	0	0	0	0	0	1	1	39.85
SRR6358854	0	0	0	0.333333333333333	0	0	0	0	0	0	0	0	0	0	0	1	1.8
SRR6358855	1	0	1	1	0	1	0	1	0	0	0	0	0	0	1	1	10.43
SRR6358856	0	0	1	1	0	0	0	1	0	0	0	0	0	0	1	1	3.28
SRR6358857	1	0	1	1	0	1	0	1	0	0	0	0	0	0	1	1	4.92
SRR6358858	1	0	1	1	0	1	0	1	0	0	0	0	0	0	1	1	10.12
SRR6358859	0	0	0	0	0	0	0	1	0	0	0	0	0	0	1	1	2.22
SRR6358860	1	0.105263157894737	1	1	0	1	0	1	0	0	0.125	0	0	0	1	1	53.95
SRR6358861	1	0	1	1	0	1	0	1	0	0	0	0	0	0	0	1	3.93
SRR6358862	1	0	0	0	0	0	0	1	0	0	0	0	0	0	1	1	1.88
SRR6358863	0	0	1	0	0	0	0	1	0	0	0	0	0	0	0	0	1.58
SRR6358864	0	0	1	1	0	0	0	0	0	0	0	0	0	0	0	1	2.53
SRR6358865	1	0	1	1	0	1	0	1	0	0	0	0	0	0	1	1	9.68
SRR6358866	1	0	1	1	0	1	0	1	0	0	0	0	0	0	1	1	9.87
SRR6358867	0	0	0	0	0	0	0	0	0	0	0	0	0	0	0	0	1.72
SRR6358868	0	0	1	0	0	0	0	0	0	0	0	0	0	0	0	0	1.68
SRR6358869	1	0	1	1	0	1	0	1	0	0	0	0	0	0	1	1	11.36
SRR6358870	0	0	0	0	0	0	0	0	0	0	0	0	0	0	0	0	1.84
SRR6358871	1	0	1	1	0	0	0	1	0	0	0	0	0	0	1	1	10.61
SRR6358872	0	0	0	1	0	0	0	0	0	0	0	0	0	0	0	0	1.56
SRR6358873	1	0	0	0	0	0	0	0	0	0	0	0	0	0	0	0	1.65
SRR6358874	1	0	1	1	0	1	0	1	0	0	0	0	0	0	1	1	15.21
SRR6358875	1	0	1	1	0	1	0	1	0	0	0	0	0	0	1	1	15.93
SRR6358876	1	0	0	1	0	0	0	0	0	0	0	0	0	0	0	0	1.66
SRR6358877	0	0	0	0	0	0	0	0	0	0	0	0	0	0	0	0	1.69
SRR6358878	0	0	0	0	0	0	0	0	0	0	0	0	0	0	0	1	1.42
SRR6358879	1	0	1	1	0	0	0	1	0	0	0	0	0	0	0.833333333333333	0.888888888888889	10.43
SRR6358880	0	0	1	1	0	0	0	0	0	0	0	0	0	0	1	0	1.6
SRR6358881	0	0	0	0	0	0	0	0	0	0	0	0	0	0	0	0	1.47
SRR6358882	0	0	0	0.333333333333333	0	0	0	0	0	0	0	0	0	0	0	0	1.76
SRR6358883	0	0	0	0	0	0	0	0	0	0	0	0	0	0	0	1	1.97
SRR6358884	0	0	0	0	0	0	0	1	0	0	0	0	0	0	0	1	1.55
SRR6358885	1	0	1	0.9	0	1	0	1	0	0	0	0	0	0	1	1	9.22
SRR6358886	0	0	0	0	0	0	0	0	0	0	0	0	0	0	0	0	1.5
SRR6358887	1	0	1	0.956521739130435	0	1	0	1	0	0	0	0	0	0	1	1	29.73
SRR6358888	1	0	1	1	0	0	0	1	0	0	0	0	0	0	1	1	10.1
SRR6358889	0	0	0	1	0	0	0	1	0	0	0	0	0	0	1	1	1.75
SRR6358890	1	0.125	1	1	0	0.6	0	1	0.236842105263158	0	0	0	0	0	1	1	34.92
SRR6358891	1	0	1	0	0	0	0	1	0	0	0	0	0	0	0	0	1.73
SRR6358892	1	0	1	1	0	1	0	1	0	0.142857142857143	0	0	0	0	1	1	8.79
SRR6358893	0	0	0	0	0	0	0	0.5	0	0	0	0	0	0	0	0	1.65
SRR6358894	0	0	0	0	0	0	0	0	0	0	0	0	0	0	0	0	1.49
SRR6358895	1	0	1	1	0	1	0	1	0	0	0	0	0	0	0	1	5.46
SRR6358896	1	0	1	1	0	0.714285714285714	0	1	0	0	0	0	0	0	0.92	1	20.99
SRR6358897	0	0	0	0	0	0	0	0	0	0	0	0	0	0	0	0	1.73
SRR6358898	0	0	0	0	0	0	0	0	0	0	0	0	0	0	0	0	1.47
SRR6358899	0	0	0	0	0	0	0	0	0	0	0	0	0	0	0	0	1.44
SRR6358900	1	0	1	1	0	1	0	1	0	0	0	0	0	0	1	1	15.43
SRR6358901	1	0	0.916666666666667	1	0	1	0.216216216216216	1	0	0	0	0	0	0	1	1	20.77
SRR6358902	0	0	1	0	0	0	0	0	0	0	0	0	0	0	1	0	1.88
SRR6358903	0	0	0	1	0	0	0	0	0	0	0	0	0	0	1	1	2.53
SRR6358904	1	0	1	1	0	1	0	1	0	0	0	0	0	0	1	1	9.66
SRR6358905	1	0	1	1	0	1	0	1	0	0	0	0	0	0	1	1	20.87
SRR6358906	1	0	1	1	0	1	0	1	0	0	0	0	0	0	1	1	15.99
SRR6358907	1	0	1	1	0	1	0	1	0	0	0	0	0	0	0.857142857142857	1	9.23
SRR6358908	1	0	0	0	0	0	0	0	0	0	0	0	0	0	1	0	1.88
SRR6358909	0	0	1	1	0	0	0	1	0	0	0	0	0	0	1	1	3.92
SRR6358910	0	0	0	0	0	0	0	0	0	0	0	0	0	0	0	0	1.63
SRR6358911	1	0	1	1	0	1	0	1	0	0.0666666666666667	0.0833333333333333	0	0	0	1	1	32.09
SRR6358912	1	0	1	1	0	1	0	1	0	0	0	0	0	0	1	1	23.21
SRR6358913	1	0	1	1	0	1	0	1	0	0	0	0	0	0	1	1	13.72
SRR6358914	1	0	1	1	0	0	0	0	0	0	0	0	0	0	1	1	3.01
SRR6358915	1	0	1	1	0	0	0	1	0	0	0	0	0	0	0	0.5	2.44
SRR6358916	0	0	0	0	0	0	0	0	0	0	0	0	0	0	0	0	1.58
SRR6358917	1	0	0.428571428571429	1	0	1	0	1	0	0	0	0	0	0	1	1	4.83
SRR6358918	0	0	0	0.8	0	1	0	0	0	0	0	0	0	0	1	1	2.08
SRR6358919	1	0	1	1	0	1	0	1	0	0	0	0	0	0	1	1	15.71
SRR6358920	1	0	1	1	0	0.909090909090909	0	1	0	0	0	0.243589743589744	0	0.285714285714286	0.972222222222222	1	81.04
SRR6358921	0	0	0	0	0	0	0	0	0	0	0	0	0	0	0	0	1.91
SRR6358922	0	0	0	0	0	0	0	0	0	0	0	0	0	0	0	0	1.86
SRR6358923	0	0	1	1	0	1	0	1	0	0	0	0	0	0	0.909090909090909	1	6.06
