cells	chrMT:204:T/C	chrMT:436:C/T	chrMT:619:T/C	chrMT:2619:A/G	chrMT:2896:G/A	chrMT:4769:A/G	chrMT:5447:C/T	chrMT:8685:C/T	chrMT:9145:G/A	chrMT:10937:C/T	chrMT:10950:C/T	chrMT:12824:A/G	chrMT:15200:G/A	chrMT:16044:T/C	chrMT:16219:A/G	chrMT:16362:T/C	depth
SRR6358828	0	0	0	0	0	0	0	0	0	0	0	0	0	0	0	0	1.41
SRR6358829	0	0	0	0	0	0	0	0	0	0	0	0	0	0	0	0	1.59
SRR6358830	0	0	0	0	0	0	0	0	0	0	0	0	0	0	0	0	1.48
SRR6358831	0	0	0	0	0	0	0	0	0	0	0	0	0	0	0	0	1.56
SRR6358832	1	0	3	0	0	0	0	1	0	0	0	0	0	0	1	1	1.79
SRR6358833	0	0	0	0	0	0	0	0	0	0	0	0	0	0	0	0	1.47
SRR6358834	0	0	0	0	0	0	0	0	0	0	0	0	0	0	0	0	1.49
SRR6358835	0	0	0	0	0	0	0	0	0	0	0	0	0	0	0	1	1.54
SRR6358836	0	0	0	2	0	0	0	0	0	0	0	0	0	0	0	0	1.91
SRR6358837	0	0	0	0	0	0	0	0	0	0	0	0	0	0	0	0	1.5
SRR6358838	0	0	0	0	0	0	0	0	0	0	0	0	0	0	0	0	1.54
SRR6358839	0	0	0	0	0	0	0	0	0	0	0	0	0	0	0	0	1.34
SRR6358840	18	0	70	78	0	23	0	54	0	5	0	0	26	0	26	73	54.06
SRR6358841	0	0	0	0	0	0	0	0	0	0	0	0	0	0	0	0	1.65
SRR6358842	0	0	0	1	0	0	0	0	0	0	0	0	0	0	0	0	1.83
SRR6358843	0	0	0	0	0	0	0	0	0	0	0	0	0	0	0	0	1.25
SRR6358844	0	0	0	0	0	0	0	0	0	0	0	0	0	0	0	0	1.41
SRR6358845	5	0	20	23	0	3	0	17	0	0	0	0	0	0	19	18	19.2
SRR6358846	0	0	0	0	0	0	0	0	0	0	0	0	0	0	0	0	1.49
SRR6358847	8	0	20	30	22	5	0	26	0	0	0	0	0	0	18	23	24.24
SRR6358848	0	0	2	0	0	0	0	0	0	0	0	0	0	0	0	0	1.52
SRR6358849	26	0	41	39	0	10	0	23	0	0	0	0	0	0	34	57	36.07
SRR6358850	20	0	19	28	0	5	0	21	0	0	0	0	0	0	35	22	24.12
SRR6358851	0	0	0	2	0	0	0	0	0	0	0	0	0	0	0	0	2
SRR6358852	0	0	0	0	0	0	0	1	0	0	0	0	0	0	0	0	1.53
SRR6358853	10	0	43	44	0	4	0	50	0	0	0	0	0	0	53	43	39.85
SRR6358854	0	0	0	1	0	0	0	0	0	0	0	0	0	0	0	2	1.8
SRR6358855	9	0	13	13	0	1	0	5	0	0	0	0	0	0	21	10	10.43
SRR6358856	0	0	10	6	0	0	0	6	0	0	0	0	0	0	3	7	3.28
SRR6358857	4	0	3	4	0	1	0	1	0	0	0	0	0	0	5	3	4.92
SRR6358858	1	0	7	16	0	2	0	3	0	0	0	0	0	0	3	10	10.12
SRR6358859	0	0	0	0	0	0	0	2	0	0	0	0	0	0	2	2	2.22
SRR6358860	13	4	53	55	0	17	0	39	0	0	4	0	0	0	55	55	53.95
SRR6358861	6	0	4	6	0	1	0	1	0	0	0	0	0	0	0	20	3.93
SRR6358862	1	0	0	0	0	0	0	1	0	0	0	0	0	0	2	3	1.88
SRR6358863	0	0	1	0	0	0	0	2	0	0	0	0	0	0	0	0	1.58
SRR6358864	0	0	2	1	0	0	0	0	0	0	0	0	0	0	0	4	2.53
SRR6358865	5	0	10	16	0	3	0	15	0	0	0	0	0	0	17	19	9.68
SRR6358866	2	0	10	10	0	3	0	10	0	0	0	0	0	0	10	13	9.87
SRR6358867	0	0	0	0	0	0	0	0	0	0	0	0	0	0	0	0	1.72
SRR6358868	0	0	1	0	0	0	0	0	0	0	0	0	0	0	0	0	1.68
SRR6358869	8	0	7	14	0	2	0	14	0	0	0	0	0	0	4	12	11.36
SRR6358870	0	0	0	0	0	0	0	0	0	0	0	0	0	0	0	0	1.84
SRR6358871	3	0	12	25	0	0	0	17	0	0	0	0	0	0	10	12	10.61
SRR6358872	0	0	0	1	0	0	0	0	0	0	0	0	0	0	0	0	1.56
SRR6358873	2	0	0	0	0	0	0	0	0	0	0	0	0	0	0	0	1.65
SRR6358874	4	0	21	19	0	5	0	10	0	0	0	0	0	0	6	10	15.21
SRR6358875	7	0	15	23	0	3	0	14	0	0	0	0	0	0	15	14	15.93
SRR6358876	1	0	0	2	0	0	0	0	0	0	0	0	0	0	0	0	1.66
SRR6358877	0	0	0	0	0	0	0	0	0	0	0	0	0	0	0	0	1.69
SRR6358878	0	0	0	0	0	0	0	0	0	0	0	0	0	0	0	2	1.42
SRR6358879	7	0	8	8	0	0	0	21	0	0	0	0	0	0	10	16	10.43
SRR6358880	0	0	2	1	0	0	0	0	0	0	0	0	0	0	1	0	1.6
SRR6358881	0	0	0	0	0	0	0	0	0	0	0	0	0	0	0	0	1.47
SRR6358882	0	0	0	1	0	0	0	0	0	0	0	0	0	0	0	0	1.76
SRR6358883	0	0	0	0	0	0	0	0	0	0	0	0	0	0	0	5	1.97
SRR6358884	0	0	0	0	0	0	0	2	0	0	0	0	0	0	0	2	1.55
SRR6358885	8	0	5	18	0	3	0	9	0	0	0	0	0	0	11	8	9.22
SRR6358886	0	0	0	0	0	0	0	0	0	0	0	0	0	0	0	0	1.5
SRR6358887	11	0	24	44	0	13	0	25	0	0	0	0	0	0	24	34	29.73
SRR6358888	8	0	6	11	0	0	0	14	0	0	0	0	0	0	7	10	10.1
SRR6358889	0	0	0	1	0	0	0	2	0	0	0	0	0	0	1	1	1.75
SRR6358890	16	2	46	43	0	3	0	32	9	0	0	0	0	0	39	45	34.92
SRR6358891	2	0	1	0	0	0	0	1	0	0	0	0	0	0	0	0	1.73
SRR6358892	3	0	17	13	0	3	0	10	0	1	0	0	0	0	15	9	8.79
SRR6358893	0	0	0	0	0	0	0	2	0	0	0	0	0	0	0	0	1.65
SRR6358894	0	0	0	0	0	0	0	0	0	0	0	0	0	0	0	0	1.49
SRR6358895	1	0	3	8	0	1	0	2	0	0	0	0	0	0	0	11	5.46
SRR6358896	5	0	22	24	0	5	0	17	0	0	0	0	0	0	23	22	20.99
SRR6358897	0	0	0	0	0	0	0	0	0	0	0	0	0	0	0	0	1.73
SRR6358898	0	0	0	0	0	0	0	0	0	0	0	0	0	0	0	0	1.47
SRR6358899	0	0	0	0	0	0	0	0	0	0	0	0	0	0	0	0	1.44
SRR6358900	12	0	10	22	0	1	0	23	0	0	0	0	0	0	14	26	15.43
SRR6358901	20	0	22	25	0	5	8	29	0	0	0	0	0	0	18	20	20.77
SRR6358902	0	0	4	0	0	0	0	0	0	0	0	0	0	0	2	0	1.88
SRR6358903	0	0	0	5	0	0	0	0	0	0	0	0	0	0	2	3	2.53
SRR6358904	3	0	9	20	0	1	0	9	0	0	0	0	0	0	9	12	9.66
SRR6358905	14	0	34	35	0	6	0	19	0	0	0	0	0	0	26	32	20.87
SRR6358906	8	0	19	30	0	1	0	19	0	0	0	0	0	0	12	20	15.99
SRR6358907	2	0	15	14	0	1	0	15	0	0	0	0	0	0	6	16	9.23
SRR6358908	1	0	0	0	0	0	0	0	0	0	0	0	0	0	2	0	1.88
SRR6358909	0	0	2	1	0	0	0	1	0	0	0	0	0	0	2	3	3.92
SRR6358910	0	0	0	0	0	0	0	0	0	0	0	0	0	0	0	0	1.63
SRR6358911	27	0	35	29	0	3	0	35	0	2	2	0	0	0	37	40	32.09
SRR6358912	11	0	22	36	0	9	0	23	0	0	0	0	0	0	34	47	23.21
SRR6358913	3	0	16	17	0	5	0	10	0	0	0	0	0	0	4	13	13.72
SRR6358914	1	0	5	6	0	0	0	0	0	0	0	0	0	0	1	4	3.01
SRR6358915	1	0	3	3	0	0	0	5	0	0	0	0	0	0	0	2	2.44
SRR6358916	0	0	0	0	0	0	0	0	0	0	0	0	0	0	0	0	1.58
SRR6358917	7	0	3	7	0	1	0	1	0	0	0	0	0	0	4	4	4.83
SRR6358918	0	0	0	4	0	1	0	0	0	0	0	0	0	0	1	1	2.08
SRR6358919	9	0	16	8	0	5	0	6	0	0	0	0	0	0	27	21	15.71
SRR6358920	41	0	84	91	0	20	0	88	0	0	0	19	0	12	70	112	81.04
SRR6358921	0	0	0	0	0	0	0	0	0	0	0	0	0	0	0	0	1.91
SRR6358922	0	0	0	0	0	0	0	0	0	0	0	0	0	0	0	0	1.86
SRR6358923	0	0	6	6	0	1	0	4	0	0	0	0	0	0	10	12	6.06
