cells	chrMT:73:A/G	chrMT:152:T/C	chrMT:204:T/C	chrMT:239:T/C	chrMT:531:T/C	chrMT:571:C/T	chrMT:619:T/C	chrMT:681:T/C	chrMT:711:T/C	chrMT:988:G/A	chrMT:1048:C/T	chrMT:1303:G/A	chrMT:1410:G/A	chrMT:1447:G/A	chrMT:1700:T/C	chrMT:1973:G/A	chrMT:2343:G/A	chrMT:2387:T/A	chrMT:2387:T/C	chrMT:2387:T/G	chrMT:2619:A/G	chrMT:2706:A/G	chrMT:2916:G/A	chrMT:3197:T/C	chrMT:3915:G/A	chrMT:3937:T/C	chrMT:4309:G/A	chrMT:4454:T/C	chrMT:4727:A/G	chrMT:4883:C/T	chrMT:5153:A/G	chrMT:5301:A/G	chrMT:5495:T/C	chrMT:5785:T/C	chrMT:5807:A/G	chrMT:6430:T/C	chrMT:6620:T/C	chrMT:6719:T/C	chrMT:7028:C/T	chrMT:7252:G/A	chrMT:8141:G/A	chrMT:8685:C/T	chrMT:9380:G/A	chrMT:9464:T/C	chrMT:9477:G/A	chrMT:9540:T/C	chrMT:10589:G/A	chrMT:10801:G/A	chrMT:10873:T/C	chrMT:10972:A/G	chrMT:11176:G/A	chrMT:11456:G/A	chrMT:11467:A/G	chrMT:11577:G/A	chrMT:11719:G/A	chrMT:11893:A/G	chrMT:12030:A/G	chrMT:12308:A/G	chrMT:12372:G/A	chrMT:13617:T/C	chrMT:13954:C/T	chrMT:14766:C/T	chrMT:14773:C/T	chrMT:14793:A/G	chrMT:15173:G/A	chrMT:15218:A/G	chrMT:15301:G/A	chrMT:15924:A/G	chrMT:16193:C/T	chrMT:16219:A/G	chrMT:16260:C/T	chrMT:16270:C/T	chrMT:16362:T/C	chrMT:16399:A/G	chrMT:16482:A/G	depth
SRR6358924	1	9	0	0	0	0	0	83	180	0	25	5	0	0	4	0	0	0	0	0	0	44	0	1	0	0	0	8	0	3	3	2	1	0	0	0	0	0	0	0	0	0	0	0	3	0	0	0	5	0	2	0	10	0	4	0	0	6	5	6	0	1	0	1	0	1	6	1	0	0	0	4	0	7	0	17.53
SRR6358925	1	5	0	0	0	0	0	86	171	0	20	0	0	0	0	0	0	0	0	2	5	39	0	3	0	0	0	6	0	2	0	0	5	0	0	0	0	0	1	0	0	0	2	0	4	0	0	0	2	0	6	0	1	0	5	7	0	12	4	3	0	1	0	2	0	2	1	3	2	4	3	5	7	6	0	16.42
SRR6358926	4	2	3	1	0	0	16	62	158	0	11	0	0	0	1	0	0	2	0	0	8	40	0	4	10	0	0	7	12	3	3	2	3	3	0	0	0	0	3	0	0	13	16	0	3	0	18	0	1	0	1	0	9	0	1	6	14	3	3	3	1	2	0	3	0	6	1	5	13	9	16	2	22	5	25	27.14
SRR6358927	2	0	13	10	0	0	28	49	116	0	15	1	0	0	0	0	0	0	1	0	23	27	0	0	31	0	0	4	23	0	1	1	2	11	0	0	0	0	0	0	0	28	11	0	1	0	29	0	0	0	0	0	9	0	2	3	47	1	2	3	0	2	4	2	0	0	1	2	15	25	41	0	26	1	23	34.79
SRR6358928	8	5	0	0	0	0	0	109	205	0	25	0	0	0	6	0	0	0	2	0	0	40	0	2	0	0	0	4	0	1	1	0	5	0	0	0	0	0	1	0	0	0	0	0	4	0	0	0	0	0	0	0	5	0	3	5	0	13	2	1	1	1	0	2	0	4	0	4	0	0	0	10	0	7	0	17.4
SRR6358929	4	1	6	5	0	2	29	91	174	0	18	4	0	0	6	0	15	0	4	0	25	60	0	3	29	0	0	9	19	3	3	0	6	5	0	0	0	0	0	0	0	18	14	0	2	6	37	0	3	0	0	0	16	0	6	1	28	3	2	5	1	3	0	3	0	5	6	7	27	26	29	9	45	6	22	38.85
SRR6358930	7	7	0	0	0	0	0	100	186	0	28	1	0	0	2	0	0	0	0	0	0	44	0	3	1	0	0	9	0	2	0	1	1	0	0	0	0	0	1	0	0	0	0	0	1	3	1	0	6	0	1	0	11	0	3	1	0	4	8	6	0	7	0	3	0	2	1	2	0	0	0	2	0	3	0	17.28
SRR6358931	2	5	0	0	0	0	2	83	190	0	14	1	0	0	1	0	0	0	0	0	1	42	0	8	0	0	0	3	1	3	3	0	2	1	0	0	0	0	2	0	0	0	1	0	3	1	0	2	2	0	5	0	6	0	11	1	0	2	9	6	0	6	0	4	0	9	6	5	1	1	0	9	0	2	2	19.38
SRR6358932	2	6	11	10	0	0	18	93	198	13	31	2	0	0	0	0	0	0	0	3	31	42	0	4	26	0	0	10	6	0	1	5	5	4	0	0	0	0	2	0	0	18	26	0	8	2	17	0	3	0	1	0	3	0	4	2	19	7	1	2	1	4	0	3	0	5	6	2	21	16	15	7	19	8	18	35.85
SRR6358933	0	3	29	20	56	0	84	100	228	0	25	0	0	0	5	0	0	0	1	0	70	35	0	4	60	0	0	10	59	2	0	1	8	23	0	0	0	0	2	0	0	63	40	0	6	3	88	0	2	0	0	0	6	0	8	7	84	3	4	0	0	7	0	4	0	2	6	5	51	60	78	3	61	9	55	77.21
SRR6358934	0	2	7	7	0	0	26	95	229	0	35	1	0	0	6	0	0	0	0	0	15	54	0	6	19	0	0	16	14	7	1	4	4	12	0	0	0	0	3	0	0	16	15	0	4	9	25	0	3	0	0	0	10	0	6	0	26	11	11	12	0	2	0	1	0	6	5	1	19	18	14	1	20	10	30	36.91
SRR6358935	5	1	0	0	0	0	0	100	210	0	22	3	0	0	1	0	0	0	0	0	0	43	0	2	0	0	0	5	0	2	2	3	5	0	0	0	0	0	0	0	0	0	0	0	5	2	0	0	3	0	1	0	4	0	1	5	0	3	2	7	4	1	0	2	0	9	9	3	0	0	0	5	0	3	0	17.76
SRR6358936	4	3	1	2	0	0	1	94	202	0	30	3	0	0	1	0	0	2	0	0	3	45	0	3	0	0	0	8	1	2	8	3	6	0	0	0	0	0	1	0	0	2	0	0	0	2	0	0	2	0	0	0	0	0	6	6	0	7	6	4	0	6	0	3	0	7	2	7	0	0	1	7	2	6	3	17.82
SRR6358937	0	3	10	9	0	0	30	93	201	0	26	6	0	0	2	0	0	0	1	0	42	38	0	4	37	0	0	8	21	5	1	0	7	11	0	0	0	0	1	0	51	37	31	0	4	2	39	2	2	0	5	0	4	0	3	9	56	6	3	6	2	6	0	3	0	2	3	1	28	26	40	7	62	7	34	50.8
SRR6358938	7	1	2	1	0	0	0	98	196	0	26	3	0	0	5	0	0	0	2	0	0	35	0	3	0	0	0	7	0	3	2	3	4	0	0	0	0	0	2	0	0	0	0	0	4	7	0	1	1	0	3	0	8	0	4	8	0	1	4	5	2	2	0	2	0	3	0	5	0	0	0	7	0	5	0	17.74
SRR6358939	3	4	0	0	0	0	0	76	189	0	30	4	0	0	3	0	0	0	2	0	2	50	0	1	2	0	0	4	0	4	3	2	5	0	0	0	0	0	3	0	0	2	2	0	5	4	0	0	4	0	0	0	6	0	4	9	0	6	2	4	3	0	0	0	0	5	2	3	0	0	0	4	1	4	0	18.29
SRR6358940	8	2	0	0	0	0	0	77	169	0	27	0	0	0	8	0	0	0	2	0	0	42	0	1	0	0	0	6	0	2	5	3	10	0	0	0	0	0	1	0	0	0	0	0	1	8	0	0	0	0	0	0	3	0	3	13	0	3	2	4	0	4	0	4	0	5	1	1	0	0	0	6	0	14	0	17.11
SRR6358941	2	2	0	0	0	0	0	95	175	0	30	2	0	0	4	0	0	2	0	0	0	43	0	1	0	0	0	3	0	6	0	2	8	0	0	0	0	0	1	0	0	0	0	0	3	1	0	0	1	0	4	0	7	0	3	6	0	2	1	3	0	3	0	4	0	5	2	1	0	0	0	8	0	5	0	16.6
SRR6358942	2	2	0	0	0	0	0	85	181	0	23	1	0	0	8	0	0	0	0	0	0	46	0	3	0	0	0	2	0	1	0	0	3	0	0	0	0	0	1	0	0	0	0	0	2	3	0	0	3	0	1	0	18	0	2	4	0	6	2	6	0	0	0	3	0	5	8	5	0	0	0	9	0	6	0	17.82
SRR6358943	8	0	0	0	0	0	3	88	206	0	26	0	0	0	5	0	0	0	0	0	2	49	0	6	0	0	0	8	0	3	4	5	5	0	0	0	0	0	3	0	0	3	0	0	8	2	0	0	3	0	1	0	8	0	4	7	1	15	6	3	3	1	0	2	0	1	2	7	2	1	2	8	1	8	0	17.32
SRR6358944	9	2	17	17	0	0	18	76	155	0	25	3	0	0	3	0	0	0	0	5	35	59	0	8	31	0	0	5	24	2	0	0	1	10	0	0	0	18	1	0	0	26	17	0	4	3	37	0	3	0	0	0	7	37	3	1	51	8	10	8	2	1	0	2	0	8	5	0	18	26	20	4	28	0	158	46.32
SRR6358945	0	3	0	0	0	0	0	86	168	0	26	0	0	0	4	0	0	4	0	0	0	50	0	4	0	0	0	8	0	2	3	5	2	0	0	0	0	0	0	0	0	0	1	0	2	5	0	1	3	0	0	0	6	0	2	3	1	2	9	6	0	0	0	0	0	4	3	0	0	0	1	4	0	4	0	17.01
SRR6358946	3	5	12	10	0	0	21	71	156	1	27	2	0	0	6	0	0	0	1	0	29	44	0	3	14	0	0	3	15	2	2	0	7	6	0	0	0	0	1	0	0	15	18	0	4	0	20	0	0	0	1	0	7	0	4	5	38	5	4	0	0	4	0	5	0	2	2	8	21	26	29	2	48	2	30	34.36
SRR6358947	6	4	30	25	0	1	55	118	222	0	29	2	0	0	6	0	0	0	2	0	81	59	0	7	71	0	0	4	36	0	2	6	5	24	0	0	0	0	2	0	0	44	26	0	2	5	66	0	2	0	8	0	7	0	6	5	91	14	9	6	0	6	0	8	58	12	9	0	50	57	52	5	77	7	290	80.25
SRR6358948	4	3	4	2	0	0	3	85	209	0	27	7	0	0	3	0	0	0	3	0	4	57	0	7	1	0	0	3	3	4	4	5	7	0	0	0	0	0	3	0	0	2	1	0	6	2	1	0	2	0	0	0	8	0	0	6	1	9	3	6	1	4	0	7	0	5	6	4	0	1	1	6	4	6	4	21.52
SRR6358949	2	0	0	0	0	0	0	95	222	0	24	4	0	0	3	0	0	0	0	1	0	49	0	7	0	0	0	4	0	1	2	1	5	0	0	0	0	0	0	0	0	1	0	0	5	4	0	0	3	0	2	0	7	0	3	5	0	4	3	3	0	3	0	3	0	7	3	5	0	0	0	7	0	6	0	18.72
SRR6358950	2	6	0	0	0	0	0	90	167	0	24	2	0	0	0	0	0	3	0	0	0	30	0	2	0	0	0	7	0	2	2	3	6	0	0	0	0	0	3	0	0	0	0	0	0	1	0	0	0	0	4	0	8	0	5	3	0	5	4	3	2	0	0	0	0	5	0	1	0	0	0	8	0	7	1	16.98
SRR6358951	3	2	0	0	0	0	0	86	155	0	30	0	0	0	8	0	0	1	0	0	0	41	0	2	0	0	0	7	0	0	0	2	3	1	0	0	0	0	0	0	0	0	0	0	1	2	0	0	4	0	1	0	1	0	5	5	0	8	4	2	1	8	0	3	0	7	3	5	0	0	1	7	1	3	0	16.38
SRR6358952	6	0	37	27	0	2	35	81	169	0	23	1	0	0	2	0	0	1	0	0	65	41	18	5	63	0	0	5	35	6	3	3	3	19	0	0	0	0	1	0	0	49	31	0	2	1	69	0	0	0	0	0	3	0	2	2	61	8	8	10	2	4	0	2	0	2	4	3	37	48	44	8	66	2	57	62.39
SRR6358953	2	0	0	0	0	0	0	112	224	0	25	4	0	0	2	0	0	0	0	0	0	39	0	4	0	0	0	13	0	0	0	5	2	0	0	0	0	0	2	0	0	0	0	0	3	4	0	0	4	0	3	0	10	0	4	5	0	7	4	5	0	2	0	3	0	2	1	4	1	1	0	8	1	3	0	19.14
SRR6358954	5	2	0	0	0	0	0	82	153	0	39	0	0	0	3	0	0	0	2	0	3	41	0	2	0	0	0	11	0	5	2	2	1	1	0	0	0	0	1	0	0	0	0	0	4	5	0	0	0	0	1	0	2	0	2	3	1	2	1	8	0	4	0	4	0	6	5	3	1	0	0	3	1	3	4	17.22
SRR6358955	2	0	0	0	0	0	2	75	157	0	31	0	0	0	5	0	0	0	4	0	1	54	0	7	3	0	0	11	1	4	3	4	8	0	0	0	0	0	2	0	0	1	0	0	3	1	0	0	2	0	4	0	2	0	3	0	5	0	3	3	1	6	0	7	0	10	8	4	3	2	1	4	4	8	4	19.08
SRR6358956	5	2	2	2	0	0	2	92	189	0	21	1	0	0	4	0	0	0	1	0	6	49	0	4	1	0	0	12	3	2	4	2	5	1	0	0	0	0	1	0	0	1	4	0	3	6	5	0	0	0	2	0	6	0	4	7	5	10	2	7	0	0	0	0	0	4	4	2	2	2	5	6	2	1	1	19.93
SRR6358957	6	2	0	0	0	0	0	87	190	0	23	2	0	0	1	0	0	0	0	1	0	54	0	2	0	0	0	10	0	2	0	3	2	0	0	0	0	0	1	0	0	0	0	0	7	5	1	1	2	0	1	0	5	0	3	3	0	9	5	1	0	6	0	6	0	6	3	5	0	0	0	4	1	8	0	17.57
SRR6358958	5	7	40	26	0	0	106	93	187	0	34	3	0	0	3	0	0	2	0	0	123	49	0	1	94	0	0	3	52	0	0	1	2	40	0	0	0	0	4	0	0	79	61	0	3	2	117	0	3	0	3	0	10	0	6	14	124	10	2	2	0	3	0	2	0	6	3	3	70	82	85	1	203	0	76	103.99
SRR6358959	5	8	0	1	0	0	1	93	195	0	37	2	0	0	7	0	0	0	0	0	0	49	0	3	0	0	0	10	0	1	5	3	0	0	0	0	0	0	3	0	0	0	0	0	4	3	0	0	3	0	3	0	8	0	5	10	1	8	1	3	3	7	0	8	0	3	6	5	0	0	0	7	1	4	0	20.6
SRR6358960	2	4	1	1	0	0	3	118	215	0	27	5	0	0	3	0	0	3	0	0	3	50	0	5	1	0	0	4	1	0	3	1	8	0	0	0	0	0	4	0	0	2	1	0	5	4	3	0	3	0	0	0	5	0	11	10	2	7	8	11	1	7	0	5	0	11	2	8	0	0	0	6	2	12	1	20.11
SRR6358961	4	7	0	0	0	0	1	88	216	0	29	1	0	0	4	0	0	1	0	0	0	57	0	1	0	0	0	10	0	2	9	0	1	0	0	0	0	0	2	0	0	0	0	0	5	7	0	0	1	0	3	0	4	0	2	5	0	1	4	1	1	2	0	3	0	5	6	3	2	0	0	5	3	6	0	19.83
SRR6358962	8	4	0	0	0	0	0	85	184	0	22	4	0	0	7	0	0	0	1	0	0	42	0	1	0	0	0	4	0	0	3	1	1	0	0	0	0	0	4	0	0	0	0	0	2	3	0	0	0	0	4	0	4	0	6	3	0	8	2	3	2	3	0	3	0	10	6	3	0	0	0	6	0	3	0	16.91
SRR6358963	4	3	0	0	0	0	0	88	219	0	24	3	0	0	7	0	0	0	5	0	0	61	0	5	0	0	0	6	0	4	4	8	7	0	0	0	0	0	2	0	0	0	0	0	3	1	0	3	3	0	0	0	6	0	6	3	0	11	5	9	0	6	0	4	0	4	5	8	0	0	0	3	0	13	0	21.01
SRR6358964	6	4	3	7	0	0	19	68	185	0	27	3	0	0	4	0	2	0	0	0	21	43	0	2	15	0	0	4	5	1	1	4	9	4	0	0	0	0	1	0	0	14	10	0	4	5	9	0	1	0	1	0	4	0	1	3	13	4	4	6	1	1	0	0	0	4	7	11	7	12	11	8	22	6	200	26.42
SRR6358965	4	1	0	0	0	0	0	75	169	0	30	0	0	0	7	0	0	0	0	1	0	53	0	3	0	0	0	3	0	2	2	0	10	0	0	0	0	0	1	0	0	0	1	0	6	1	0	0	0	0	5	0	4	0	3	10	0	7	7	2	0	0	0	0	0	3	3	2	0	0	0	1	0	4	0	17.34
SRR6358966	1	5	0	0	0	0	0	104	207	0	22	1	0	0	4	0	2	0	2	0	0	54	0	0	0	0	0	2	0	2	0	0	1	0	0	0	0	0	1	0	0	0	0	0	3	8	0	0	2	0	0	0	4	0	8	15	0	8	2	2	1	2	0	1	0	5	4	2	0	0	0	1	0	0	0	17.58
SRR6358967	4	4	0	0	0	0	0	53	123	0	16	4	0	0	1	0	0	0	1	0	0	35	0	0	0	0	0	9	0	3	2	0	2	0	0	0	0	0	1	0	0	0	0	0	5	0	0	1	0	0	0	0	3	0	2	0	0	2	4	3	0	1	0	1	0	1	4	2	0	0	0	1	0	1	0	13.49
SRR6358968	5	7	0	0	0	0	0	106	201	0	24	2	0	0	1	0	0	0	0	2	2	42	0	4	0	0	0	10	0	0	4	3	4	0	0	0	0	0	3	0	0	0	0	0	2	4	0	2	2	0	2	0	6	0	6	2	2	6	3	3	1	4	0	3	0	9	3	1	1	0	1	6	0	3	0	19.34
SRR6358969	0	0	0	0	0	0	0	2	4	0	0	0	0	0	0	0	0	0	0	0	0	0	0	0	0	0	0	0	0	0	0	0	0	0	0	0	0	0	0	0	0	0	0	0	0	0	0	0	0	0	0	0	0	0	0	2	0	0	0	2	0	0	0	0	0	0	0	0	0	0	0	0	0	2	0	2.51
SRR6358970	145	162	0	0	0	0	0	31	75	0	13	0	0	0	111	0	0	2	0	0	2	298	0	107	0	0	0	164	1	0	0	4	157	0	0	0	0	0	18	0	0	0	0	0	107	0	0	16	2	0	1	0	273	0	69	227	1	209	118	186	1	56	0	45	0	252	5	166	0	0	0	138	0	332	1	179.92
SRR6358971	5	3	1	2	0	0	23	52	127	0	6	1	0	0	2	0	0	0	0	0	41	29	0	3	27	0	0	6	14	1	0	0	0	19	0	0	0	0	0	0	0	24	21	0	1	2	35	0	0	0	2	0	4	0	4	6	38	0	3	2	0	2	0	3	0	1	2	8	17	25	20	2	42	2	44	41.27
SRR6358972	6	0	0	0	0	0	4	27	76	0	15	2	0	0	1	0	0	1	0	0	3	40	0	0	7	0	0	4	2	0	1	1	0	3	0	0	0	0	0	0	0	3	3	0	1	0	12	0	0	0	1	0	3	0	3	4	8	1	2	0	0	0	0	1	0	1	2	2	1	1	7	2	7	0	5	13.87
SRR6358973	6	5	14	13	0	0	53	51	136	0	12	3	0	0	0	0	0	0	2	0	62	18	0	2	71	0	0	6	31	3	0	1	6	29	0	0	0	0	0	0	0	57	22	0	2	2	73	0	1	0	0	0	1	0	3	2	85	5	4	0	2	0	0	0	0	4	2	2	47	51	60	0	77	8	43	60.38
SRR6358974	4	3	0	0	0	0	0	55	109	0	26	3	0	0	2	0	0	0	2	0	0	50	0	2	0	0	0	4	0	0	3	0	4	0	0	0	0	0	1	0	0	0	0	0	1	2	1	2	0	0	1	0	8	0	2	4	0	3	1	2	0	2	0	2	0	4	4	3	1	1	0	5	1	10	0	14.38
SRR6358975	0	2	2	3	0	0	8	38	81	0	8	0	0	0	1	0	0	0	0	0	17	27	0	3	15	0	0	2	9	0	0	0	2	4	0	0	0	0	2	0	0	8	9	0	3	0	26	0	0	0	4	0	8	0	3	5	18	9	0	2	0	0	0	0	0	5	3	1	10	8	10	5	19	3	10	21.23
SRR6358976	2	2	4	5	0	0	19	36	80	0	12	1	0	0	3	8	0	2	0	0	20	43	0	1	26	0	0	1	11	1	0	1	3	10	0	0	0	0	0	0	0	9	10	0	1	1	18	0	0	0	3	0	0	0	4	0	32	2	0	2	0	0	0	0	0	8	0	2	15	14	24	7	24	3	24	30.39
SRR6358977	1	6	0	0	0	0	0	21	57	0	4	2	0	0	0	0	0	2	0	0	0	20	0	1	0	0	0	2	0	0	0	0	0	0	0	0	0	0	0	0	0	0	0	0	0	0	1	2	2	0	0	0	2	0	1	0	0	0	1	2	0	0	0	0	0	2	1	1	0	0	0	2	0	0	0	9.02
SRR6358978	6	6	8	8	0	1	59	36	92	0	13	2	0	0	2	0	0	0	0	0	67	27	0	2	87	0	0	4	31	0	0	0	0	24	32	0	0	0	1	0	0	43	40	0	0	1	69	0	1	0	4	0	4	0	2	4	73	0	2	3	0	0	0	0	0	1	3	2	40	46	60	1	61	3	55	61.92
SRR6358979	1	1	0	0	0	0	0	74	180	0	24	2	0	0	2	0	0	0	2	0	0	44	0	1	1	0	0	4	0	0	4	1	4	0	0	0	0	0	2	0	0	1	0	0	9	3	0	0	1	0	4	0	7	0	6	6	0	5	6	4	0	4	0	3	0	6	5	4	0	0	0	2	0	2	0	17.62
SRR6358980	3	4	4	4	0	0	11	56	127	0	12	0	0	0	2	0	0	0	1	0	14	56	0	1	12	0	0	4	7	2	2	2	2	4	0	0	0	0	2	0	0	5	3	0	3	4	16	0	2	0	1	0	2	0	1	2	22	5	1	0	0	0	0	2	0	1	1	4	11	14	16	2	11	2	11	22.05
SRR6358981	3	6	0	0	0	0	0	87	186	0	37	1	0	0	5	0	0	0	0	2	0	49	0	0	0	0	0	5	0	0	3	1	4	0	0	0	0	0	2	0	0	0	0	0	5	3	0	1	0	0	1	0	2	0	2	9	0	6	9	5	2	5	0	3	0	1	6	4	0	0	0	2	0	2	0	17.34
SRR6358982	5	6	0	0	0	0	0	106	232	0	24	1	0	0	4	0	0	0	2	0	0	67	0	3	0	0	0	2	0	3	6	5	9	0	0	0	0	0	3	0	0	0	0	0	3	3	0	0	3	0	1	0	11	0	3	6	0	6	4	6	3	2	0	1	0	8	7	5	0	0	0	12	0	7	0	21
SRR6358983	4	2	22	18	0	5	60	107	205	0	31	1	13	0	0	0	0	0	0	0	50	68	0	6	56	0	0	5	29	0	2	3	2	20	0	0	0	0	1	11	0	59	24	0	3	3	55	1	3	9	1	0	4	0	6	11	71	3	3	4	1	3	0	2	0	3	5	5	50	54	56	2	61	9	31	67.71
SRR6358984	4	5	0	0	0	0	0	90	145	0	25	0	0	0	2	0	0	4	0	0	0	44	0	5	0	0	0	5	0	3	0	0	1	0	0	0	0	0	2	0	0	0	0	0	5	1	0	0	1	0	0	0	6	0	5	8	0	3	8	4	2	1	0	5	0	1	0	6	0	0	0	5	0	7	1	16.4
SRR6358985	6	1	0	0	0	0	2	94	203	0	33	5	0	0	6	0	0	0	0	2	3	69	0	2	0	0	0	9	2	1	2	0	0	1	0	0	0	0	2	0	0	1	4	0	3	5	2	0	2	0	3	0	12	0	0	10	3	15	5	3	2	2	0	1	0	6	5	2	1	2	2	3	0	12	0	21.17
SRR6358986	2	3	38	29	0	0	100	99	213	0	26	0	0	0	4	0	0	0	0	0	105	59	0	3	69	0	22	4	36	7	2	3	7	41	0	0	0	0	3	0	0	69	49	0	7	2	73	0	1	0	2	66	7	0	0	15	71	7	4	1	4	3	0	2	0	4	2	3	66	63	72	5	70	8	84	89.57
SRR6358987	4	2	8	7	0	2	13	108	191	0	23	5	0	0	7	0	0	0	4	0	22	63	0	0	30	0	0	10	5	0	1	1	1	5	0	0	0	0	3	0	0	15	18	0	3	4	16	0	6	0	0	0	6	0	4	9	26	5	3	5	2	3	0	1	0	5	2	3	8	13	21	5	37	3	224	35.08
SRR6358988	4	3	45	36	0	0	69	90	204	0	17	1	0	0	1	0	0	0	4	0	93	47	0	0	72	0	0	7	48	1	6	0	2	34	0	0	0	0	0	0	0	62	26	0	8	2	85	0	2	0	0	0	2	0	5	8	78	4	7	7	2	5	0	3	0	4	4	4	52	70	72	2	72	5	358	80.99
SRR6358989	9	8	0	0	0	0	2	82	174	0	25	2	0	0	5	0	0	0	3	0	0	57	0	2	0	0	0	5	0	1	2	2	5	0	0	0	0	0	3	0	0	0	0	0	3	1	0	1	5	0	2	0	8	0	5	5	1	7	0	4	0	4	0	4	0	10	3	2	1	0	0	11	0	8	0	17.47
SRR6358990	4	2	0	0	0	0	0	105	207	0	30	3	0	0	7	0	0	0	0	0	0	47	0	4	0	0	0	10	0	3	4	1	5	0	0	0	0	0	1	0	0	0	0	0	2	2	0	0	0	0	4	0	13	0	3	6	1	3	7	5	2	1	0	0	0	0	3	2	0	0	0	5	0	4	0	21.24
SRR6358991	3	7	16	14	0	0	33	71	159	1	22	0	0	0	2	0	0	0	1	0	32	36	0	1	17	0	0	4	16	3	2	2	0	14	0	0	8	0	1	0	0	30	30	0	4	3	32	0	1	0	0	0	7	0	1	3	43	2	10	7	4	2	0	0	0	3	7	2	36	46	34	0	48	1	41	43.87
SRR6358992	3	3	33	47	0	0	103	77	160	0	37	1	0	0	3	0	0	0	0	1	113	35	0	8	57	0	0	4	58	1	2	2	7	41	0	0	0	0	0	0	0	81	49	0	2	4	97	0	1	0	5	0	8	0	3	7	101	6	3	0	0	2	0	4	0	0	2	2	81	81	97	2	103	5	83	88.6
SRR6358993	1	4	0	0	0	0	0	59	152	0	22	1	0	0	3	0	0	2	0	0	0	53	0	5	0	0	0	3	0	0	1	1	6	0	0	0	0	0	1	0	0	0	0	0	2	4	0	0	0	0	2	0	4	0	2	6	0	1	0	2	0	2	0	4	0	8	3	3	0	0	0	3	0	4	0	15.81
SRR6358994	4	2	40	41	0	0	72	100	199	0	20	2	0	0	3	0	0	0	0	0	95	44	0	4	103	0	0	4	37	0	2	0	7	42	0	0	0	0	3	0	0	54	43	0	2	4	78	2	4	0	0	0	5	0	4	5	98	4	2	8	2	3	0	2	0	4	7	6	69	63	68	6	86	11	384	79.98
SRR6358995	12	5	0	0	0	0	0	73	164	0	31	0	0	0	5	0	0	1	0	0	0	46	0	4	0	0	0	6	0	3	4	1	2	0	0	0	0	0	1	0	0	0	0	0	3	5	0	0	3	0	3	0	6	0	3	7	0	4	5	4	0	4	0	3	0	2	2	5	0	0	0	8	0	5	0	18.2
SRR6358996	4	8	59	56	0	0	138	74	184	0	20	0	0	0	4	0	0	0	0	0	145	50	0	4	135	0	0	5	66	0	3	1	1	56	0	87	0	0	4	0	7	95	70	0	2	2	154	0	1	0	0	0	6	0	4	5	155	5	4	6	0	2	0	3	0	2	2	4	85	105	91	2	114	3	500	126.24
SRR6358997	4	1	27	16	0	0	59	93	190	0	33	6	0	0	5	0	0	0	2	0	44	38	0	2	37	0	0	4	22	3	1	0	7	14	0	0	0	0	0	0	0	43	21	0	2	2	62	0	4	0	1	0	5	0	7	5	41	2	2	4	0	0	0	0	0	3	5	2	18	21	30	1	42	5	218	50.11
SRR6358998	5	7	2	0	0	0	7	118	233	0	19	1	0	0	6	0	0	0	1	0	15	57	0	0	15	0	0	2	13	4	0	1	5	4	0	0	0	0	2	0	0	15	14	16	4	5	23	0	6	0	4	0	9	0	4	3	25	9	7	6	2	10	0	8	0	6	3	3	9	17	20	6	13	4	9	32.77
SRR6358999	3	3	41	37	0	0	67	94	216	0	25	3	1	0	2	0	0	0	2	0	73	53	0	4	59	9	0	5	30	4	2	2	7	24	0	0	0	0	2	0	0	56	35	0	5	2	57	0	0	0	1	0	5	0	5	7	83	5	5	2	0	5	0	5	0	15	7	3	51	56	80	3	56	3	61	75.03
SRR6359000	3	0	3	3	0	0	4	98	195	0	28	4	0	0	4	0	0	0	2	0	0	64	0	2	0	0	0	7	1	0	2	2	4	1	0	0	0	0	2	0	0	2	1	0	5	2	0	0	2	0	2	0	8	0	8	5	5	6	9	4	1	3	0	3	0	12	3	9	1	1	1	10	3	10	1	21.23
SRR6359001	2	6	0	0	0	0	0	98	213	0	22	7	0	0	4	0	0	0	5	0	1	64	0	9	0	0	0	10	0	1	6	0	6	0	0	0	0	0	0	0	0	0	0	0	3	1	2	0	3	0	6	0	6	0	7	10	2	4	4	2	1	10	0	7	0	6	4	4	1	1	0	2	1	10	0	19.53
SRR6359002	0	4	0	0	0	0	1	74	151	0	16	4	0	0	6	0	0	4	0	0	0	47	0	2	0	0	0	16	0	2	4	1	3	0	0	0	0	0	4	0	0	0	0	0	4	2	0	0	2	0	1	0	2	0	2	6	0	6	8	1	2	5	0	3	0	5	5	1	0	0	0	8	0	4	0	18.26
SRR6359003	8	4	0	0	0	0	0	108	215	0	23	3	0	0	3	0	0	0	1	0	0	40	1	6	0	0	0	7	0	1	0	2	5	1	0	0	0	0	1	0	0	0	0	0	4	2	0	0	2	0	3	0	2	0	8	10	0	12	6	17	2	2	0	1	0	6	2	9	0	0	0	9	0	14	0	19.54
SRR6359004	3	4	0	0	0	0	0	111	230	0	34	1	0	0	4	0	0	0	3	0	1	61	0	7	1	0	0	11	0	2	4	0	4	0	0	0	0	0	2	0	0	2	0	0	4	4	1	0	2	0	0	0	13	0	4	13	0	7	4	5	1	2	0	1	0	7	2	7	0	1	1	6	2	10	2	21.67
SRR6359005	0	2	43	37	0	0	91	101	194	0	24	3	0	0	1	0	0	0	1	0	104	33	0	3	74	0	0	0	44	1	6	1	4	35	0	0	0	0	1	0	4	67	31	0	5	1	68	3	6	0	6	0	7	0	7	5	97	8	5	5	0	1	0	2	0	3	3	5	66	82	109	4	92	7	58	86.34
SRR6359006	2	2	28	35	0	0	62	102	204	0	30	4	0	0	3	2	0	1	0	0	74	40	0	4	49	0	0	5	38	3	0	0	9	26	0	0	0	0	2	0	0	50	51	0	2	3	55	0	0	0	5	0	4	0	7	3	75	7	2	6	2	0	0	2	0	8	6	3	47	53	69	4	99	5	52	72.94
SRR6359007	1	1	33	28	0	0	63	81	161	0	19	0	0	0	5	0	0	0	2	0	66	29	0	2	70	0	0	5	34	0	3	0	2	30	0	0	0	0	0	0	0	44	46	0	0	2	67	0	2	0	3	0	8	0	5	4	83	8	3	4	0	0	0	3	0	3	5	2	44	53	66	12	75	6	59	73.01
SRR6359008	2	3	6	4	0	0	10	121	242	0	32	1	0	0	9	0	0	0	0	2	12	45	0	6	17	0	0	5	6	2	2	0	1	8	0	0	0	0	2	0	0	15	11	0	2	6	12	0	3	0	2	0	4	0	7	11	20	3	4	1	0	3	0	4	0	2	3	2	14	11	12	12	19	5	9	30.7
SRR6359009	4	4	2	3	0	0	1	107	202	0	29	1	0	0	3	0	0	0	0	0	0	65	0	10	0	0	0	3	0	2	2	0	7	0	0	0	0	0	3	0	0	0	0	0	4	1	2	0	4	0	2	0	5	0	1	2	0	5	6	8	0	2	0	2	0	2	9	5	0	0	1	3	0	3	1	20.25
SRR6359010	7	6	9	6	0	0	11	105	246	0	33	2	0	0	8	0	1	2	0	0	18	52	0	7	16	0	0	3	4	5	0	3	6	2	0	0	0	0	1	0	0	9	6	0	4	7	18	0	4	0	8	0	14	0	7	4	7	8	5	5	1	3	0	3	0	7	4	6	10	12	19	8	24	0	12	33.72
SRR6359011	5	2	2	1	0	0	0	78	182	0	23	2	0	0	0	0	0	0	0	0	0	50	0	4	0	0	0	2	0	5	2	1	2	0	0	0	0	0	1	0	0	0	0	0	1	3	0	0	0	0	4	0	6	0	3	5	0	8	4	5	4	2	0	1	0	11	6	3	0	0	0	6	0	9	0	16.69
SRR6359012	2	0	0	0	0	0	0	75	166	0	28	2	0	0	3	0	0	0	4	0	0	42	0	4	0	0	0	5	0	4	0	4	0	0	0	0	0	0	1	0	0	0	1	0	2	3	0	0	3	0	6	0	2	0	3	8	1	1	2	7	1	3	0	3	0	9	1	4	0	0	1	12	1	9	0	17.02
SRR6359013	11	5	40	37	0	0	67	102	230	0	27	5	0	0	3	0	0	0	2	0	98	49	0	8	93	0	0	5	41	4	6	6	5	24	0	0	0	0	3	0	0	61	32	0	5	8	63	0	1	0	2	0	6	0	8	8	89	3	7	8	0	1	0	1	0	5	6	1	53	58	63	12	90	8	64	82.78
SRR6359014	5	5	0	0	0	0	0	131	266	0	43	2	0	0	3	0	0	0	0	5	2	57	0	1	3	0	0	8	0	1	3	2	8	0	0	0	0	0	0	0	0	1	0	0	5	1	0	0	5	0	1	0	3	0	7	10	0	4	5	4	2	3	0	3	0	5	4	7	1	1	1	1	0	6	0	22.19
SRR6359015	4	8	0	0	0	0	0	91	204	0	39	2	0	0	6	0	0	2	0	0	0	47	0	2	0	0	0	4	0	8	0	0	6	0	0	0	0	0	1	0	0	0	0	0	6	3	0	2	4	0	0	0	10	0	6	14	0	7	8	6	4	5	0	3	0	6	9	4	2	0	0	4	0	6	0	20.22
SRR6359016	2	9	0	0	0	0	0	130	243	0	23	2	0	0	4	0	0	0	1	0	0	65	0	8	0	0	0	7	0	4	2	4	4	0	0	0	0	0	0	0	0	0	0	0	5	6	0	0	2	0	4	0	14	0	5	8	0	14	7	5	1	4	0	4	0	11	2	12	0	1	1	7	1	10	0	23.82
SRR6359017	5	6	0	0	0	0	0	72	193	0	19	0	0	0	2	0	0	0	3	0	0	49	0	2	0	0	0	9	0	5	0	2	3	0	0	0	0	0	0	0	0	0	0	0	6	2	0	0	0	0	0	0	1	0	6	3	0	11	2	5	2	2	0	3	0	7	4	4	0	0	0	0	0	7	0	16.94
SRR6359018	4	4	10	10	0	0	17	95	202	0	19	1	0	20	4	0	0	0	4	0	31	52	0	10	18	0	0	8	19	1	5	2	1	9	0	0	0	0	1	0	0	26	20	0	5	2	36	0	1	0	0	0	9	0	0	6	36	4	0	15	1	9	0	8	0	6	7	6	27	35	39	7	40	2	25	44.34
SRR6359019	6	2	1	1	0	0	0	86	187	0	26	1	0	0	5	0	0	0	2	0	0	44	0	1	0	0	0	0	0	2	0	0	4	0	0	0	0	0	1	0	0	0	0	0	3	2	0	0	0	0	4	0	6	0	4	4	1	4	0	11	1	3	0	3	0	4	3	8	0	0	0	5	0	4	0	17.52
